55651.716089958114	750	4.0	1.7282306058808998	450283	1728.23060588	-6.681391605287869	64.858346
55657.99490500912	2850	4.0	2.27881505100472	1431809	6278.815051	-9.048904719320294	90.683379
55661.304742411914	2850	4.690162597209645	0.0	1300868	3309.83740279	2.85	90.483169
55664.35756576925	2850	5.637339239876896	0.0	1520281	3052.82335733	2.85	89.788956
55667.65768790497	2850	6.337217104154017	0.0	1472558	3300.12213572	2.85	85.928154
55670.2137470146	2850	7.781157994522404	0.0	1224260	2556.05910963	2.85	94.229141
55672.799462185976	2850	9.195442823144136	0.0	1388403	2585.71517138	2.85	97.582873
55675.95280955552	2850	10.042095453597252	0.0	1638769	3153.34736955	2.85	97.908255
55678.51839107091	2850	11.476513938212106	0.0	1348011	2565.58151539	2.85	96.808308
55681.58545713694	2850	12.409447872177946	0.0	1429765	3067.06606603	2.85	94.962414
55684.6527869743	2850	13.342118034820919	0.0	1354548	3067.32983736	2.85	95.957675
55688.683441103545	2850	13.311463905577654	0.0	1519951	4030.65412924	2.85	92.483401
55692.53475005551	2850	13.460154953620188	0.0	1422919	3851.30895196	2.85	93.510922
55696.302303315046	2850	13.692601694084647	0.0	1578343	3767.55325954	2.85	91.568178
55699.545312052906	2850	14.449592956221037	0.0	1231445	3243.00873786	2.85	88.830113
55703.97718165136	2850	14.017723357762906	0.0	1471065	4431.86959846	2.85	93.514387
55707.59170338078	2850	14.403201628349121	0.0	1491626	3614.52172941	2.85	94.650033
55710.51237822363	2850	15.48252678549301	0.0	1358801	2920.67484286	2.85	92.142023
55716.93263230231	2850	13.062272706812953	0.0	1537156	6420.25407868	2.85	89.30989
55721.207917561296	2850	12.78698744783461	0.0	1336050	4275.28525898	2.85	93.680429
55724.295123488824	2850	13.699781520304597	0.0	1415116	3087.20592753	2.85	90.785318
55727.765066722844	2850	14.229838286279303	0.0	1468126	3469.94323403	2.85	89.398189
55730.886863022875	2850	15.108041986251632	0.0	1505760	3121.79630003	2.85	85.954529
55733.63229882428	2850	16.362606184851032	0.0	1323990	2745.4358014	2.85	89.320458
55736.47907070325	2850	17.515834305875877	0.0	1383735	2846.77187898	2.85	93.348429
55739.672487444914	2850	18.32241756421203	0.0	1480464	3193.41674166	2.85	97.271626
55744.53725393942	2850	17.45765106970517	0.0	1547572	4864.76649451	2.85	97.509012
55748.00347820205	2850	17.99142680706993	0.0	1141971	3466.22426264	2.85	93.311238
55751.42036372678	2850	18.57454128234597	0.0	1498470	3416.88552472	2.85	96.041687
55755.487564533876	2850	18.50734047525044	0.0	1561263	4067.2008071	2.85	96.863845
55758.97597527296	2850	19.018929736160405	0.0	1341201	3488.41073909	2.85	94.816085
55762.83913365986	2850	19.15577134926567	0.0	1497683	3863.15838689	2.85	92.910185
55769.52459187691	2850	16.47031313220933	0.0	1358081	6685.45821706	2.85	95.193139
55776.783661313515	2850	13.211243695606319	0.0	1587293	7259.0694366	2.85	81.858634
55781.942937534695	2850	12.051967474421847	0.0	1492672	5159.27622118	2.85	99.177905
55785.347724595704	2850	12.647180413417486	0.0	1439896	3404.787061	2.85	97.217465
55788.55185471933	2850	13.443050289798014	0.0	1139291	3204.13012362	2.85	93.825455
55797.34497959279	2850	8.649925416339084	0.0	1499009	8793.12487346	2.85	93.982147
55807.578528412174	2850	4.0	1.5836234030465803	1427478	10233.5488194	-3.959580633100295	90.92969
55813.49773871125	2850	4.0	1.9192102990811546	1402287	5919.21029908	-5.402604286048964	91.34334
55816.104028322865	2850	5.393710388388091	0.0	1339500	2606.28961161	2.85	97.297482
55819.41826982624	2850	6.079468885017894	0.0	1527299	3314.24150337	2.85	92.902955
55822.334659355605	2850	7.163079355654818	0.0	1343002	2916.38952936	2.85	87.659279
55825.549368766326	2850	7.948369944937346	0.0	1587250	3214.70941072	2.85	95.172719
55828.32403693224	2850	9.173701779019643	0.0	1464921	2774.66816592	2.85	96.481395
55831.077914990434	2850	10.419823720825278	0.0	1483527	2753.87805819	2.85	95.602302
55833.57163228927	2850	11.926106421988418	0.0	1231456	2493.71729884	2.85	92.485503
55836.51784788171	2850	12.979890829540842	0.0	1364537	2946.21559245	2.85	97.895096

