4834.713751632416	750	4.0	1.6438931885945212	450283	1643.8931885945212	-6.31874071095644	64.858346
4836.42467636762	750	6.289075264795886	0.0	398865	1710.924735204114	0.75	57.017244
4838.191524025935	750	8.52222760648134	0.0	350812	1766.847658314546	0.75	60.430767
4839.852145135597	750	10.86160649681881	0.0	382355	1660.6211096625318	0.75	55.551349
4845.476061991097	1850	9.237689641320076	0.0	996749	5623.916855498734	0.75	75.455188
4849.087333411364	1850	9.626418221052722	0.0	801058	3611.2714202673533	1.85	86.249306
4853.029375501621	1850	9.684376130796162	0.0	905515	3942.04209025656	1.85	94.086702
4857.19920775787	1850	9.514543874547362	0.0	1060487	4169.832256248799	1.85	90.155937
4860.896447488527	1850	9.81730414388999	0.0	852833	3697.239730657372	1.85	90.218296
4865.49232545706	1850	9.221426175355631	0.0	913888	4595.877968534358	1.85	86.733288
4871.986677233901	1850	6.7270743985157	0.0	939819	6494.351776839931	1.85	89.239922
4875.796182526793	1200	6.9175691056229045	0.0	594078	3809.5052928927967	0.5499999999999999	70.906301
4879.736298427614	1200	6.977453204802056	0.0	624282	3940.115900820849	1.2	73.534048
4884.262073202904	1200	6.451678429513455	0.0	687371	4525.774775288601	1.2	70.998108
4889.033208298842	1200	5.680543333575087	0.0	526950	4771.135095938368	1.2	67.735752
4892.118054115033	750	6.595697517382872	0.0	366214	3084.845816192214	0.3	58.858709
4895.516585420208	750	7.197166212208591	0.0	360831	3398.5313051742814	0.75	60.531124
4899.340697470441	750	7.3730541619756185	0.0	372963	3824.112050232972	0.75	69.564049
4901.6956505148355	750	9.01810111758151	0.0	405596	2354.9530443941067	0.75	60.564875
4903.695650020507	750	11.018101611910284	0.0	350713	1999.9995056712273	0.75	67.172129
4905.317004181263	750	13.396747451154278	0.0	386472	1621.3541607560062	0.75	62.777649
4906.750597646019	750	15.963153986398787	0.0	399894	1433.593464755491	0.75	55.443233
4907.969977259563	750	18.7437743728536	0.0	401853	1219.3796135451892	0.75	47.960406
4909.7527303041525	1200	20.961021328264277	0.0	536667	1782.7530445893237	0.75	68.420849
4916.474969906082	1850	18.238781726334956	0.0	897976	6722.239601929318	1.2000000000000002	86.994267
4921.013361592681	1850	17.70039003973704	0.0	905935	4538.3916865979145	1.85	89.133614
4925.145104879951	1850	17.568646752466073	0.0	1076599	4131.743287270969	1.85	90.791041
4927.730477519018	1850	18.983274113399506	0.0	758197	2585.3726390665643	1.85	87.50057
4931.807471299287	1850	18.90628033313024	0.0	972798	4076.9937802692657	1.85	88.832031
4935.547750088049	1850	19.16600154436798	0.0	975811	3740.2787887622612	1.85	89.334885
4938.959431340829	1850	19.754320291588325	0.0	873429	3411.681252779654	1.85	87.120667
4943.448314895985	2850	19.265436736430946	0.0	1497683	4488.883555157379	1.85	92.910185
4947.62452031226	2850	19.089231320156454	0.0	1358081	4176.205416274495	2.85	95.193139
4952.466606097853	2850	18.24714553456248	0.0	1587293	4842.085785593973	2.85	81.858634
4957.231875853518	2850	17.48187577889803	0.0	1492672	4765.269755664452	2.85	99.177905
4963.87712880318	2850	14.836622829235303	0.0	1439896	6645.252949662727	2.85	97.217465
4972.54267351148	2850	10.171078120935908	0.0	1139291	8665.544708299394	2.85	93.825455
4985.8328017581625	1200	4.0	3.1190501257464622	575591	13290.12824668237	-13.861915540709788	77.292461
4991.501376188874	300	4.0	1.668574430711483	144254	5668.574430711483	-7.774870052059377	12.774971
4997.776033879764	300	4.0	2.2746576908897005	149991	6274.6576908897005	-9.481028070825712	17.21265
5004.134026948719	300	4.0	2.3579930689549036	147968	6357.993068954904	-9.839370196506085	5.263918
5011.040623494557	300	4.0	2.906596545837695	161857	6906.596545837695	-12.198365147102088	26.901789
5016.886350716748	300	4.0	1.8457272221915881	145210	5845.727222191588	-7.636627055423829	23.926655
5023.763325392156	300	4.0	2.8769746754071703	172312	6876.97467540717	-12.070991104250831	26.146503
5029.645910215281	300	4.0	1.8825848231246183	167025	5882.584823124618	-7.795114739435859	26.908827
5035.879839662935	300	4.0	2.233929447654413	160064	6233.929447654413	-9.305896624913974	27.591437
5041.550227060771	300	4.0	1.6703873978357033	137507	5670.387397835703	-6.882665810693524	25.36694
5046.3910380854895	300	4.0	0.8408110247179711	118421	4840.811024717971	-3.315487406287276	36.062877

