22035.632360140247	750	4.0	3.9127276647253035	450283	3912.72766473	-16.074728958318804	64.858346
22045.358658931837	2850	4.0	5.726298791586998	1431809	9726.29879159	-23.87308480382409	90.683379
22058.914008803447	2850	4.0	9.555349871609392	1300868	13555.3498716	-38.23800444792038	90.483169
22067.80822814919	2850	4.0	4.894219345743255	1520281	8894.21934574	-18.195143186695994	89.788956
22076.265629790818	2850	4.0	4.457401641627698	1472558	8457.40164163	-16.3168270589991	85.928154
22087.016572065942	2850	4.0	6.7509422751251655	1224260	10750.9422751	-26.179051783038208	94.229141
22103.282175062956	2850	4.0	12.265602997013675	1388403	16265.602997	-49.892092887158796	97.582873
22117.560593449256	2850	4.0	10.27841838630107	1638769	14278.4183863	-41.3471990610946	97.908255
22141.62407598124	2850	4.0	20.063482531984995	1348011	24063.482532	-83.42297488753547	96.808308
22172.20649585999	2850	4.0	26.582419878751704	1429765	30582.4198788	-111.45440547863232	94.962414
22187.073442455196	2850	4.0	10.86694659520328	1354548	14866.9465952	-43.87787035937411	95.957675
22225.631518308863	2850	4.0	34.55807585366654	1519951	38558.0758537	-145.7497261707661	92.483401
22242.799268799947	2850	4.0	13.167750491083574	1422919	17167.7504911	-53.77132711165936	93.510922
22252.942446027377	2850	4.0	6.143177227430684	1578343	10143.1772274	-23.565662077951938	91.568178
22260.306980333095	2850	4.0	3.3645343057170947	1231445	7364.53430572	-11.617497514583507	88.830113
22268.52523239963	2850	4.0	4.218252066534223	1471065	8218.25206653	-15.28848388609716	93.514387
22276.560108921487	2850	4.0	4.034876521859548	1491626	8034.87652186	-14.499969043996055	94.650033
22288.07010493854	2850	4.0	7.509996017053043	1358801	11509.9960171	-29.442982873328077	92.142023
22296.563368073024	2850	4.0	4.493263134483961	1537156	8493.26313448	-16.471031478281027	89.30989
22305.46542850864	2850	4.0	4.902060435617326	1336050	8902.06043562	-18.228859873154498	93.680429
22313.39428031336	2850	4.0	3.9288518047229455	1415116	7928.85180472	-14.044062760308664	90.785318
22322.902863306837	2850	4.0	5.508582993479035	1468126	9508.58299348	-20.836906871959847	89.398189
22332.100818980547	2850	4.0	5.197955673707902	1505760	9197.95567371	-19.501209396943977	85.954529
22343.835819849166	2850	4.0	7.735000868616653	1323990	11735.0008686	-30.410503735051606	89.320458
22355.56319478529	2850	4.0	7.727374936122567	1383735	11727.3749361	-30.377712225327038	93.348429
22365.919035711628	2850	4.0	6.355840926338045	1480464	10355.8409263	-24.48011598325359	97.271626
22379.925130787466	2850	4.0	10.006095075836953	1547572	14006.0950758	-40.17620882609889	97.509012
22386.592246428947	2850	4.0	2.6671156414818253	1141971	6667.11564148	-8.61859725837185	93.311238
22395.375350931914	2850	4.0	4.783104502964459	1498470	8783.10450296	-17.71734936274717	96.041687
22411.139525023482	2850	4.0	11.764174091569785	1561263	15764.1740916	-47.735948593750074	96.863845
22425.30005392149	2850	4.0	10.160528898006687	1341201	14160.528898	-40.84027426142875	94.816085
22438.725902610473	2850	4.0	9.425848688981784	1497683	13425.848689	-37.68114936262167	92.910185
22467.054829752855	2850	4.0	24.328927142383225	1358081	28328.9271424	-101.76438671224787	95.193139
22493.93189953181	2850	4.0	22.877069778955068	1587293	26877.069779	-95.5214000495068	81.858634
22522.955637194533	2850	4.0	25.023737662720162	1492672	29023.7376627	-104.7520719496967	99.177905
22554.884752078317	2850	4.0	27.92911488378252	1439896	31929.1148838	-117.24519400026485	97.217465
22562.359010123288	2850	4.0	3.474258044971098	1139291	7474.25804497	-12.08930959337572	93.825455
22572.29025751305	2850	4.0	5.9312473897624205	1499009	9931.24738976	-22.654363775978407	93.982147
22580.571485299537	2850	4.0	4.281227786487298	1427478	8281.22778649	-15.559279481895379	90.92969
22587.99261188681	2850	4.0	3.421126587270859	1402287	7421.12658727	-11.860844325264694	91.34334
22595.650530591825	2850	4.0	3.657918705015735	1339500	7657.91870502	-12.879050431567661	97.297482
22607.826057747607	2850	4.0	8.17552715578082	1527299	12175.5271558	-32.30476676985752	92.902955
22615.231980101322	2850	4.0	3.4059223537153214	1343002	7405.92235372	-11.795466120975881	87.659279
22625.749839334523	2850	4.0	6.517859233202202	1587250	10517.8592332	-25.176794702769467	95.172719
22634.255545263495	2850	4.0	4.505705928972136	1464921	8505.70592897	-16.524535494580185	96.481395
22643.153749962854	2850	4.0	4.8982046993602255	1483527	8898.20469936	-18.212280207248966	95.602302
22651.739565631775	2850	4.0	4.585815668918534	1231456	8585.81566892	-16.869007376349693	92.485503
22663.940888294277	2850	4.0	8.201322662501445	1364537	12201.3226625	-32.41568744875621	97.895096

