368.16889093459196	750	4.0	1.8710689380755445	450283	1871.0689380755446	-1.612153242550761	64.858346
370.4512684676849	1200	5.717622466907082	0.0	611087	2282.3775330929175	57.97033059622316	69.839987
372.01799325196	1200	8.150897682631955	0.0	571051	1566.724784275127	60.77622417883262	73.587374
374.4451374322854	1850	9.723753502306574	0.0	933276	2427.1441803253824	65.80580334984123	78.955826
378.78636927365636	2850	9.382521660935614	0.0	1472558	4341.231841370961	72.18858503636858	85.928154
383.0559971837122	1850	9.112893750879751	0.0	801058	4269.627910055862	70.47870772988122	86.249306
384.9325099946144	1200	11.236380939977542	0.0	561791	1876.5128109022098	73.73588534977478	89.177904
388.19730943156503	1850	11.971581503026894	0.0	1060487	3264.799436950649	73.98296967737969	90.155937
390.41967838332477	1850	13.749212551267213	0.0	852833	2222.3689517596795	73.76293677284315	90.218296
393.1766557403214	1850	14.992235194270586	0.0	913888	2756.977356996627	67.09530890568334	86.733288
396.49246420098314	1850	15.676426733608862	0.0	939819	3315.8084606617253	73.66267519085076	89.239922
399.40801146489093	1850	16.760879469701095	0.0	917428	2915.547263907766	59.489158180343004	82.202545
401.91853339103443	1850	18.250357543557598	0.0	946851	2510.5219261434977	68.58980497651146	83.629776
405.34669379253046	1850	18.822197142061572	0.0	1036454	3428.1604014960226	62.909657170689236	80.875505
408.1996029608614	1850	19.969287973730612	0.0	821631	2852.9091683309593	61.28988207838268	78.494849
411.61916551757645	1850	20.54972541701558	0.0	923170	3419.5625567150355	69.80945114237906	83.7301
415.5679819651612	1850	20.600908969430787	0.0	966699	3948.816447584791	71.10700694933738	86.226021
419.5242327555567	1850	20.644658179035307	0.0	885714	3956.2507903954793	68.51753380735349	85.258591
423.60511523988134	1850	20.563775694710714	0.0	987708	4080.882484324597	59.5019982027586	79.995224
429.8848736935333	1850	18.284017241058745	0.0	923755	6279.758453651969	72.3774923683489	86.363677
435.38124327373185	1200	16.78764766086022	0.0	601738	5496.369580198524	47.34137688208414	74.235946
439.02447031749057	1200	17.144420617101513	0.0	616206	3643.227043758707	49.32801204213999	68.532883
447.60587818889655	1200	12.563012745695515	0.0	656471	8581.407871406	45.69259308258809	63.455907
450.5209091069007	750	13.647981827691346	0.0	343800	2915.0309180041686	35.8070729127465	55.451197
453.2857584712168	750	14.883132463375267	0.0	359903	2764.849364316079	57.277353060696605	66.786337
457.0121411496648	750	15.156749784927312	0.0	379700	3726.382678447955	53.69031629537219	66.676537
460.5829298822976	750	15.585961052294486	0.0	425781	3570.7887326328255	51.87874368281537	65.665965
462.9984746844272	750	17.170416250164887	0.0	277716	2415.5448021296006	55.88863627581473	68.231907
466.16095250400355	750	18.00793843058853	0.0	400396	3162.4778195763524	56.69205323288801	69.601487
470.5695648210237	750	17.599326113568424	0.0	400508	4408.612317020109	52.88789921294314	67.821489
473.6639129814145	750	18.504977953177576	0.0	358218	3094.3481603908467	48.99180250230414	64.789531
478.7034820203214	750	17.465408914270686	0.0	400322	5039.569038906886	44.31426861062449	60.651768
482.7302750697914	750	17.438615864800695	0.0	369834	4026.7930494699885	57.54006651746116	68.369339
488.21438900033405	1200	15.954501934258031	0.0	670129	5484.113930542667	43.639332434497476	62.28877
491.3050688928829	750	16.863822041709206	0.0	401088	3090.6798925488247	58.822186338307795	69.915275
496.0941089032025	1200	16.074782031389642	0.0	598727	4789.040010319565	65.53488519734074	77.763467
499.9523013064159	1200	16.21658962817619	0.0	487812	3858.192403213448	63.29163035592236	77.846693
504.64446621817893	1200	15.524424716413202	0.0	575591	4692.1649117629895	62.20941215869677	77.292461
509.40182283578434	1200	14.767068098807778	0.0	605884	4757.356617605425	56.519254990333565	74.001829
514.0776573610785	1200	14.091233573513584	0.0	587506	4675.8345252941945	57.88246197348263	72.886388
517.3951160270934	750	14.773774907498737	0.0	345516	3317.4586660148466	66.73313750009174	79.583372
524.0652558791526	1200	12.103635055439522	0.0	641452	6670.139852059215	57.34071953352638	75.706383
528.7579352839659	1200	11.410955650626226	0.0	599477	4692.679404813293	53.129647516624864	71.343181
531.3813813926321	750	12.787509541960063	0.0	438281	2623.446108666165	40.55799003037691	62.327504
536.0022403608133	1200	12.166650573778755	0.0	630203	4620.858968181306	67.77573493369582	77.745919
538.8802514325938	750	13.288639501998253	0.0	393804	2878.0110717805046	34.75283370783322	62.845425
543.2483550657072	1200	12.920535868884842	0.0	538612	4368.103633113409	63.91782743622792	74.51099
547.3637369153854	1200	12.805154019206672	0.0	550906	4115.381849678172	74.01446138471348	86.366143

