33535.05013598836	750	4.0	0.848125509873515	450283	848.125509874	-2.8969396924561144	64.858346
33537.80732854766	2850	5.242807440702372	0.0	1431809	2757.1925593	0.75	90.683379
33540.35779331916	2850	6.692342669195929	0.0	1300868	2550.46477151	2.85	90.483169
33543.353357872074	2850	7.696778116281734	0.0	1520281	2995.56455291	2.85	89.788956
33546.15526697574	2850	8.89486901262244	0.0	1472558	2801.90910366	2.85	85.928154
33548.50525128308	2850	10.544884705272407	0.0	1224260	2349.98430735	2.85	94.229141
33551.05875613279	2850	11.991379855565729	0.0	1388403	2553.50484971	2.85	97.582873
33554.06282956145	2850	12.987306426906054	0.0	1638769	3004.07342866	2.85	97.908255
33556.59086674563	2850	14.459269242727194	0.0	1348011	2528.03718418	2.85	96.808308
33559.36086012609	2850	15.689275862262985	0.0	1429765	2769.99338046	2.85	94.962414
33561.979120022144	2850	17.071015966206286	0.0	1354548	2618.25989606	2.85	95.957675
33565.225074343456	2850	17.825061644893697	0.0	1519951	3245.95432131	2.85	92.483401
33567.847364428206	2850	19.202771560141045	0.0	1422919	2622.29008475	2.85	93.510922
33570.607009623556	2850	20.443126364788135	0.0	1578343	2759.64519535	2.85	91.568178
33573.11310742207	2850	21.937028566277043	0.0	1231445	2506.09779851	2.85	88.830113
33576.06838282132	2850	22.98175316702498	0.0	1471065	2955.27539925	2.85	93.514387
33578.77754155205	2850	24.27259443629485	0.0	1491626	2709.15873073	2.85	94.650033
33581.47311400448	2850	25.577021983859943	0.0	1358801	2695.57245243	2.85	92.142023
33584.617245421025	2850	26.432890567323746	0.0	1537156	3144.13141654	2.85	89.30989
33587.430028060495	2850	27.620107927849705	0.0	1336050	2812.78263947	2.85	93.680429
33590.0006924799	2850	29.049443508445776	0.0	1415116	2570.6644194	2.85	90.785318
33592.86480626808	2850	30.18532972026306	0.0	1468126	2864.11378818	2.85	89.398189
33595.60387948564	2850	31.446256502696606	0.0	1505760	2739.07321757	2.85	85.954529
33598.12596075385	2850	32.924175234486725	0.0	1323990	2522.08126821	2.85	89.320458
33600.716279096254	2850	34.333856892082	0.0	1383735	2590.3183424	2.85	93.348429
33603.418334062015	2850	35.6318019263179	0.0	1480464	2702.05496576	2.85	97.271626
33606.1113344863	2850	36.93880150204004	0.0	1547572	2693.00042428	2.85	97.509012
33608.20492736268	2850	38.845208625658096	0.0	1141971	2093.59287638	2.85	93.311238
33611.158833139554	2850	39.8913028487867	0.0	1498470	2953.90577687	2.85	96.041687
33614.25345331034	2850	40.79668267799994	0.0	1561263	3094.62017079	2.85	96.863845
33616.8992029447	2850	42.15093304364021	0.0	1341201	2645.74963436	2.85	94.816085
33619.9615086758	2850	43.088627312541846	0.0	1497683	3062.3057311	2.85	92.910185
33622.59997668392	2850	44.45015930441985	0.0	1358081	2638.46800812	2.85	95.193139
33625.56039259601	2850	45.48974339233401	0.0	1587293	2960.41591209	2.85	81.858634
33628.275121199345	2850	46.775014788990426	0.0	1492672	2714.72860334	2.85	99.177905
33630.89768408244	2850	48.15245190589537	0.0	1439896	2622.5628831	2.85	97.217465
33632.94275454313	2850	50.10738144520457	0.0	1139291	2045.07046069	2.85	93.825455
33636.07991991588	2850	50.97021607246377	0.0	1499009	3137.16537274	2.85	93.982147
33638.606641481674	2850	52.4434945066678	0.0	1427478	2526.7215658	2.85	90.92969
33641.22074006639	2850	53.82939592195271	0.0	1402287	2614.09858472	2.85	91.34334
33643.84501810067	2850	55.205117887666134	0.0	1339500	2624.27803429	2.85	97.297482
33646.64623102787	2850	56.40390496046846	0.0	1527299	2801.2129272	2.85	92.902955
33649.36831338773	2850	57.68182260061396	0.0	1343002	2722.08235985	2.85	87.659279
33652.38502884981	2850	58.665107138533536	0.0	1587250	3016.71546208	2.85	95.172719
33655.219627046725	2850	59.83050894161728	0.0	1464921	2834.59819692	2.85	96.481395
33658.21825971371	2850	59.50000089235378	0.0	1483527	2830.50804926	2.85	95.602302
33660.76976197066	2850	59.743312096586564	0.0	1231456	2256.6887957672184	2.85	92.485503
33663.586478212404	2850	59.72736067290901	0.0	1364537	2515.951423677556	2.85	97.895096

