6022.767633621093	750	4.0	2.572266498290951	450283	2572.266498290951	-21.803777518900695	64.858346
6024.911752600164	750	5.855881020930088	0.0	398865	2144.1189790699123	37.30694774282116	57.017244
6031.685541674657	750	4.0	0.9179080535625963	350812	6773.789074492684	23.10239636837336	60.430767
6034.274415076159	300	5.4111265984976855	0.0	155432	2588.873401502315	-28.62572881724505	19.997309
6037.196679239878	300	6.488862434777878	0.0	163442	2922.2641637198076	8.322067973538104	16.877619
6043.294454198496	750	4.391087476159526	0.0	318564	6097.774958618352	64.42063296283115	62.986308
6046.488745348341	300	5.196796326314775	0.0	153295	3194.291149844751	11.19796765968998	42.291519
6049.6877008997935	300	5.997840774861855	0.0	173849	3198.95555145292	20.10461217328575	35.451274
6052.893178801494	300	6.792362873160826	0.0	150710	3205.4779017010287	14.094724445226447	28.497356
6056.09876405216	300	7.586777622495692	0.0	139105	3205.585250665133	8.428788135904757	21.660501
6058.71719516947	300	8.968346505185837	0.0	141840	2618.431117309855	-21.48851944385787	2.177717
6060.837004628216	300	10.848537046440297	0.0	156148	2119.8094587455403	18.935846683464327	19.431299
6065.720436098693	750	9.965105575962363	0.0	386351	4883.431470477933	59.50603423254213	59.358241
6070.4401499958585	750	9.245391678797382	0.0	434409	4719.71389716498	42.523882025230556	56.692976
6073.097368805369	750	10.588172869286657	0.0	337059	2657.218809510727	41.66792139000558	54.76216
6074.857713535509	750	12.827828139146677	0.0	366214	1760.3447301399794	48.406541934633836	58.858709
6078.014607926095	1200	13.670933748560904	0.0	617242	3156.894390585775	66.42441517232223	75.662786
6080.561833000598	1200	15.123708674057452	0.0	581493	2547.2250745034507	65.39510155551699	79.137254
6090.269266639502	1200	9.416275035153093	0.0	639204	9707.433638904358	50.743888071584934	72.000653
6094.911334752143	750	8.774206922512658	0.0	350713	4642.068112640436	49.10347287348152	67.172129
6102.913198290813	750	4.772343383842847	0.0	386472	8001.8635386698115	45.8423031210838	62.777649
6109.977219224422	750	4.0	2.2916775497669706	399894	7064.020933609817	-29.479439078194183	55.443233
6112.3352501891695	300	5.641969035252605	0.0	163927	2358.0309647473946	-29.36203761087242	16.837774
6116.825524596147	750	5.151694628274866	0.0	343800	4490.274406977739	55.805763065674086	55.451197
6120.819534546566	750	5.157684677857078	0.0	359903	3994.0099504177874	57.277353060696605	66.786337
6123.928156990571	750	6.049062233851783	0.0	379700	3108.6224440052947	53.69031629537219	66.676537
6127.875976695994	750	6.101242528428898	0.0	425781	3947.8197054228845	51.87874368281537	65.665965
6132.740917364791	750	5.2363018596319	0.0	277716	4864.940668796999	55.88863627581473	68.231907
6134.660069441408	300	7.317149783015297	0.0	153605	1919.1520766166036	-21.14466441143817	28.256686
6136.197541960781	300	9.779677263642709	0.0	149029	1537.472519372588	11.9361771276123	23.365013
6138.895198497349	750	11.082020727073536	0.0	358218	2697.656536569173	64.55203476489967	64.789531
6144.562560886057	750	9.414658338365921	0.0	400322	5667.362388707614	44.31426861062449	60.651768
6147.29904669276	750	10.67817253166225	0.0	369834	2736.485806703671	57.54006651746116	68.369339
6151.706876410206	1200	10.270342814216733	0.0	670129	4407.829717445518	43.639332434497476	62.28877
6154.428947803686	750	11.548271420736208	0.0	401088	2722.0713934805244	58.822186338307795	69.915275
6158.6529123564205	1200	11.324306868001939	0.0	598727	4223.96455273427	65.53488519734074	77.763467
6162.1216089718855	1200	11.855610252536968	0.0	487812	3468.6966154649717	63.29163035592236	77.846693
6165.309099717864	1200	12.668119506558494	0.0	575591	3187.490745978473	62.20941215869677	77.292461
6168.863985421689	1200	13.11323380273348	0.0	605884	3554.8857038250144	56.519254990333565	74.001829
6173.004468043911	1200	12.972751180511313	0.0	587506	4140.482622222168	57.88246197348263	72.886388
6176.054215103492	750	13.92300412093015	0.0	345516	3049.747059581163	66.73313750009174	79.583372
6188.226802352143	1200	5.750416872279928	0.0	641452	12172.587248650223	57.34071953352638	75.706383
6194.3889515108895	750	4.0	0.4117322864672687	372093	6162.149158747196	17.494006507400883	58.879512
6197.181242897826	300	5.207708613063092	0.0	172312	2792.2913869369077	-15.247801967039017	26.146503
6198.884447126029	300	7.504504384860562	0.0	167025	1703.2042282025307	20.354647499322645	26.908827
6202.516464475475	750	7.872487035414564	0.0	393804	3632.017349445998	61.270325171427885	62.845425
6205.365662827103	750	9.02328868378722	0.0	331053	2849.1983516273444	46.42725130719397	60.678126
6211.556400899709	750	6.832550611180133	0.0	314107	6190.738072607087	65.36453832212788	75.210559

