73897.96701782238	750	4.0	6.6911010369313795	450283	6691.10103693	-28.021734458804932	64.858346
73912.33556555014	2850	4.0	10.368547727764614	1431809	14368.5477278	-43.83475522938784	90.683379
73947.73668582362	2850	4.0	31.40112027349321	1300868	35401.1202735	-132.1748171760208	90.483169
73969.0190563697	2850	4.0	17.28237054607188	1520281	21282.3705461	-71.46419334810909	89.788956
73978.45708585344	2850	4.0	5.438029483754066	1472558	9438.02948375	-20.533526780142484	85.928154
73986.11643450163	2850	4.0	3.6593486481853397	1224260	7659.34864819	-12.88519918719696	94.229141
73994.0034791614	2850	4.0	3.887044659760214	1388403	7887.04465976	-13.864292036968921	97.582873
74002.51750787019	2850	4.0	4.51402870878841	1638769	8514.02870879	-16.56032344779016	97.908255
74011.72516343996	2850	4.0	5.20765556977276	1348011	9207.65556977	-19.542918950022862	96.808308
74021.79216039696	2850	4.0	6.066996957006071	1429765	10066.996957	-23.238086915126104	94.962414
74029.97704052256	2850	4.0	4.18488012560023	1354548	8184.8801256	-15.144984540080989	95.957675
74038.89038288622	2850	4.0	4.913342363672	1519951	8913.34236367	-18.277372163789597	92.483401
74048.38748456346	2850	4.0	5.497101677222357	1422919	9497.10167722	-20.787537212056133	93.510922
74057.72746865868	2850	4.0	5.339984095216238	1578343	9339.98409522	-20.11193160942982	91.568178
74067.71183782477	2850	4.0	5.984369166088871	1231445	9984.36916609	-22.882787414182143	88.830113
74077.79183506848	2850	4.0	6.07999724372446	1471065	10079.9972437	-23.293988148015174	93.514387
74089.15233299411	2850	4.0	7.360497925636108	1491626	11360.4979256	-28.80014108023526	94.650033
74099.78714008794	2850	4.0	6.6348070938122	1358801	10634.8070938	-25.679670503392458	92.142023
74109.95892466904	2850	4.0	6.171784581112133	1537156	10171.7845811	-23.68867369878217	89.30989
74117.32059058329	2850	4.0	3.3616659142475984	1336050	7361.66591425	-11.605163431264673	93.680429
74140.68989580765	2850	4.0	19.36930522435966	1415116	23369.3052244	-80.43801246474654	90.785318
74149.15841769817	2850	4.0	4.468521890518809	1468126	8468.52189052	-16.364644129230875	89.398189
74157.08368761187	2850	4.0	3.9252699136835307	1505760	7925.26991368	-14.028660628839182	85.954529
74162.691924634	2850	4.0	1.6082370221313194	1323990	5608.23702213	-4.065419195164672	89.320458
74168.72632221822	2850	4.0	2.034397584235777	1383735	6034.39758424	-5.897909612213841	93.348429
74177.30618913933	2850	4.0	4.57986692111392	1480464	8579.86692111	-16.843427760789854	97.271626
74187.07242569406	2850	4.0	5.766236554720817	1547572	9766.23655472	-21.94481718529951	97.509012
74205.09545184698	2850	4.0	14.023026152926676	1141971	18023.0261529	-57.4490124575847	93.311238
74223.76569211419	2850	4.0	14.670240267198936	1498470	18670.2402672	-60.23203314895542	96.041687
74261.76522985958	2850	4.0	33.99953774538561	1561263	37999.5377454	-143.3480123051581	96.863845
74276.26725766338	2850	4.0	10.50202780380869	1341201	14502.0278038	-42.30871955637737	94.816085
74285.89635777431	2850	4.0	5.629100110940249	1497683	9629.10011094	-21.35513047704307	92.910185
74294.02528391473	2850	4.0	4.128926140416077	1358081	8128.92614042	-14.90438240378913	95.193139
74302.59377095457	2850	4.0	4.568487039828393	1587293	8568.48703983	-16.79449427126209	81.858634
74310.94675457923	2850	4.0	4.3529836246674005	1492672	8352.98362467	-15.867829586069822	99.177905
74322.4596681314	2850	4.0	7.512913552166241	1439896	11512.9135522	-29.45552827431483	97.217465
74328.73913686817	2850	4.0	2.279468736773755	1139291	6279.46873677	-6.951715568127145	93.825455
74338.57871751199	2850	4.0	5.839580643836596	1499009	9839.58064384	-22.260196768497362	93.982147
74346.58823766401	2850	4.0	4.0095201520120485	1427478	8009.52015201	-14.390936653651808	90.92969
74355.686855466	2850	4.0	5.098617801996366	1402287	9098.617802	-19.074056548584373	91.34334
74363.70337290553	2850	4.0	4.016517439519693	1339500	8016.51743952	-14.421024989934681	97.297482
74375.56465345625	2850	4.0	7.861280550738668	1527299	11861.2805507	-30.95350636817627	92.902955
74384.93277894595	2850	4.0	5.368125489693075	1343002	9368.12548969	-20.23293960568022	87.659279
74396.51094514782	2850	4.0	7.578166201874224	1587250	11578.1662019	-29.73611466805916	95.172719
74410.22570958901	2850	4.0	9.714764441169907	1464921	13714.7644412	-38.923487097030595	96.481395
74417.18216951008	2850	4.0	2.9564599210834706	1483527	6956.45992108	-9.862777660658923	95.602302
74426.43480477307	2850	4.0	5.252635262990558	1231456	9252.63526299	-19.736331630859397	92.485503
74448.84677619256	2850	4.0	18.411971419486864	1364537	22411.9714195	-76.32147710379351	97.895096

