12082.809166186697	750	4.0	7.862962959107444	450283	7862.962959107444	-33.06074072416201	64.858346
12084.374495305552	300	6.434670881144126	0.0	155580	1565.3291188558746	-0.15000000000000002	18.412623
12085.777269320784	300	9.03189686591194	0.0	139857	1402.7740152321862	0.3	17.596212
12092.106920355158	1200	6.702245831538366	0.0	617681	6329.6510343735745	0.29999999999999993	69.474665
12095.749599825922	300	7.059566360774201	0.0	163442	3642.6794707641648	-0.6000000000000001	16.877619
12099.530348027449	750	7.278818159246974	0.0	318564	3780.748201527227	0.3	62.986308
12102.249998616437	750	8.559167570258708	0.0	352642	2719.6505889882656	0.75	81.00828
12106.882535205143	750	7.926630981552724	0.0	437162	4632.536588705985	0.75	69.475262
12110.889945172981	750	7.919221013714405	0.0	374758	4007.4099678383186	0.75	70.789292
12114.863037033721	750	7.946129152972934	0.0	362795	3973.0918607414706	0.75	64.786022
12116.629144521965	750	10.180021664729203	0.0	353220	1766.1074882437301	0.75	70.008689
12120.834260349739	1200	9.974905836955292	0.0	594078	4205.1158277739105	0.75	70.906301
12125.446408604865	1200	9.36275758183061	0.0	624282	4612.148255124684	1.2	73.534048
12129.61179596761	1200	9.197370219084169	0.0	687371	4165.387362746443	1.2	70.998108
12131.807198862205	1200	11.001967324490064	0.0	526950	2195.402894594105	1.2	67.735752
12135.944436345535	1850	10.86472984116013	0.0	923170	4137.237483329933	1.2000000000000002	83.7301
12138.463450397172	1200	12.345715789523304	0.0	617242	2519.014051636828	0.5499999999999999	75.662786
12141.93868076115	1850	12.870485425545244	0.0	885714	3475.2303639780594	1.2000000000000002	85.258591
12147.124901539022	1850	11.684264647673093	0.0	987708	5186.220777872151	1.85	79.995224
12152.587100139446	1850	10.222066047249038	0.0	923755	5462.198600424055	1.85	86.363677
12155.832620758636	1200	10.97654542806053	0.0	601738	3245.5206191885077	0.5499999999999999	74.235946
12162.166486601134	1200	8.642679585561552	0.0	616206	6333.865842498978	1.2	68.532883
12168.532369184873	750	6.2767970018231125	0.0	401853	6365.88258373844	0.3	47.960406
12170.83950181966	300	7.969664367035509	0.0	137654	2307.1326347876034	-0.15000000000000002	6.466535
12175.716264948878	750	7.092901237818696	0.0	359903	4876.763129216814	0.3	66.786337
12179.833316107866	750	6.975850078832071	0.0	379700	4117.051158986625	0.75	66.676537
12181.233551740788	300	9.575614445910205	0.0	181901	1400.2356329218653	-0.15000000000000002	27.469573
12184.012378782309	1200	10.796787404389852	0.0	487160	2778.8270415203538	0.29999999999999993	80.893459
12186.388102002267	1200	12.42106418443126	0.0	622896	2375.7232199585906	1.2	80.053124
12191.70332262058	1850	11.105843566117917	0.0	975811	5315.220618313343	1.2000000000000002	89.334885
12197.809969671489	1850	8.99919651520844	0.0	873429	6106.647050909476	1.85	87.120667
12201.55499992531	750	9.254166261386297	0.0	400322	3745.030253822145	-0.3500000000000001	60.651768
12205.258558421974	1200	9.550607764723784	0.0	584349	3703.5584966625142	0.75	79.771897
12210.169354333848	1200	8.639811852851157	0.0	670129	4910.795911872627	1.2	62.28877
12213.710088519649	750	9.099077667048872	0.0	401088	3540.734185802284	0.3	69.915275
12217.994201827882	1200	8.81496435881688	0.0	598727	4284.113308231992	0.75	77.763467
12220.59922306917	750	10.209943117528205	0.0	321064	2605.021241288675	0.3	67.040505
12224.85346252308	1200	9.955703663618937	0.0	575591	4254.2394539092675	0.75	77.292461
12229.672326571737	1200	9.136839614963321	0.0	605884	4818.864048655616	1.2	74.001829
12236.039841637477	1200	6.769324549221615	0.0	587506	6367.515065741706	1.2	72.886388
12236.914196144246	300	9.894970042452657	0.0	147968	874.3545067689581	-0.6000000000000001	5.263918
12240.09390983952	1200	10.715256347180754	0.0	641452	3179.7136952719025	0.29999999999999993	75.706383
12242.948593816995	1200	11.86057236970493	0.0	599477	2854.6839774758237	1.2	71.343181
12248.586927187927	1850	10.222238998772486	0.0	973972	5638.333370932443	1.2000000000000002	84.84845
12262.923582414402	1200	4.0	4.114416227702917	630203	14336.655226475403	-17.141989779122543	77.745919
12264.068025462078	300	6.855556952323135	0.0	160064	1144.4430476768648	-0.6000000000000001	27.591437
12265.055536182886	300	9.868046231514397	0.0	137507	987.5107208087387	0.3	25.36694
12267.914132475884	1200	11.009449938515136	0.0	550906	2858.59629299926	0.29999999999999993	86.366143

