3.79144173024	750	4.0	3.791441730238546	450283	3791.44173024	-15.553199440025747	64.858346
13.3567996144	2850	4.0	5.565357884125493	1431809	9565.35788413	-23.18103890173962	90.683379
18.6347281285	2850	4.0	1.277928514089057	1300868	5277.92851409	-2.6450926105829446	90.483169
26.1393169141	2850	4.0	3.504588785678131	1520281	7504.58878568	-12.219731778415964	89.788956
33.6726120377	2850	4.0	3.5332951235962873	1472558	7533.2951236	-12.343169031464035	85.928154
41.0407201642	2850	4.0	3.3681081265197452	1224260	7368.10812652	-11.632864944034905	94.229141
52.6633636708	2850	4.0	7.622643506574776	1388403	11622.6435066	-29.927367078271537	97.582873
68.1943950126	2850	4.0	11.531031341812596	1638769	15531.0313418	-46.73343476979416	97.908255
77.1707480895	2850	4.0	4.97635307690829	1348011	8976.35307691	-18.548318230705643	96.808308
85.539510082	2850	4.0	4.368761992470818	1429765	8368.76199247	-15.935676567624517	94.962414
94.657053107	2850	4.0	5.117543025002113	1354548	9117.543025	-19.155435007509084	95.957675
109.970744625	2850	4.0	11.313691517603088	1519951	15313.6915176	-45.798873525693274	92.483401
123.611238336	2850	4.0	9.640493711075413	1422919	13640.4937111	-38.60412295762427	93.510922
145.108368024	2850	4.0	17.49712968817768	1578343	21497.1296882	-72.38765765916402	91.568178
166.898710782	2850	4.0	17.790342758472484	1231445	21790.3427585	-73.64847386143168	88.830113
179.74086541	2850	4.0	8.842154627288663	1471065	12842.1546273	-35.171264897341246	93.514387
192.262828791	2850	4.0	8.52196338144683	1491626	12521.9633814	-33.79444254022136	94.650033
201.613533232	2850	4.0	5.350704440848409	1358801	9350.70444085	-20.158029095648157	92.142023
210.94194414	2850	4.0	5.328410908151604	1537156	9328.41090815	-20.062166905051892	89.30989
221.482585033	2850	4.0	6.540640892990697	1336050	10540.640893	-25.274755839859996	93.680429
231.118149336	2850	4.0	5.635564302518869	1415116	9635.56430252	-21.382926500831136	90.785318
238.390428359	2850	4.0	3.272279023134076	1468126	7272.27902313	-11.220799799476527	89.398189
246.837055568	2850	4.0	4.44662720970294	1505760	8446.6272097	-16.27049700172264	85.954529
255.846991255	2850	4.0	5.009935686128649	1323990	9009.93568613	-18.692723450353185	89.320458
261.940891123	2850	4.0	2.093899868302684	1383735	6093.8998683	-6.153769433701541	93.348429
269.533552259	2850	4.0	3.5926611358321208	1480464	7592.66113583	-12.59844288407812	97.271626
279.34849958	2850	4.0	5.814947321527983	1547572	9814.94732153	-22.154273482570325	97.509012
285.713633298	2850	4.0	2.3651337182800187	1141971	6365.13371828	-7.32007498860408	93.311238
293.740373819	2850	4.0	4.026740520062015	1498470	8026.74052006	-14.464984236266664	96.041687
302.365116738	2850	4.0	4.624742919091031	1561263	8624.74291909	-17.036394552091433	96.863845
308.699810258	2850	4.0	2.334693520060121	1341201	6334.69352006	-7.18918213625852	94.816085
319.694893076	2850	4.0	6.9950828184854545	1497683	10995.0828185	-27.228856119487453	92.910185
328.622872732	2850	4.0	4.9279796557370625	1358081	8927.97965574	-18.340312519669368	95.193139
335.851317448	2850	4.0	3.2284447161418304	1587293	7228.44471614	-11.03231227940987	81.858634
343.244920112	2850	4.0	3.393602663672731	1492672	7393.60266367	-11.742491453792743	99.177905
350.633297074	2850	4.0	3.3883769621569653	1439896	7388.37696216	-11.72002093727495	97.217465
357.598632591	2850	4.0	2.965335516664543	1139291	6965.33551666	-9.900942721657536	93.825455
369.637743747	2850	4.0	8.039111156816771	1499009	12039.1111568	-31.718177974312113	93.982147
383.50918639	2850	4.0	9.871442642408338	1427478	13871.4426424	-39.59720336235585	90.92969
393.102674375	2850	4.0	5.593487985546939	1402287	9593.48798555	-21.201998337851833	91.34334
400.904550518	2850	4.0	3.801876142889534	1339500	7801.87614289	-13.498067414424996	97.297482
410.977060219	2850	4.0	6.0725097006815245	1527299	10072.5097007	-23.261791712930552	92.902955
424.283607608	2850	4.0	9.306547389254572	1343002	13306.5473893	-37.16815377379466	87.659279
439.468328298	2850	4.0	11.184720689929636	1587250	15184.7206899	-45.24429896669743	95.172719
458.514405537	2850	4.0	15.046077239057263	1464921	19046.0772391	-61.84813212794622	96.481395
484.412177685	2850	4.0	21.897772148244105	1483527	25897.7721482	-91.31042023744965	95.602302
495.663491497	2850	4.0	7.251313811452564	1231456	11251.3138115	-28.330649389246023	92.485503
506.397806987	2850	4.0	6.734315489792774	1364537	10734.3154898	-26.107556606108925	97.895096

