24819.413988177057	750	4.0	6.6911010369313795	450283	6691.10103693138	-28.021734458804932	64.858346
24821.25305069736	300	6.160937479695716	0.0	155580	1839.0625203042848	-0.15000000000000002	18.412623
24822.622072218703	300	8.791915958355675	0.0	139857	1369.0215213400395	0.3	17.596212
24823.86883154869	300	11.545156628364916	0.0	155432	1246.7593299907599	0.3	19.997309
24825.044753889615	300	14.369234287440888	0.0	163442	1175.9223409240274	0.3	16.877619
24828.10575718064	750	15.308230996414862	0.0	318564	3061.0032910260247	0.3	62.986308
24832.00551724346	750	15.408470933599185	0.0	352642	3899.7600628156774	0.75	81.00828
24841.606049162612	750	9.807939014447484	0.0	437162	9600.531919151701	0.75	69.475262
24845.142454030298	300	10.271534146761358	0.0	150710	3536.404867686125	-0.15000000000000002	28.497356
24849.052965041687	300	10.36102313537423	0.0	139105	3910.511011387126	0.3	21.660501
24853.94180961187	300	9.472178565189937	0.0	141840	4888.844570184293	0.3	2.177717
24859.13515958405	300	8.27882859301292	0.0	156148	5193.349972177019	0.3	19.431299
24863.410888506936	300	8.003099670123687	0.0	160746	4275.728922889232	0.3	21.445722
24868.34946386636	300	7.064524310699188	0.0	179801	4938.575359424499	0.3	23.726678
24871.369821835717	300	8.044166341344262	0.0	140051	3020.357969354926	0.3	21.119447
24873.753831358797	300	9.660156818259917	0.0	138313	2384.0095230843453	0.3	19.984984
24876.133111625742	300	11.280876551314295	0.0	143509	2379.280266945622	0.3	18.452936
24878.823568656153	300	12.590419520902906	0.0	150616	2690.4570304113895	0.3	35.116669
24882.373121706212	300	13.040866470842847	0.0	165384	3549.5530500600603	0.3	26.310814
24886.353283530283	300	13.060704646773953	0.0	140881	3980.1618240688936	0.3	26.782579
24888.23794759675	300	15.176040580306552	0.0	157671	1884.6640664674007	0.3	28.807059
24889.423590910017	300	17.990397267039373	0.0	157812	1185.643313267178	0.3	21.07483
24890.485186469785	300	20.92880170727105	0.0	163927	1061.595559768326	0.3	16.837774
24891.309705474367	300	24.104282702691084	0.0	137654	824.5190045799698	0.3	6.466535
24893.81924677157	750	25.594741405488023	0.0	359903	2509.54129720306	0.3	66.786337
24897.37003917689	1200	26.04394900016722	0.0	590335	3550.792405320801	0.75	79.644231
24902.12155649935	1200	25.29243167770956	0.0	696376	4751.517322457659	1.2	80.745588
24905.64491521485	1200	25.76907296221365	0.0	487160	3523.3587154959087	1.2	80.893459
24909.183844433413	1200	26.230143743650995	0.0	622896	3538.9292185626555	1.2	80.053124
24912.92455802244	1200	26.48943015462016	0.0	641447	3740.7135890308336	1.2	80.154442
24917.836737591788	1850	25.577250585275348	0.0	873429	4912.179569344811	1.2000000000000002	87.120667
24922.699892527846	1850	24.714095649219136	0.0	954453	4863.154936056213	1.85	83.67714
24927.50623565387	1850	23.907752523195867	0.0	885062	4806.343126023268	1.85	87.533761
24934.928968456454	1850	20.485019720610598	0.0	1035329	7422.73280258527	1.85	71.430146
24942.76277065236	1850	16.651217524703817	0.0	1026056	7833.802195906781	1.85	97.037422
24948.06526295565	1850	15.348725221414385	0.0	943942	5302.492303289434	1.85	90.168439
24952.541083369128	1850	14.872904807934898	0.0	728962	4475.820413479486	1.85	86.066994
24959.107795792097	1850	12.30619238496886	0.0	938587	6566.7124229660385	1.85	86.593761
24962.049329172893	1200	13.364659004170804	0.0	605884	2941.533380798056	0.5499999999999999	74.001829
24965.858585709466	1200	13.55540246759938	0.0	587506	3809.256536571424	1.2	72.886388
24969.576564763942	1200	13.837423413126816	0.0	566904	3717.979054472565	1.2	86.974261
24973.816550020267	1200	13.597438156800356	0.0	641452	4239.98525632646	1.2	75.706383
24977.042870499223	1200	14.371117677842983	0.0	599477	3226.3204789573724	1.2	71.343181
24981.17387349997	1200	14.240114677094928	0.0	634861	4131.003000748056	1.2	75.003938
24986.35664754891	1200	13.057340628156297	0.0	630203	5182.7740489386315	1.2	77.745919
24991.466871764933	1200	11.947116412133429	0.0	638661	5110.224216022866	1.2	77.309224
24996.620331766895	1850	10.79365641017116	0.0	830730	5153.460001962269	1.2000000000000002	84.040637
25002.989568241494	1850	8.42441993557588	0.0	846370	6369.236474595278	1.85	92.020773

