23290.011172709474	750	4.0	4.955564253110452	450283	4955.564253110451	-20.55892628837494	64.858346
23293.11304290633	300	4.898129803144833	0.0	155580	3101.870196855167	-0.15000000000000002	18.412623
23297.6451121568	300	4.366060552675044	0.0	139857	4532.06925046979	0.3	17.596212
23302.105670228466	300	4.0	0.09449751899309194	155432	4460.558071668135	-0.10633933167029536	19.997309
23306.30824463659	300	4.0	0.20257440812354435	163442	4202.574408123544	-0.5710699549312408	16.877619
23308.86988111716	300	5.4383635194307365	0.0	126289	2561.6364805692638	0.3	18.579568
23312.414629512772	300	5.893615123821788	0.0	153295	3544.7483956089477	0.3	42.291519
23316.58897271514	300	5.719271921455934	0.0	173849	4174.343202365854	0.3	35.451274
23320.30266071793	300	6.005583918662889	0.0	150710	3713.6880027930442	0.3	28.497356
23324.972789006202	300	5.335455630391578	0.0	139105	4670.128288271311	0.3	21.660501
23330.508483367346	300	4.0	0.20023873074991025	141840	5535.694361141488	-0.5610265422246141	2.177717
23333.92682691922	300	4.5816564481259725	0.0	156148	3418.343551874027	0.3	19.431299
23336.576899187152	300	5.931584180193429	0.0	160746	2650.0722679325436	0.3	21.445722
23338.7534389236	300	7.755044443746576	0.0	179801	2176.5397364468536	0.3	23.726678
23340.86883089237	300	9.639652474976108	0.0	140051	2115.3919687704674	0.3	21.119447
23343.48803148765	300	11.020451879694862	0.0	138313	2619.200595281248	0.3	19.984984
23346.158294311714	300	12.350189055631322	0.0	143509	2670.2628240635395	0.3	18.452936
23347.589218222623	300	14.919265144724124	0.0	150616	1430.9239109071982	0.3	35.116669
23348.817303427746	300	17.691179939601383	0.0	165384	1228.0852051227403	0.3	26.310814
23349.913927807454	300	20.594555559893635	0.0	140881	1096.6243797077523	0.3	26.782579
23353.57210975332	750	20.936373614024685	0.0	386472	3658.1819458689506	0.3	62.777649
23357.274029653818	750	21.234453713527824	0.0	399894	3701.9199004968605	0.75	55.443233
23360.953117723642	750	21.555365643701666	0.0	401853	3679.088069826156	0.75	47.960406
23363.351904743133	750	23.15657862421447	0.0	343800	2398.7870194871944	0.75	55.451197
23376.402828332946	1200	14.105655034399811	0.0	587236	13050.92358981466	0.75	78.698824
23385.03609593475	750	9.47238743259566	0.0	379700	8633.267601804151	0.3	66.676537
23387.791505665606	300	10.71697770173923	0.0	181901	2755.4097308564315	-0.15000000000000002	27.469573
23389.063420537175	300	13.445062830167956	0.0	111155	1271.914871571275	0.3	12.138089
23391.08818436447	300	15.420299002868298	0.0	153605	2024.763827299658	0.3	28.256686
23393.194768204365	300	17.31371516297414	0.0	149029	2106.5838398941546	0.3	23.365013
23394.87232065842	300	19.63616270891679	0.0	157421	1677.5524540573556	0.3	25.589487
23400.02101976386	750	18.487463603484102	0.0	400322	5148.699105432688	0.3	60.651768
23402.759585474738	750	19.74889789260472	0.0	369834	2738.56571087938	0.75	68.369339
23405.64114035945	750	20.867343007893147	0.0	412837	2881.5548847115724	0.75	49.996929
23408.42395425783	750	22.084529109516165	0.0	401088	2782.813898376984	0.75	69.915275
23412.578331857014	1200	21.930151510330123	0.0	598727	4154.377599186041	0.75	77.763467
23420.098811538785	1200	18.409671828557276	0.0	487812	7520.47968177285	1.2	77.846693
23423.923157463967	1200	18.585325903373874	0.0	575591	3824.3459251834	1.2	77.292461
23427.356755744782	1200	19.151727622562056	0.0	605884	3433.5982808118206	1.2	74.001829
23430.819701492263	1200	19.688781875083976	0.0	587506	3462.9457474780797	1.2	72.886388
23435.159610276824	1200	19.348873090524755	0.0	566904	4339.908784559222	1.2	86.974261
23439.524853910927	1200	18.98362945641844	0.0	641452	4365.24363410631	1.2	75.706383
23443.64824306972	1200	18.860240297623257	0.0	599477	4123.389158795186	1.2	71.343181
23447.51376495291	1200	18.994718414435898	0.0	634861	3865.521883187356	1.2	75.003938
23451.83744396847	1200	18.671039398874196	0.0	630203	4323.679015561702	1.2	77.745919
23462.88149783094	1200	11.626985536406277	0.0	638661	11044.05386246792	1.2	77.309224
23466.82835379357	750	11.680129573773593	0.0	331053	3946.8559626326833	0.3	60.678126
23472.15003318869	750	10.35845017865711	0.0	314107	5321.679395116483	0.75	75.210559

