6521.299417642715	750	4.0	1.464606764188326	450283	1464.606764188326	-5.547809086009802	64.858346
6522.534403838241	750	6.765013804474078	0.0	398865	1234.9861955259219	0.75	57.017244
6525.581465721559	1850	7.717951921156034	0.0	877771	3047.0618833180433	0.75	82.465457
6528.4989489068275	1850	8.800468735886842	0.0	933276	2917.4831852691927	1.85	78.955826
6531.609193261636	1850	9.690224381077908	0.0	996749	3110.244354808935	1.85	75.455188
6534.057694899332	1850	11.241722743382594	0.0	801058	2448.5016376953145	1.85	86.249306
6539.608990589946	2850	9.69042705276786	0.0	1388403	5551.295690614735	1.85	97.582873
6544.718604068292	2850	8.580813574423061	0.0	1638769	5109.613478344799	2.85	97.908255
6549.757751825195	2850	7.541665817519813	0.0	1348011	5039.147756903248	2.85	96.808308
6558.732095436311	2850	4.0	1.4326777935964428	1429765	8974.343611116255	-3.3105145124647035	94.962414
6560.066009610126	750	6.666085826185175	0.0	353220	1333.914173814825	-1.35	70.008689
6561.923891245908	750	8.808204190402957	0.0	405134	1857.8816357822182	0.75	59.00323
6564.393641727106	1200	10.338453709205007	0.0	624282	2469.750481197951	0.75	73.534048
6567.296651256706	1200	11.435444179604064	0.0	687371	2903.009529600943	1.2	70.998108
6569.966911942497	1200	12.765183493814193	0.0	526950	2670.2606857898704	1.2	67.735752
6572.553855474629	1200	14.178239961681198	0.0	587876	2586.9435321329943	1.2	72.569044
6575.13630194016	1200	15.595793496150817	0.0	617242	2582.4464655303814	1.2	75.662786
6577.745211084124	1200	16.986884352186664	0.0	581493	2608.9091439641543	1.2	79.137254
6580.43261862898	1200	18.299476807331093	0.0	639204	2687.407544855571	1.2	72.000653
6584.4461688373685	1850	18.285926598941987	0.0	923755	4013.5502083891065	1.2000000000000002	86.363677
6590.021411108625	2850	16.71068432768564	0.0	1415116	5575.242271256345	1.85	90.785318
6595.426954015025	2850	15.305141421285501	0.0	1468126	5405.542906400141	2.85	89.398189
6601.287480334162	2850	13.44461510214842	0.0	1505760	5860.526319137081	2.85	85.954529
6606.129054279977	2850	12.6030411563329	0.0	1323990	4841.573945815519	2.85	89.320458
6611.243847494754	2850	11.488247941556581	0.0	1383735	5114.793214776319	2.85	93.348429
6620.655967001669	2850	6.076128434642655	0.0	1480464	9412.119506913927	2.85	97.271626
6624.360751294149	1200	6.371344142161699	0.0	696376	3704.784292480955	-0.44999999999999996	80.745588
6626.777519817603	1200	7.954575618708171	0.0	487160	2416.7685234535275	1.2	80.893459
6632.161647823366	1200	6.570447612944714	0.0	622896	5384.128005763458	1.2	80.053124
6635.252659037358	750	7.479436398953209	0.0	400508	3091.0112139915054	0.3	67.821489
6638.103969195378	750	8.628126240933554	0.0	358218	2851.310158019655	0.75	64.789531
6641.767328961296	750	8.964766475015805	0.0	400322	3663.359765917749	0.75	60.651768
6645.38884591325	750	9.343249523061372	0.0	369834	3621.516951954435	0.75	68.369339
6648.06879115051	750	10.663304285800917	0.0	412837	2679.945237260453	0.75	49.996929
6650.630970208482	750	12.10112522782895	0.0	401088	2562.1790579719673	0.75	69.915275
6652.9338751913565	750	13.798220244954983	0.0	365161	2302.904982873968	0.75	60.276519
6655.654300049773	1200	15.077795386537177	0.0	487812	2720.424858417804	0.75	77.846693
6658.687000515818	1200	16.045094920493092	0.0	575591	3032.700466044088	1.2	77.292461
6662.791250369637	1200	15.940845066673024	0.0	605884	4104.249853820066	1.2	74.001829
6666.46818380408	1200	16.26391163223061	0.0	587506	3676.9334344424146	1.2	72.886388
6670.235732350676	1200	16.496363085635377	0.0	566904	3767.548546595233	1.2	86.974261
6674.169313566866	1200	16.562781869445484	0.0	641452	3933.581216189896	1.2	75.706383
6678.778828788886	1200	15.95326664742532	0.0	599477	4609.515222020163	1.2	71.343181
6690.408554476438	1200	8.323540959873174	0.0	634861	11629.725687552145	1.2	75.003938
6693.704643684273	300	9.027451752038647	0.0	167025	3296.0892078345287	-0.6000000000000001	26.908827
6698.759995947996	300	7.972099488315289	0.0	160064	5055.352263723358	0.3	27.591437
6701.803299399186	300	8.928796037125434	0.0	137507	3043.303451189855	0.3	25.36694
6704.470480351289	300	10.261615085022411	0.0	118421	2667.1809521030236	0.3	36.062877

