4280.17572962842	750	4.0	1.256359210868177	450283	1256.359210868177	-4.652344606733161	64.858346
4282.16757948951	1200	6.008150138911241	0.0	611087	1991.8498610887593	0.75	69.839987
4284.01162773783	1200	8.164101890590421	0.0	571051	1844.0482483208189	1.2	73.587374
4286.78786723645	1850	9.387862391970675	0.0	933276	2776.2394986197473	1.2000000000000002	78.955826
4291.260597398714	1850	8.915132229706472	0.0	996749	4472.730162264203	1.85	75.455188
4294.35343873473	1850	9.822290893690848	0.0	801058	3092.841336015625	1.85	86.249306
4298.313292913603	1850	9.862436714818086	0.0	905515	3959.8541788727616	1.85	94.086702
4302.367300126889	1850	9.808429501531696	0.0	1060487	4054.007213286389	1.85	90.155937
4305.3844325395585	1850	10.791297088862482	0.0	852833	3017.1324126692143	1.85	90.218296
4309.183576061352	1850	10.992153567068106	0.0	913888	3799.143521794376	1.85	86.733288
4312.061631090816	1850	12.114098537604338	0.0	939819	2878.055029463767	1.85	89.239922
4314.164988565149	1850	14.010741063271842	0.0	917428	2103.357474332498	1.85	82.202545
4316.424760796066	1850	15.75096883235442	0.0	946851	2259.772230917422	1.85	83.629776
4320.375659791729	2850	15.800069836691558	0.0	1578343	3950.898995662863	1.85	91.568178
4323.871220488112	2850	16.304509140308724	0.0	1231445	3495.560696382832	2.85	88.830113
4328.762868555853	2850	15.412861072568004	0.0	1471065	4891.648067740721	2.85	93.514387
4333.135567692549	2850	15.040161935872167	0.0	1491626	4372.699136695837	2.85	94.650033
4336.7481115584	2850	15.427618070021861	0.0	1358801	3612.543865850306	2.85	92.142023
4341.067055936902	2850	15.108673691519241	0.0	1537156	4318.94437850262	2.85	89.30989
4344.724089511788	2850	15.45164011663277	0.0	1336050	3657.0335748864713	2.85	93.680429
4352.461620529687	2850	11.714109098734312	0.0	1415116	7737.531017898458	2.85	90.785318
4356.723184549518	1850	11.452545078903738	0.0	955231	4261.5640198305755	0.8500000000000001	79.031768
4370.008553565918	1850	4.0	1.8328239374971471	968026	13285.369016400884	-6.031142931237731	73.123347
4373.394884550426	300	4.613669015493464	0.0	137654	3386.3309845065364	-1.25	6.466535
4377.315035989893	300	4.693517576026287	0.0	146754	3920.1514394671767	0.3	25.355956
4381.125879029364	300	4.882674536554354	0.0	153938	3810.843039471934	0.3	22.855883
4384.506839035906	300	5.501714530012694	0.0	181901	3380.9600065416603	0.3	27.469573
4386.530630046961	300	7.477923518957359	0.0	111155	2023.7910110553346	0.3	12.138089
4389.296753192597	300	8.711800373321493	0.0	153605	2766.123145635866	0.3	28.256686
4390.72985118461	300	11.278702381308637	0.0	149029	1433.0979920128566	0.3	23.365013
4391.876234881455	300	14.132318684464138	0.0	157421	1146.3836968444991	0.3	25.589487
4392.988735036616	300	17.019818529303375	0.0	157488	1112.5001551607659	0.3	17.795984
4394.031942386155	300	19.97661117976435	0.0	143881	1043.2073495390246	0.3	25.091594
4396.237307823985	750	21.771245741934887	0.0	412837	2205.3654378294646	0.3	49.996929
4399.1986092384495	1200	22.809944327470657	0.0	690253	2961.3014144642284	0.75	87.732581
4402.38484384239	1200	23.623709723529892	0.0	598727	3186.234603940764	1.2	77.763467
4406.426821897978	1850	23.581731667942286	0.0	728962	4041.9780555876055	1.2000000000000002	86.066994
4412.886662981989	1850	21.121890583931243	0.0	938587	6459.841084011044	1.85	86.593761
4419.878696379619	1850	18.12985718630065	0.0	908665	6992.03339763059	1.85	82.415248
4427.091732322656	1850	14.916821243264838	0.0	930577	7213.035943035813	1.85	83.556577
4430.551157732576	1200	15.457395833344108	0.0	566904	3459.42540992073	0.5499999999999999	86.974261
4437.205984318174	1200	12.80256924774628	0.0	641452	6654.826585597829	1.2	75.706383
4444.275955512626	1200	9.732598053294264	0.0	599477	7069.971194452015	1.2	71.343181
4450.463302495721	750	7.545251070199398	0.0	438281	6187.346983094867	0.3	62.327504
4456.351872629812	750	5.656680936107931	0.0	398987	5888.570134091467	0.75	63.729239
4458.220167156641	300	7.788386409279316	0.0	160064	1868.2945268286146	-0.15000000000000002	27.591437
4459.667129029962	300	10.341424535957985	0.0	137507	1446.9618733213306	0.3	25.36694
4462.5656261919485	750	11.44292737397139	0.0	314107	2898.4971619865955	0.3	75.210559

