522.2200340667747	750	4.0	2.1451274043719923	450283	2145.1274043719923	-8.474047838799567	64.858346
522.7866132571114	300	7.433420809663336	0.0	155580	566.5791903366634	-0.15000000000000002	18.412623
523.4973192458608	300	10.722714820913879	0.0	139857	710.7059887494568	0.3	17.596212
528.5425897274571	750	9.677444339317729	0.0	382355	5045.27048159615	0.3	55.551349
531.0555624183803	300	11.164471648394423	0.0	163442	2512.972690923307	-0.15000000000000002	16.877619
534.334766550501	750	11.88526751627374	0.0	318564	3279.2041321206834	0.3	62.986308
535.6228192913363	300	14.597214775438353	0.0	153295	1288.0527408353864	-0.15000000000000002	42.291519
537.13292115405	300	17.08711291272469	0.0	173849	1510.101862713661	0.3	35.451274
540.0764567660577	750	18.143577300716984	0.0	374758	2943.535612007709	0.3	70.789292
543.6472823855837	750	18.572751681191054	0.0	362795	3570.825619525931	0.75	64.786022
546.6374658763123	750	19.582568190462617	0.0	353220	2990.1834907284365	0.75	70.008689
550.0840755229115	750	20.13595854386339	0.0	405134	3446.609646599231	0.75	59.00323
553.1735884248716	750	21.046445641903375	0.0	386351	3089.5129019600136	0.75	59.358241
557.8248811339366	750	20.39515293283833	0.0	434409	4651.2927090650455	0.75	56.692976
563.0039393912622	1200	19.21609467551277	0.0	526950	5179.058257325561	0.75	67.735752
567.6930337463485	750	18.527000320426318	0.0	366214	4689.094355086452	0.3	58.858709
571.0242509575543	750	19.195783109220578	0.0	360831	3331.2172112057424	0.75	60.531124
574.1828563295136	750	20.037177737261352	0.0	372963	3158.605371959229	0.75	69.564049
577.1750223473628	750	21.04501171941229	0.0	405596	2992.1660178490592	0.75	60.564875
579.9992592550183	750	22.22077481175667	0.0	350713	2824.2369076556206	0.75	67.172129
584.6574211838134	1200	21.56261288296152	0.0	601738	4658.161928795149	0.75	74.235946
589.7284159252747	1200	20.491618141500233	0.0	616206	5070.994741461287	1.2	68.532883
592.939653835445	750	21.280380231329904	0.0	401853	3211.2379101703295	0.3	47.960406
597.2160770558802	1200	21.003957010894773	0.0	536667	4276.42322043513	0.75	68.420849
601.8291218652051	1200	20.390912201569872	0.0	587236	4613.044809324904	1.2	78.698824
607.9466747539661	1200	18.273359312808843	0.0	590335	6117.552888761026	1.2	79.644231
612.2091115166993	750	18.010922550075687	0.0	425781	4262.436762733158	0.3	65.665965
615.8634143710316	1200	18.35661969574342	0.0	487160	3654.3028543322694	0.75	80.893459
618.4124613160919	750	19.80757275068303	0.0	400396	2549.0469450603878	0.3	69.601487
621.4790818732193	750	20.74095219355568	0.0	400508	3066.620557127349	0.75	67.821489
625.6002775225871	1200	20.619756544187958	0.0	570392	4121.195649367726	0.75	78.009495
630.5622541967359	1200	19.65777987003912	0.0	620283	4961.976674148835	1.2	72.909556
634.9599856797801	1200	19.260048386995006	0.0	584349	4397.731483044115	1.2	79.771897
638.6460589164112	750	19.57397515036379	0.0	412837	3686.0732366312163	0.3	49.996929
641.9359898374778	750	20.284044229297283	0.0	401088	3289.930921066504	0.75	69.915275
648.1899299662103	1200	18.030104100564714	0.0	598727	6253.940128732569	0.75	77.763467
654.2404366240714	1200	15.979597442703616	0.0	487812	6050.506657861098	1.2	77.846693
658.4959164629405	750	15.724117603834548	0.0	361565	4255.47983886907	0.3	66.788635
662.2228951367244	750	15.99713893005063	0.0	378327	3726.978673783917	0.75	62.32333
663.8030409146851	300	18.416993152089955	0.0	149991	1580.1457779606742	-0.15000000000000002	17.21265
667.4160203006239	750	18.80401376615109	0.0	345516	3612.9793859388656	0.3	79.583372
671.8727709899018	750	18.347263076873173	0.0	384505	4456.7506892779165	0.75	64.443828
677.149294555279	750	17.070739511496008	0.0	372093	5276.523565377163	0.75	58.879512
679.5020594515262	300	18.717974615248806	0.0	172312	2352.764896247203	-0.15000000000000002	26.146503
681.8125827669018	300	20.407451299873298	0.0	167025	2310.523315375509	0.3	26.908827
691.5480639212244	750	14.67197014555059	0.0	393804	9735.481154322706	0.3	62.845425
696.8350640913086	300	13.384969975466435	0.0	137507	5287.000170084157	-0.15000000000000002	25.36694
701.3214283386897	300	12.898605728085483	0.0	118421	4486.364247380951	0.3	36.062877

