10861.298967449686	750	4.0	6.650702047500183	450283	6650.702047500184	-27.84801880425079	64.858346
10864.507299491062	300	4.7916679586228605	0.0	155580	3208.33204137714	-0.15000000000000002	18.412623
10867.26039727003	300	6.038570179654275	0.0	139857	2753.0977789685853	0.3	17.596212
10870.849886597249	300	6.449080852435839	0.0	155432	3589.4893272184354	0.3	19.997309
10874.34420986238	300	6.9547575873057905	0.0	163442	3494.323265130049	0.3	16.877619
10875.899771938035	300	9.399195511649754	0.0	126289	1555.5620756560363	0.3	18.579568
10878.153360642413	300	11.145606807272678	0.0	153295	2253.5887043770767	0.3	42.291519
10880.728594454176	300	12.570372995509178	0.0	173849	2575.233811763499	0.3	35.451274
10883.138292473957	300	14.16067497572826	0.0	150710	2409.6980197809194	0.3	28.497356
10889.786424146621	750	11.512543303064165	0.0	362795	6648.131672664094	0.3	64.786022
10892.012678449812	300	13.28628899987289	0.0	141840	2226.2543031912746	-0.15000000000000002	2.177717
10897.347725204194	750	11.95124224548956	0.0	405134	5335.046754383328	0.3	59.00323
10901.770298852376	750	11.528668597306934	0.0	386351	4422.573648182626	0.75	59.358241
10906.747993239795	750	10.550974209889496	0.0	434409	4977.694387417437	0.75	56.692976
10910.710289945027	750	10.588677504657346	0.0	337059	3962.296705232151	0.75	54.76216
10915.007497884317	750	10.291469565368685	0.0	366214	4297.207939288661	0.75	58.858709
10916.919551166317	300	12.379416283368023	0.0	143509	1912.0532820006604	-0.15000000000000002	18.452936
10919.145734985137	300	14.153232464546479	0.0	150616	2226.183818821546	0.3	35.116669
10921.476478924695	300	15.822488524988556	0.0	165384	2330.743939557923	0.3	26.310814
10923.337989863243	300	17.96097758644035	0.0	140881	1861.5109385482074	0.3	26.782579
10927.31741491363	750	17.981552536053325	0.0	386472	3979.4250503870253	0.3	62.777649
10930.758139769316	750	18.540827680366796	0.0	399894	3440.724855686527	0.75	55.443233
10934.112670413682	750	19.18629703600026	0.0	401853	3354.5306443665377	0.75	47.960406
10938.732931047882	750	18.56603640180156	0.0	343800	4620.260634198698	0.75	55.451197
10943.556967417799	750	17.742000031883123	0.0	359903	4824.036369918437	0.75	66.786337
10947.309673135516	750	17.98929431416402	0.0	379700	3752.705717719101	0.75	66.676537
10950.97303512609	750	18.3259323235909	0.0	425781	3663.3619905731193	0.75	65.665965
10954.406086394754	750	18.89288105492566	0.0	277716	3433.051268665246	0.75	68.231907
10960.123498730582	750	17.175468719099104	0.0	400396	5717.412335826557	0.75	69.601487
10967.621985773441	750	13.676981676239993	0.0	400508	7498.487042859109	0.75	67.821489
10970.872386353136	750	14.426581096545211	0.0	358218	3250.4005796947818	0.75	64.789531
10974.677596306317	750	14.62137114336304	0.0	400322	3805.2099531821714	0.75	60.651768
10979.400740492287	750	13.898226957394055	0.0	369834	4723.144185968984	0.75	68.369339
10988.594352007682	750	8.704615441998252	0.0	412837	9193.611515395804	0.75	49.996929
10991.915596447036	300	9.383371002643832	0.0	179328	3321.2444393544192	-0.15000000000000002	28.893466
10995.375808149252	300	9.923159300427479	0.0	159914	3460.211702216355	0.3	21.738399
10998.558071406389	300	10.740896043291329	0.0	131610	3182.2632571361496	0.3	28.4111
11000.048890408794	300	13.250077040887286	0.0	124011	1490.8190024040423	0.3	21.943337
11001.54189832351	300	15.757069126171439	0.0	144254	1493.0079147158463	0.3	12.774971
11005.234492277446	750	16.064475172233273	0.0	390680	3692.5939539381648	0.3	61.525566
11008.054907091793	750	17.244060357887925	0.0	345516	2820.41481434535	0.75	79.583372
11011.08619435737	750	18.212773092311302	0.0	384505	3031.2872655766228	0.75	64.443828
11013.924347526723	750	19.374619922957493	0.0	372093	2838.153169353809	0.75	58.879512
11019.787696327086	750	17.511271122594557	0.0	438281	5863.348800362935	0.75	62.327504
11028.547015670318	750	12.751951779363482	0.0	398987	8759.319343231075	0.75	63.729239
11032.117342201467	300	13.181625248214825	0.0	160064	3570.326531148657	-0.15000000000000002	27.591437
11039.663501038722	750	9.635466410961168	0.0	331053	7546.158837253657	0.3	60.678126
11041.332152554645	300	11.966814895036082	0.0	118421	1668.6515159250844	-0.15000000000000002	36.062877

