18306.22725836154	750	4.0	4.722418988271614	450283	4722.418988271614	-83.71938258919042	64.858346
18309.561539790793	750	4.6657185707448825	0.0	398865	3334.281429255118	37.30694774282116	57.017244
18311.92898059529	750	6.298277766249121	0.0	350812	2367.4408044957613	49.53439726135709	60.430767
18315.09282098966	750	7.134437371879321	0.0	382355	3163.8403943698	39.207823032133746	55.551349
18318.217443846723	750	8.009814514817709	0.0	411561	3124.6228570616136	35.708620955217725	51.003805
18320.66628010502	750	9.560978256520354	0.0	318564	2448.836258297354	54.252000083560986	62.986308
18323.573065214758	750	10.654193146782283	0.0	352642	2906.7851097380694	71.31441799403183	81.00828
18327.636363760143	750	10.590894601395107	0.0	437162	4063.2985453871775	43.94053818670605	69.475262
18331.921662698795	750	10.305595662743213	0.0	374758	4285.298938651892	57.681454273815504	70.789292
18335.79287169667	750	10.434386664866445	0.0	362795	3871.20899787677	45.836272051926805	64.786022
18341.468278199238	750	8.758980162299318	0.0	353220	5675.406502567126	58.18502339881593	70.008689
18348.50601647598	750	5.721241885553219	0.0	405134	7037.738276746099	35.63150226952917	59.00323
18351.283373823233	300	6.943884538302865	0.0	160746	2777.357347250355	-24.347686554114247	21.445722
18353.333535351587	300	8.893723009951898	0.0	179801	2050.161528350966	18.112191156964666	23.726678
18356.51319203475	750	9.714066326788842	0.0	337059	3179.656683163057	52.96420597107542	54.76216
18359.26590986483	750	10.961348496708586	0.0	366214	2752.7178300802557	48.406541934633836	58.858709
18362.370071636164	750	11.857186725373099	0.0	360831	3104.1617713354854	49.100589048161304	60.531124
18367.530858683745	750	10.696399677789808	0.0	372963	5160.7870475832915	58.9438058139744	69.564049
18373.59188968841	750	8.635368673125525	0.0	405596	6061.031004664283	39.08272725573663	60.564875
18377.87338068119	750	8.353877680343615	0.0	350713	4281.490992781911	56.195305162945644	67.172129
18382.77867195684	750	7.4485864046921435	0.0	386472	4905.2912756514725	45.8423031210838	62.777649
18387.198545749183	750	7.0287126123505725	0.0	399894	4419.873792341571	36.51150936895389	55.443233
18391.652597323042	750	6.574661038491658	0.0	401853	4454.051573858915	30.016831048248612	47.960406
18395.64220748439	750	6.585050877141487	0.0	343800	3989.6101613501705	46.53210385732817	55.451197
18401.296294886277	750	4.930963475256434	0.0	359903	5654.087401885053	57.277353060696605	66.786337
18403.704238619142	300	6.523019742391454	0.0	153938	2407.9437328649806	-29.915108156608174	22.855883
18406.85269048895	300	7.3745678725787185	0.0	181901	3148.4518698127354	21.977141438694208	27.469573
18410.714442345616	750	7.512816015914843	0.0	277716	3861.7518566638755	67.27007478642625	68.231907
18416.234113399183	750	5.993144962350322	0.0	400396	5519.671053564521	56.69205323288801	69.601487
18418.223807805472	300	8.00345055605969	0.0	149029	1989.694406290633	-31.930610013762575	23.365013
18423.05626038938	750	7.170997972150817	0.0	358218	4832.452583908873	64.55203476489967	64.789531
18428.86058316749	750	5.366675194040667	0.0	400322	5804.32277811015	44.31426861062449	60.651768
18435.63099508141	750	4.0	1.4037367198779767	369834	6770.411913918643	17.11818538315595	68.369339
18439.04565177312	300	4.585343308289986	0.0	163444	3414.656691710013	-42.426248896999155	17.178658
18443.28608031473	300	4.344914766681085	0.0	179328	4240.4285416089015	25.298969194880584	28.893466
18448.13590172828	300	4.0	0.5049066468691326	159914	4849.821413550218	-6.382110653348336	21.738399
18450.39364803621	300	5.742253692066473	0.0	131610	2257.7463079335266	23.388048410401066	28.4111
18452.528438318604	300	7.607463409676399	0.0	124011	2134.790282390075	9.059928450350393	21.943337
18455.757903780195	300	8.377997948083287	0.0	144254	3229.4654615931117	-1.5701075315708106	12.774971
18459.391140658372	300	8.744761069907078	0.0	149991	3633.2368781762084	13.238095795131745	17.21265
18468.404963407673	750	4.0	0.2690616793932768	345516	9013.822749300354	75.57445122239073	79.583372
18472.906328141988	300	4.0	0.5013647343152943	161857	4501.364734315294	-50.2108194062022	26.901789
18475.913765597503	300	4.992562544483013	0.0	145210	3007.4374555169875	14.445278068529426	23.926655
18478.88713492508	300	6.019193216908299	0.0	172312	2973.369327574714	20.143335165183682	26.146503
18481.49353453506	300	7.412793606924626	0.0	167025	2606.399609983673	20.354647499322645	26.908827
18483.937039594297	300	8.969288547689827	0.0	160064	2443.5050592347993	20.908998154259805	27.591437
18488.543467248317	750	8.362860893671026	0.0	331053	4606.4276540188	58.585645433710944	60.678126
18492.672794122587	750	8.233534019398547	0.0	314107	4129.3268742724795	65.36453832212788	75.210559

