13305.313305840411	750	4.0	2.855960794164828	450283	2855.9607941648283	-11.530631414908761	64.858346
13306.122317824613	300	7.1909880157968455	0.0	155580	809.011984203154	-0.15000000000000002	18.412623
13307.295051726644	750	10.018254113766275	0.0	350812	1172.7339020305694	0.3	60.430767
13308.922540269186	750	12.390765571223195	0.0	382355	1627.4885425430798	0.75	55.551349
13311.209809810764	750	14.103496029647324	0.0	411561	2287.2695415758712	0.75	51.003805
13312.806947409283	750	16.506358431126618	0.0	318564	1597.1375985207094	0.75	62.986308
13318.261453190815	1850	15.051852649594402	0.0	905515	5454.505781532213	0.75	94.086702
13323.521717326657	1850	13.79158851375195	0.0	1060487	5260.264135842452	1.85	90.155937
13326.801494923977	1850	14.511810916431784	0.0	852833	3279.777597320166	1.85	90.218296
13330.212933813526	1850	15.100372026883452	0.0	913888	3411.438889548333	1.85	86.733288
13333.506297616022	1850	15.807008224387527	0.0	939819	3293.363802495923	1.85	89.239922
13337.533167347472	1850	15.780138492937157	0.0	917428	4026.8697314503725	1.85	82.202545
13342.647958393463	1850	14.665347446946253	0.0	946851	5114.791045990903	1.85	83.629776
13348.209216994925	1850	13.104088845486396	0.0	1036454	5561.258601459857	1.85	80.875505
13352.352988282562	1850	12.960317557847821	0.0	821631	4143.771287638576	1.85	78.494849
13358.830635563001	1850	10.482670277410694	0.0	923170	6477.647280437126	1.85	83.7301
13361.453408298346	750	11.85989754206455	0.0	360831	2622.772735346145	-0.3500000000000001	60.531124
13363.975424500159	750	13.337881340253428	0.0	372963	2522.016201811121	0.75	69.564049
13366.692016838702	750	14.62128900170957	0.0	405596	2716.592338543858	0.75	60.564875
13368.955919137039	750	16.35738670337197	0.0	350713	2263.9022983376035	0.75	67.172129
13371.193398017773	750	18.119907822637497	0.0	386472	2237.4788807344676	0.75	62.777649
13373.16794512335	750	20.145360717060626	0.0	399894	1974.5471055768714	0.75	55.443233
13376.212453268205	750	21.100852572206165	0.0	401853	3044.508144854461	0.75	47.960406
13379.95638865371	750	21.356917186699807	0.0	343800	3743.9353855063578	0.75	55.451197
13382.66274690677	750	22.650558933639324	0.0	359903	2706.3582530604835	0.75	66.786337
13385.570909001175	750	23.742396839234633	0.0	379700	2908.162094404691	0.75	66.676537
13389.618774676923	750	23.694531163487685	0.0	425781	4047.865675746946	0.75	65.665965
13392.377778199969	750	24.935527640442217	0.0	277716	2759.0035230454655	0.75	68.231907
13395.989666672389	750	25.32363916802275	0.0	400396	3611.888472419469	0.75	69.601487
13400.273764233414	750	25.039541606997595	0.0	400508	4284.097561025156	0.75	67.821489
13404.187894800385	750	25.12541104002638	0.0	358218	3914.130566971217	0.75	64.789531
13407.625073218742	750	25.68823262167001	0.0	400322	3437.178418356367	0.75	60.651768
13413.155834824453	1850	24.157471015960503	0.0	885062	5530.761605709507	0.75	87.533761
13426.30974446044	1850	15.003561379973895	0.0	1035329	13153.909635986607	1.85	71.430146
13428.89770446532	750	16.415601375092585	0.0	401088	2587.9600048813095	-0.3500000000000001	69.915275
13430.948164331228	750	18.36514150918587	0.0	365161	2050.4598659067133	0.75	60.276519
13434.806649592945	1850	18.506656247467244	0.0	728962	3858.485261718629	0.75	86.066994
13438.58452353731	1850	18.728782303100253	0.0	938587	3777.8739443669915	1.85	86.593761
13441.763049295265	1850	19.550256545147036	0.0	908665	3178.525757953216	1.85	82.415248
13444.944176482348	1850	20.36912935806393	0.0	930577	3181.127187083108	1.85	83.556577
13447.76042870573	1850	21.552877134681367	0.0	858450	2816.252223382561	1.85	92.068418
13450.777559104172	1850	22.535746736238504	0.0	1025005	3017.1303984428637	1.85	85.276808
13453.088773820195	1850	24.22453202021545	0.0	886255	2311.214716023057	1.85	78.86339
13455.73722810717	1850	25.5760777332406	0.0	973972	2648.4542869748457	1.85	84.84845
13458.844578062133	1850	26.468727778276115	0.0	958994	3107.349954964482	1.85	87.119023
13462.727424754741	1850	26.585881085668493	0.0	982064	3882.846692607621	1.85	86.680563
13465.961283237497	1850	27.35202260291353	0.0	830730	3233.8584827549635	1.85	84.040637
13469.477015593597	1850	27.836290246814773	0.0	846370	3515.732356098755	1.85	92.020773

