11527.896558979724	750	4.0	6.835416697573638	450283	6835.416697573638	-28.642291799566642	64.858346
11531.203097201787	300	4.693461777936518	0.0	155580	3306.5382220634815	-0.15000000000000002	18.412623
11533.38941455973	300	6.507144419993679	0.0	139857	2186.3173579428385	0.3	17.596212
11535.425230333574	300	8.471328646148999	0.0	155432	2035.8157738446798	0.3	19.997309
11537.198540734134	300	10.698018245588635	0.0	163442	1773.310400560364	0.3	16.877619
11539.196471304002	300	12.700087675722632	0.0	126289	1997.9305698660023	0.3	18.579568
11540.56017624359	300	15.336382736134434	0.0	153295	1363.7049395881982	0.3	42.291519
11542.036424221353	300	17.860134758370997	0.0	173849	1476.2479777634353	0.3	35.451274
11545.058764712687	750	18.837794267037804	0.0	374758	3022.3404913331965	0.3	70.789292
11547.412150374	750	20.484408605725307	0.0	362795	2353.3856613124954	0.75	64.786022
11549.786068214604	750	22.110490765120833	0.0	353220	2373.9178406044734	0.75	70.008689
11554.033176906953	1200	21.863382072772996	0.0	594078	4247.108692347839	0.75	70.906301
11557.99298544891	1200	21.90357353081485	0.0	624282	3959.808541958143	1.2	73.534048
11562.135308414388	1200	21.761250565336884	0.0	687371	4142.322965477967	1.2	70.998108
11565.897985150874	1200	21.99857382885248	0.0	526950	3762.6767364844045	1.2	67.735752
11570.264356712632	1200	21.63220226709346	0.0	587876	4366.371561759015	1.2	72.569044
11578.175298809643	1850	17.721260170081294	0.0	966699	7910.942097012164	1.2000000000000002	86.226021
11583.848059368174	1850	16.04849961154978	0.0	885714	5672.760558531518	1.85	85.258591
11589.481764960916	1850	14.41479401880828	0.0	987708	5633.705592741499	1.85	79.995224
11594.180971968635	1850	13.715587011088669	0.0	923755	4699.207007719611	1.85	86.363677
11598.791558889	1850	13.105000090724683	0.0	891604	4610.586920363984	1.85	81.773294
11605.886216174704	1850	10.010342805020443	0.0	955231	7094.65728570424	1.85	79.031768
11614.306847054853	1850	5.589711924869307	0.0	968026	8420.630880151135	1.85	73.123347
11620.035212175964	1200	4.0	0.13865319624062886	536667	5728.365121109936	-0.04620874383470408	68.420849
11621.069993861125	300	6.965218314837946	0.0	146754	1034.7816851620537	-0.6000000000000001	25.355956
11622.071131088649	300	9.96408108731448	0.0	153938	1001.1372275234651	0.3	22.855883
11624.764566677004	750	11.270645498961029	0.0	425781	2693.4355883534513	0.3	65.665965
11626.720536930765	750	13.314675245200736	0.0	277716	1955.9702537602925	0.75	68.231907
11629.886996215711	750	14.148215960253028	0.0	400396	3166.459284947707	0.75	69.601487
11633.337720015144	750	14.697492160820513	0.0	400508	3450.7237994325146	0.75	67.821489
11638.773809159018	1200	13.26140301694631	0.0	570392	5436.089143874202	0.75	78.009495
11645.173704755227	1200	10.861507420739022	0.0	620283	6399.895596207289	1.2	72.909556
11650.290461706225	1200	9.744750469740906	0.0	584349	5116.756950998116	1.2	79.771897
11656.721195013228	1200	7.314017162738587	0.0	670129	6430.733307002319	1.2	62.28877
11660.136306969005	750	7.898905206959094	0.0	401088	3415.111955779493	0.3	69.915275
11663.139272336974	750	8.895939838991413	0.0	365161	3002.9653679676812	0.75	60.276519
11665.14901808924	750	10.88619408672394	0.0	321064	2009.7457522674733	0.75	67.040505
11667.526444203755	750	12.508767972210068	0.0	361565	2377.426114513871	0.75	66.788635
11670.065258418435	750	13.969953757529188	0.0	378327	2538.814214680879	0.75	62.32333
11677.348582577551	1200	10.686629598414012	0.0	587506	7283.3241591151755	0.75	72.886388
11681.420409993894	1200	10.614802182071122	0.0	566904	4071.827416342891	1.2	86.974261
11684.885836759844	750	11.14937541612049	0.0	384505	3465.426765950631	0.3	64.443828
11688.354419611305	750	11.680792564660905	0.0	372093	3468.582851459585	0.75	58.879512
11692.197039787157	750	11.838172388810245	0.0	438281	3842.620175850662	0.75	62.327504
11695.562736843125	750	12.47247533284128	0.0	398987	3365.6970559689657	0.75	63.729239
11702.683593837071	1200	9.351618338896804	0.0	638661	7120.856993944475	0.75	77.309224
11710.649874580396	1200	5.3853375955725	0.0	538612	7966.280743324304	1.2	74.51099
11716.135653804185	750	4.0	0.10044162821560258	314107	5485.779223788102	-0.1318990013270911	75.210559

