20692.473767426083	750	4.0	6.308048004947866	450283	6308.0480049478665	-26.374606421275825	64.858346
20695.50342513604	300	4.9703422900424306	0.0	155580	3029.6577099575693	-0.15000000000000002	18.412623
20697.111003655067	300	7.362763771014124	0.0	139857	1607.5785190283066	0.3	17.596212
20699.071943526542	300	9.401823899538504	0.0	155432	1960.9398714756198	0.3	19.997309
20701.46534971689	300	11.008417709192697	0.0	163442	2393.406190345805	0.3	16.877619
20702.899998427012	300	13.573768999071778	0.0	126289	1434.6487101209204	0.3	18.579568
20704.37891893643	300	16.094848489656087	0.0	153295	1478.92050941569	0.3	42.291519
20710.855655485957	750	13.618111940125937	0.0	437162	6476.736549530151	0.3	69.475262
20718.224998617006	750	10.248768809079676	0.0	374758	7369.343131046261	0.75	70.789292
20723.85672023838	750	8.617047187704944	0.0	362795	5631.721621374732	0.75	64.786022
20727.568903605556	750	8.904863820529423	0.0	353220	3712.1833671755203	0.75	70.008689
20733.759823328608	750	6.713944097477044	0.0	405134	6190.919723052379	0.75	59.00323
20735.233147159823	300	9.2406202662625	0.0	160746	1473.323831214545	-0.15000000000000002	21.445722
20736.640157192563	300	11.833610233524729	0.0	179801	1407.0100327377718	0.3	23.726678
20737.813711883457	300	14.66005554263082	0.0	140051	1173.5546908939084	0.3	21.119447
20740.21083084501	750	16.262936581073998	0.0	366214	2397.118961556824	0.3	58.858709
20742.53908119672	750	17.934686229368005	0.0	360831	2328.2503517059895	0.75	60.531124
20748.570108250056	1200	15.903659176031407	0.0	581493	6031.027053336597	0.75	79.137254
20753.779554557823	1200	14.69421286826583	0.0	639204	5209.446307765579	1.2	72.000653
20758.317969149746	1200	14.155798276341695	0.0	586839	4538.414591924134	1.2	79.134663
20762.585547083905	1200	13.88822034217903	0.0	601738	4267.577934162664	1.2	74.235946
20767.301112673384	1200	13.172654752702776	0.0	616206	4715.565589476254	1.2	68.532883
20772.524718767043	1200	11.949048659044568	0.0	656471	5223.606093658209	1.2	63.455907
20777.51203787808	1200	10.961729548004937	0.0	536667	4987.319111039629	1.2	68.420849
20782.606165351794	1200	9.867602074292371	0.0	587236	5094.127473712565	1.2	78.698824
20787.44704293682	1200	9.026724489263692	0.0	590335	4840.87758502868	1.2	79.644231
20792.981838134892	1200	7.4919292911932525	0.0	696376	5534.795198070439	1.2	80.745588
20796.03231953734	1200	8.441447888748677	0.0	487160	3050.481402444576	1.2	80.893459
20800.211351901078	1200	8.26241552501093	0.0	622896	4179.032363737748	1.2	80.053124
20805.37713693266	1200	7.096630493428621	0.0	641447	5165.785031582308	1.2	80.154442
20809.750346387067	1200	6.723421039022946	0.0	570392	4373.209454405675	1.2	78.009495
20814.972906467465	1200	5.500860958623795	0.0	620283	5222.560080399151	1.2	72.909556
20819.99550317176	1200	4.478264254328643	0.0	584349	5022.5967042951515	1.2	79.771897
20823.927827998737	750	4.545939427350048	0.0	412837	3932.3248269785945	0.3	49.996929
20827.487745541333	750	4.986021884755602	0.0	401088	3559.9175425944463	0.75	69.915275
20831.532628266967	750	4.941139159122822	0.0	365161	4044.882725632781	0.75	60.276519
20836.023336352395	750	4.450431073696138	0.0	321064	4490.708085426684	0.75	67.040505
20838.58541998873	300	5.888347437360153	0.0	124011	2562.0836363359845	-0.15000000000000002	21.943337
20842.461197666464	300	6.012569759625321	0.0	144254	3875.7776777348317	0.3	12.774971
20844.52620425527	300	7.9475631708173955	0.0	149991	2065.006588807926	0.3	17.21265
20846.14875372198	300	10.32501370411157	0.0	147968	1622.549466705826	0.3	5.263918
20849.077698575515	300	11.396068850574869	0.0	161857	2928.9448535367	0.3	26.901789
20851.417330358738	300	13.056437067354937	0.0	145210	2339.631783219933	0.3	23.926655
20853.978922626415	300	14.494844799678576	0.0	172312	2561.592267676361	0.3	26.146503
20856.82433626775	300	15.649431158341718	0.0	167025	2845.413641336858	0.3	26.908827
20861.672786262396	750	14.800981163696125	0.0	393804	4848.449994645593	0.3	62.845425
20864.33122297589	750	16.142544450204085	0.0	331053	2658.4367134920394	0.75	60.678126
20868.345048245228	1200	16.128719180863428	0.0	550906	4013.825269340659	0.75	86.366143

