19672.145413037564	750	4.0	8.793419615156727	450283	8793.419615156727	-37.06170434517393	64.858346
19675.14577434482	300	4.999638692742964	0.0	155580	3000.361307257036	-0.15000000000000002	18.412623
19680.938318663862	750	4.0	0.7929056262980712	350812	5792.544319041035	-3.109494193081706	60.430767
19683.304410976754	300	5.633907687107949	0.0	155432	2366.0923128920517	-0.15000000000000002	19.997309
19689.31790084636	750	4.0	0.3795821824960958	411561	6013.4898696040445	-1.332203384733212	51.003805
19691.1931613555	300	6.124739490858479	0.0	126289	1875.2605091415205	-0.15000000000000002	18.579568
19696.04950791824	750	5.268392928118541	0.0	352642	4856.346562739938	0.3	81.00828
19698.472422703744	300	6.845478142615933	0.0	173849	2422.914785502607	-0.15000000000000002	35.451274
19700.760021065955	300	8.557879780403512	0.0	150710	2287.5983622124195	0.3	28.497356
19706.389729389168	750	6.928171457188565	0.0	362795	5629.708323214948	0.3	64.786022
19708.903027362496	300	8.414873483859775	0.0	141840	2513.29797332879	-0.15000000000000002	2.177717
19711.037394324183	300	10.28050652217037	0.0	156148	2134.3669616894053	0.3	19.431299
19713.32175523433	300	11.996145612022508	0.0	160746	2284.3609101478614	0.3	21.445722
19715.909543023718	300	13.408357822636834	0.0	179801	2587.7877893856758	0.3	23.726678
19718.125519386245	300	15.192381460105327	0.0	140051	2215.9763625315063	0.3	21.119447
19724.891110507077	750	12.426790339277124	0.0	366214	6765.591120828203	0.3	58.858709
19727.058175173315	300	14.259725673034373	0.0	143509	2167.0646662427507	-0.15000000000000002	18.452936
19729.128970566966	300	16.18893027938482	0.0	150616	2070.795393649552	0.3	35.116669
19731.541326985705	300	17.77657386064343	0.0	165384	2412.3564187413904	0.3	26.310814
19733.60332649815	300	19.71457434820369	0.0	140881	2061.999512439739	0.3	26.782579
19736.009386903603	300	21.308513942748718	0.0	157671	2406.060405454974	0.3	28.807059
19738.57539585498	300	22.74250499137305	0.0	157812	2566.0089513756698	0.3	21.07483
19741.131439064346	300	24.186461782007182	0.0	163927	2556.0432093658674	0.3	16.837774
19746.67201194586	750	22.64588890049617	0.0	343800	5540.572881511012	0.3	55.451197
19749.121801903686	300	24.19609894266705	0.0	146754	2449.7899578291212	-0.15000000000000002	25.355956
19751.607351653285	300	25.710549193067518	0.0	153938	2485.5497495995337	0.3	22.855883
19758.581513966586	750	22.736386879764993	0.0	425781	6974.162313302525	0.3	65.665965
19760.332319581663	300	24.985581264690627	0.0	111155	1750.8056150743644	-0.15000000000000002	12.138089
19766.28068374047	750	23.03721710588038	0.0	400396	5948.3641588102455	0.3	69.601487
19770.865430418355	750	22.452470427999007	0.0	400508	4584.746677881373	0.75	67.821489
19774.235936371144	750	23.081964475207194	0.0	358218	3370.5059527918143	0.75	64.789531
19778.14517787803	750	23.17272296832035	0.0	400322	3909.241506886842	0.75	60.651768
19782.609208971917	750	22.708691874433043	0.0	369834	4464.031093887308	0.75	68.369339
19787.462427627397	750	21.855473218956543	0.0	412837	4853.2186554764985	0.75	49.996929
19792.335558391682	750	20.982342454670448	0.0	401088	4873.130764286096	0.75	69.915275
19798.77336991473	750	18.544530931623886	0.0	365161	6437.811523046565	0.75	60.276519
19803.554399161407	750	17.763501684947926	0.0	321064	4781.029246675961	0.75	67.040505
19807.92993044761	750	17.38797039874184	0.0	361565	4375.531286206086	0.75	66.788635
19812.770121418	750	16.547779428349887	0.0	378327	4840.19097039195	0.75	62.32333
19817.57986610044	750	15.738034745912431	0.0	390680	4809.744682437457	0.75	61.525566
19821.359178890667	750	15.958721955687029	0.0	345516	3779.312790225401	0.75	79.583372
19825.776658250066	750	15.541242596287212	0.0	384505	4417.479359399818	0.75	64.443828
19830.426117638523	750	14.891783207835394	0.0	372093	4649.459388451818	0.75	58.879512
19835.94772337823	750	13.370177468127284	0.0	438281	5521.6057397081095	0.75	62.327504
19840.922919038432	750	12.394981807922955	0.0	398987	4975.195660204329	0.75	63.729239
19845.54115457979	750	11.776746266565297	0.0	393804	4618.235541357659	0.75	62.845425
19849.63704028017	750	11.680860566186299	0.0	331053	4095.885700378998	0.75	60.678126
19853.576815251967	750	11.741085594393196	0.0	314107	3939.774971793103	0.75	75.210559

