21601.68381163605	750	4.0	3.1328471558220468	450283	3132.8471558220467	-12.7212427700348	64.858346
21604.140540103883	750	5.54327153216687	0.0	398865	2456.72846783313	0.75	57.017244
21606.179200033985	750	7.504611602065916	0.0	350812	2038.6599301009546	0.75	60.430767
21610.00372074184	1200	7.68009089421407	0.0	617681	3824.520707851846	0.75	69.474665
21614.874484801556	1200	6.809326834495646	0.0	652874	4870.764059718424	1.2	64.23322
21619.347860992355	1200	6.335950643699007	0.0	520315	4473.376190796638	1.2	75.14582
21624.094734548245	1200	5.589077087806423	0.0	561791	4746.873555892585	1.2	89.177904
21628.28810546867	750	5.395706167381688	0.0	437162	4193.370920424735	0.3	69.475262
21631.062204545393	750	6.621607090656853	0.0	374758	2774.099076724835	0.75	70.789292
21633.56950119442	750	8.11431044163138	0.0	362795	2507.296649025472	0.75	64.786022
21637.27867841243	750	8.405133223619574	0.0	353220	3709.1772180118073	0.75	70.008689
21640.325774066507	750	9.35803756954258	0.0	405134	3047.095654076994	0.75	59.00323
21643.60532351992	750	10.078488116128803	0.0	386351	3279.549453413777	0.75	59.358241
21647.214058024358	750	10.469753611692935	0.0	434409	3608.7345044358676	0.75	56.692976
21649.76931766192	750	11.914493974129622	0.0	337059	2555.2596375633125	0.75	54.76216
21652.55122134811	750	13.132590287939767	0.0	366214	2781.9036861898553	0.75	58.858709
21657.018203765165	1200	12.665607870884262	0.0	617242	4466.982417055505	0.75	75.662786
21661.759336155374	1200	11.92447548067582	0.0	581493	4741.1323902084405	1.2	79.137254
21667.247561473017	1200	10.436250163032474	0.0	639204	5488.225317643347	1.2	72.000653
21672.292671964544	1200	9.391139671501685	0.0	586839	5045.110491530787	1.2	79.134663
21677.724579720085	1200	7.959231915962105	0.0	601738	5431.90775553958	1.2	74.235946
21681.528815587924	750	8.154996048123472	0.0	399894	3804.235867838633	0.3	55.443233
21685.812153520805	1200	7.871658115242493	0.0	656471	4283.337932880979	0.75	63.455907
21688.91909616975	1200	8.764715466293831	0.0	536667	3106.9426489486623	1.2	68.420849
21692.692306595756	1200	8.991505040287072	0.0	587236	3773.210426006759	1.2	78.698824
21697.148802493102	1200	8.5350091429418	0.0	590335	4456.495897345271	1.2	79.644231
21703.083156250046	1200	6.600655385998433	0.0	696376	5934.353756943366	1.2	80.745588
21707.467946884615	1200	6.215864751430486	0.0	487160	4384.790634567948	1.2	80.893459
21712.67112836384	1200	5.012683272203998	0.0	622896	5203.181479226488	1.2	80.053124
21715.328333151516	750	6.355478484529533	0.0	400508	2657.2047876744655	0.3	67.821489
21719.013534326423	750	6.670277309621139	0.0	358218	3685.2011749083945	0.75	64.789531
21722.157274258745	750	7.526537377301731	0.0	400322	3143.7399323194077	0.75	60.651768
21725.15552534008	750	8.528286295964987	0.0	369834	2998.251081336744	0.75	68.369339
21728.828568452096	750	8.855243183946953	0.0	412837	3673.043112018033	0.75	49.996929
21731.74902445159	750	9.934787184455121	0.0	401088	2920.455999491833	0.75	69.915275
21734.53083925492	750	11.152972381128471	0.0	365161	2781.8148033266502	0.75	60.276519
21737.95946159377	1200	11.724350042278058	0.0	487812	3428.6223388504127	0.75	77.846693
21742.56688912408	1200	11.116922511972414	0.0	575591	4607.427530305643	1.2	77.292461
21747.979280713706	1200	9.70453092234023	0.0	605884	5412.391589632185	1.2	74.001829
21752.897543321877	1200	8.786268314168279	0.0	587506	4918.262608171951	1.2	72.886388
21757.72383402408	1200	7.959977611965044	0.0	566904	4826.290702203235	1.2	86.974261
21763.770108740082	1200	5.913702895965626	0.0	641452	6046.274715999418	1.2	75.706383
21766.389826809183	750	7.293984826863587	0.0	372093	2619.7180691020385	0.3	58.879512
21768.994234034068	750	8.68957760197714	0.0	438281	2604.4072248864472	0.75	62.327504
21771.37792296674	750	10.305888669303773	0.0	398987	2383.688932673367	0.75	63.729239
21775.57222225477	1200	10.111589381273108	0.0	638661	4194.299288030666	0.75	77.309224
21779.702817843892	1200	9.98099379215303	0.0	538612	4130.59558912008	1.2	74.51099
21784.352870576895	1200	9.330941059149636	0.0	550906	4650.052733003393	1.2	86.366143

