16288.612277320586	750	4.0	4.39150033291431	450283	4391.50033291431	-18.133451431531533	64.858346
16289.998257077137	300	6.61402024344835	0.0	155580	1385.979756551649	-0.15000000000000002	18.412623
16292.919215230871	750	7.69306208971392	0.0	350812	2920.958153734431	0.3	60.430767
16295.42601773432	750	9.186259586265004	0.0	382355	2506.8025034489156	0.75	55.551349
16298.164670089343	750	10.447607231242422	0.0	411561	2738.652355022583	0.75	51.003805
16300.132313514156	750	12.47996380642906	0.0	318564	1967.6434248133637	0.75	62.986308
16302.614839267408	750	13.997438053177731	0.0	352642	2482.5257532513274	0.75	81.00828
16305.68893123982	750	14.92334608076694	0.0	437162	3074.0919724107916	0.75	69.475262
16309.682275173725	1200	14.930002146861003	0.0	584846	3993.3439339059364	0.75	82.430225
16313.495782861175	1200	15.116494459411038	0.0	560821	3813.5076874499646	1.2	76.960357
16316.803890367357	1200	15.808386953229784	0.0	607410	3308.1075061812553	1.2	82.096766
16320.511131326124	1200	16.101145994461984	0.0	594078	3707.240958767799	1.2	70.906301
16324.658128523362	1200	15.95414879722246	0.0	624282	4146.997197239523	1.2	73.534048
16329.16875054437	1200	15.44352677621623	0.0	687371	4510.62202100623	1.2	70.998108
16332.53426706744	1200	16.078010253145052	0.0	526950	3365.5165230711746	1.2	67.735752
16337.107163274743	1200	15.505114045841806	0.0	587876	4572.896207303248	1.2	72.569044
16341.615610679137	1200	14.996666641447279	0.0	617242	4508.447404394527	1.2	75.662786
16344.339281934328	750	16.27299538625507	0.0	372963	2723.67125519221	0.3	69.564049
16348.700639945779	750	15.911637374803925	0.0	405596	4361.358011451142	0.75	60.564875
16351.265047418865	750	17.347229901718727	0.0	350713	2564.407473085201	0.75	67.172129
16353.593528591104	750	19.01874872947849	0.0	386472	2328.4811722402387	0.75	62.777649
16356.16623716145	750	20.44604015913167	0.0	399894	2572.70857034682	0.75	55.443233
16358.951162926236	750	21.661114394345287	0.0	401853	2784.925764786382	0.75	47.960406
16361.66442904954	750	22.94784827104185	0.0	343800	2713.2661233034382	0.75	55.451197
16364.154031812921	750	24.458245507660646	0.0	359903	2489.602763381205	0.75	66.786337
16368.352446948704	750	24.259830371878216	0.0	379700	4198.415135782429	0.75	66.676537
16374.259427974317	750	22.352849346265298	0.0	425781	5906.981025612917	0.75	65.665965
16379.937917430501	750	20.674359890081227	0.0	277716	5678.489456184068	0.75	68.231907
16383.067581179654	300	21.54469614092902	0.0	153605	3129.663749152209	-0.15000000000000002	28.256686
16386.06109728571	300	22.551180034872473	0.0	149029	2993.516106056549	0.3	23.365013
16389.082239817686	300	23.530037502895983	0.0	157421	3021.1425319764903	0.3	25.589487
16392.114257687652	300	24.498019632931296	0.0	157488	3032.017869964686	0.3	17.795984
16394.341856046016	300	26.270421274565912	0.0	143881	2227.5983583653833	0.3	25.091594
16395.928342715488	300	28.683934605093206	0.0	163444	1586.4866694727054	0.3	17.178658
16397.771544568775	300	30.840732751804676	0.0	179328	1843.2018532885306	0.3	28.893466
16399.087790010897	300	33.52448730968423	0.0	159914	1316.2454421204425	0.3	21.738399
16400.18207368394	300	36.430203636640115	0.0	131610	1094.283673044116	0.3	28.4111
16402.940283499047	750	37.67199382153574	0.0	361565	2758.209815104372	0.3	66.788635
16406.78826562589	750	37.82401169468866	0.0	378327	3847.9821268470873	0.75	62.32333
16410.22968805381	750	38.38258926677411	0.0	390680	3441.4224279145437	0.75	61.525566
16413.360699310597	750	39.251578009985785	0.0	345516	3131.011256788325	0.75	79.583372
16416.75100949171	750	39.8612678288724	0.0	384505	3390.31018111339	0.75	64.443828
16421.164428489967	750	39.44784883061227	0.0	372093	4413.418998260122	0.75	58.879512
16426.13852878325	750	38.473748537331986	0.0	438281	4974.10029328029	0.75	62.327504
16432.133813455166	750	36.478463865414824	0.0	398987	5995.284671917163	0.75	63.729239
16433.526451544538	300	39.08582577604501	0.0	160064	1392.6380893698094	-0.15000000000000002	27.591437
16434.657565739944	300	41.954711580636655	0.0	137507	1131.1141954083575	0.3	25.36694
16435.684740507262	300	44.92753681331733	0.0	118421	1027.1747673193254	0.3	36.062877

