12130.530909614878	750	4.0	2.600378850967279	450283	2600.378850967279	-10.431629059159299	64.858346
12131.319115549037	300	7.21179406583987	0.0	155580	788.2059341601297	-0.15000000000000002	18.412623
12133.074706445139	750	9.456203169738979	0.0	350812	1755.5908961008906	0.3	60.430767
12135.345430655427	750	11.185478959450016	0.0	382355	2270.7242102889627	0.75	55.551349
12138.178438910156	750	12.352470704721185	0.0	411561	2833.0082547288307	0.75	51.003805
12141.107781891546	750	13.423127723331529	0.0	318564	2929.342981389657	0.75	62.986308
12144.393895042884	750	14.13701457199365	0.0	352642	3286.1131513378787	0.75	81.00828
12147.517671655973	750	15.013237958902742	0.0	437162	3123.776613090907	0.75	69.475262
12151.686324536398	750	14.84458507847791	0.0	374758	4168.652880424832	0.75	70.789292
12154.799845247617	750	15.731064367258975	0.0	362795	3113.5207112189346	0.75	64.786022
12157.454557418856	750	17.076352196019464	0.0	353220	2654.7121712395124	0.75	70.008689
12161.010483288443	750	17.520426326433494	0.0	405134	3555.92586958597	0.75	59.00323
12163.687384416453	750	18.843525198422707	0.0	386351	2676.9011280107857	0.75	59.358241
12167.221453911967	750	19.30945570290921	0.0	434409	3534.0694955134973	0.75	56.692976
12173.606229213681	750	16.92468040119599	0.0	337059	6384.77530171322	0.75	54.76216
12180.310771891207	750	14.2201377236706	0.0	366214	6704.542677525392	0.75	58.858709
12184.087771762155	750	14.443137852722288	0.0	360831	3776.9998709483116	0.75	60.531124
12188.086906034468	750	14.444003580408687	0.0	372963	3999.1342723136	0.75	69.564049
12193.318438854445	750	13.212470760431993	0.0	405596	5231.5328199766955	0.75	60.564875
12195.805118603745	750	14.72579101113093	0.0	350713	2486.679749301062	0.75	67.172129
12198.320110053755	750	16.210799561121092	0.0	386472	2514.991450009839	0.75	62.777649
12200.331809406382	750	18.19910020849504	0.0	399894	2011.699352626052	0.75	55.443233
12202.920379432306	750	19.61053018257096	0.0	401853	2588.570025924076	0.75	47.960406
12205.64498433347	750	20.885925281406966	0.0	343800	2724.6049011639966	0.75	55.451197
12208.984372692903	750	21.546536921973146	0.0	359903	3339.38835943382	0.75	66.786337
12211.964513824538	750	22.566395790338515	0.0	379700	2980.1411316346325	0.75	66.676537
12214.648564124405	750	23.88234549047064	0.0	425781	2684.0502998678758	0.75	65.665965
12218.841928871423	1850	23.6889807434536	0.0	758197	4193.364747017041	0.75	87.50057
12225.037948375777	1850	21.492961239100623	0.0	972798	6196.019504352978	1.85	88.832031
12230.892890630246	1850	19.63801898463063	0.0	975811	5854.942254469993	1.85	89.334885
12237.688130686262	1850	16.84277892861606	0.0	873429	6795.2400560145725	1.85	87.120667
12242.920234700778	1850	15.610674914098167	0.0	954453	5232.104014517893	1.85	83.67714
12250.048816533234	1850	12.48209308164316	0.0	885062	7128.5818324550055	1.85	87.533761
12257.931876821598	1850	8.599032793279298	0.0	1035329	7883.060288363863	1.85	71.430146
12259.877764838615	750	10.653144776261273	0.0	401088	1945.8880170180244	-0.3500000000000001	69.915275
12261.432978912539	750	13.097930702338719	0.0	365161	1555.2140739225547	0.75	60.276519
12263.173838355451	750	15.35707125942439	0.0	321064	1740.8594429143288	0.75	67.040505
12265.061639087882	750	17.46927052699455	0.0	361565	1887.8007324298405	0.75	66.788635
12266.878420938148	750	19.65248867672795	0.0	378327	1816.781850266602	0.75	62.32333
12270.827143632358	1850	19.7037659825192	0.0	930577	3948.7226942087495	0.75	83.556577
12273.906146686031	1850	20.624762928846085	0.0	858450	3079.0030536731188	1.85	92.068418
12277.88862786265	1850	20.6422817522253	0.0	1025005	3982.481176620782	1.85	85.276808
12280.77919152203	1850	21.751718092845326	0.0	886255	2890.5636593799754	1.85	78.86339
12283.930863946814	1850	22.600045668062055	0.0	973972	3151.67242478327	1.85	84.84845
12287.45549170979	1850	23.07541790508492	0.0	958994	3524.627762977135	1.85	87.119023
12290.558729181905	1850	23.97218043297156	0.0	982064	3103.2374721133615	1.85	86.680563
12293.019514008534	1850	25.51139560634052	0.0	830730	2460.7848266310375	1.85	84.040637
12296.598939677282	1850	25.931969937595106	0.0	846370	3579.425668745416	1.85	92.020773

