25560.08701566457	750	4.0	3.3429362672757508	450283	3342.9362672757507	-13.624625949285727	64.858346
25561.27513732169	300	6.811878342882704	0.0	155580	1188.1216571172963	-0.15000000000000002	18.412623
25564.05501280341	750	8.032002861160601	0.0	350812	2779.8754817221034	0.3	60.430767
25566.790019878856	750	9.296995785711339	0.0	382355	2735.0070754492613	0.75	55.551349
25570.024030851782	750	10.062984812786814	0.0	411561	3234.010972924525	0.75	51.003805
25572.11473243026	750	11.972283234312686	0.0	318564	2090.7015784741266	0.75	62.986308
25574.915542025574	1200	13.171473638996213	0.0	561791	2800.8095953164743	0.75	89.177904
25578.918968431248	1200	13.16804723332148	0.0	709534	4003.426405674733	1.2	82.426144
25581.43613704864	1200	14.650878615932374	0.0	584846	2517.168617389107	1.2	82.430225
25584.033783051636	1200	16.053232612935915	0.0	560821	2597.646002996459	1.2	76.960357
25586.746258444367	1200	17.340757220204555	0.0	607410	2712.475392731358	1.2	82.096766
25590.675782339447	1850	17.411233325128165	0.0	917428	3929.5238950763874	1.2000000000000002	82.202545
25596.277536845948	1850	15.809478818626328	0.0	946851	5601.754506501838	1.85	83.629776
25606.47824192873	1850	9.608773735845705	0.0	1036454	10200.705082780623	1.85	80.875505
25611.79726896705	1200	8.289746697523025	0.0	526950	5319.02703832268	0.5499999999999999	67.735752
25615.826366146204	750	8.260649518372785	0.0	366214	4029.0971791502398	0.3	58.858709
25620.598612939775	750	7.488402724800973	0.0	360831	4772.246793571813	0.75	60.531124
25622.632252504744	300	9.454763159833945	0.0	150616	2033.6395649670274	-0.15000000000000002	35.116669
25624.910525731306	300	11.176489933270558	0.0	165384	2278.2732265633867	0.3	26.310814
25627.21240461133	300	12.87461105324776	0.0	140881	2301.878880022798	0.3	26.782579
25629.842615709527	300	14.244399955050612	0.0	157671	2630.2110981971473	0.3	28.807059
25632.65433600951	300	15.43267965507004	0.0	157812	2811.7202999805727	0.3	21.07483
25635.353059228873	300	16.733956435705213	0.0	163927	2698.7232193648238	0.3	16.837774
25636.356433216995	300	19.730582447583537	0.0	137654	1003.3739881216796	0.3	6.466535
25637.26446300661	300	22.82255265797073	0.0	146754	908.0297896128086	0.3	25.355956
25639.51678808471	750	24.570227579867574	0.0	379700	2252.3250781031556	0.3	66.676537
25642.228377831776	750	25.858637832805115	0.0	425781	2711.5897470624604	0.75	65.665965
25645.39673352243	1200	26.690282142151748	0.0	487160	3168.355690653368	0.75	80.893459
25649.563213669528	1200	26.523801995052775	0.0	622896	4166.480147098973	1.2	80.053124
25652.97765323224	1200	27.10936243234183	0.0	641447	3414.439562710943	1.2	80.154442
25655.846155407788	1200	28.24086025679579	0.0	570392	2868.502175546039	1.2	78.009495
25659.992480732468	1850	28.09453493211635	0.0	954453	4146.325324679441	1.2000000000000002	83.67714
25664.450909740608	1850	27.636105923974267	0.0	885062	4458.429008142082	1.85	87.533761
25669.42677849914	1850	26.660237165443483	0.0	1035329	4975.868758530784	1.85	71.430146
25677.479799272398	1850	22.607216392181726	0.0	1026056	8053.020773261755	1.85	97.037422
25690.883640947457	1850	13.203374717123335	0.0	943942	13403.841675058391	1.85	90.168439
25698.547830718187	1200	9.539184946394503	0.0	487812	7664.189770728831	0.5499999999999999	77.846693
25702.691042429135	750	9.395973235444957	0.0	361565	4143.211710949547	0.3	66.788635
25704.3774770028	300	11.709538661780112	0.0	144254	1686.4345736648452	-0.15000000000000002	12.774971
25706.95198454482	300	13.135031119760141	0.0	149991	2574.507542019971	0.3	17.21265
25709.034375986408	300	15.052639678170934	0.0	147968	2082.3914415892073	0.3	5.263918
25710.58341653526	300	17.50359912931679	0.0	161857	1549.0405488541423	0.3	26.901789
25711.86590755468	300	20.22110810990134	0.0	145210	1282.4910194154502	0.3	23.926655
25715.248468474034	750	20.838547190547416	0.0	438281	3382.5609193539235	0.3	62.327504
25718.12790693136	750	21.9591087332227	0.0	398987	2879.438457324715	0.75	63.729239
25720.977771047437	750	23.10924461714706	0.0	393804	2849.86411607564	0.75	62.845425
25727.2098777955	1850	20.877137869082528	0.0	830730	6232.106748064528	0.75	84.040637
25741.595645188652	2850	10.49137047592851	0.0	1364537	14385.76739315402	1.85	97.895096

