10769.353944476214	750	4.0	6.650702047500183	450283	6650.702047500184	-27.84801880425079	64.858346
10772.56227651759	300	4.7916679586228605	0.0	155580	3208.33204137714	-0.15000000000000002	18.412623
10775.315374296559	300	6.038570179654275	0.0	139857	2753.0977789685853	0.3	17.596212
10778.904863623777	300	6.449080852435839	0.0	155432	3589.4893272184354	0.3	19.997309
10782.399186888908	300	6.9547575873057905	0.0	163442	3494.323265130049	0.3	16.877619
10783.954748964563	300	9.399195511649754	0.0	126289	1555.5620756560363	0.3	18.579568
10786.20833766894	300	11.145606807272678	0.0	153295	2253.5887043770767	0.3	42.291519
10788.783571480704	300	12.570372995509178	0.0	173849	2575.233811763499	0.3	35.451274
10791.193269500485	300	14.16067497572826	0.0	150710	2409.6980197809194	0.3	28.497356
10793.721220061658	300	15.632724414555573	0.0	139105	2527.950561172686	0.3	21.660501
10796.44796827242	300	16.905976203793937	0.0	141840	2726.7482107616383	0.3	2.177717
10799.327291543457	300	18.02665293275635	0.0	156148	2879.3232710375887	0.3	19.431299
10801.359709605631	300	19.99423487058342	0.0	160746	2032.4180621729286	0.3	21.445722
10803.803713349505	300	21.550231126707583	0.0	179801	2444.003743875837	0.3	23.726678
10805.748163010758	300	23.605781465455838	0.0	140051	1944.4496612517448	0.3	21.119447
10809.934792344862	750	23.419152131350156	0.0	366214	4186.629334105685	0.3	58.858709
10813.943931234908	750	23.41001324130564	0.0	360831	4009.138890044513	0.75	60.531124
10818.418300553985	750	22.935643922228962	0.0	372963	4474.36931907668	0.75	69.564049
10823.177222494754	750	22.176721981459774	0.0	405596	4758.921940769188	0.75	60.564875
10828.014573105316	750	21.339371370898043	0.0	350713	4837.350610561729	0.75	67.172129
10832.96133668878	750	20.392607787432578	0.0	386472	4946.763583465463	0.75	62.777649
10836.63062985755	750	20.723314618664258	0.0	399894	3669.29316876832	0.75	55.443233
10840.098636337965	750	21.25530813824843	0.0	401853	3468.006480415827	0.75	47.960406
10843.278406637788	750	22.075537838427124	0.0	343800	3179.770299821305	0.75	55.451197
10848.187021993566	750	21.166922482649216	0.0	359903	4908.615355777907	0.75	66.786337
10853.114764639487	750	20.239179836728084	0.0	379700	4927.742645921135	0.75	66.676537
10856.769962637221	750	20.58398183899465	0.0	425781	3655.1979977334327	0.75	65.665965
10859.277070968983	750	22.076873507232104	0.0	277716	2507.1083317625466	0.75	68.231907
10864.449511424018	750	20.904433052197447	0.0	400396	5172.4404550346535	0.75	69.601487
10870.553680195724	750	18.80026428049071	0.0	400508	6104.16877170674	0.75	67.821489
10877.13404213882	750	16.21990233739611	0.0	358218	6580.361943094598	0.75	64.789531
10878.324293121623	300	19.029651354591355	0.0	157488	1190.2509828047537	-0.15000000000000002	17.795984
10881.519834532372	750	19.834109943844087	0.0	369834	3195.5414107472675	0.3	68.369339
10883.193923180876	300	22.160021295338538	0.0	163444	1674.0886485055485	-0.15000000000000002	17.178658
10888.729396124483	750	20.624548351730933	0.0	401088	5535.472943607607	0.3	69.915275
10897.058442809646	750	16.295501666568647	0.0	365161	8329.046685162284	0.75	60.276519
10903.419047624431	750	13.934896851783936	0.0	321064	6360.604814784712	0.75	67.040505
10906.522015445398	300	14.831929030817959	0.0	124011	3102.9678209659774	-0.15000000000000002	21.943337
10908.265207417055	300	17.088737059161993	0.0	144254	1743.1919716559676	0.3	12.774971
10909.814410836967	300	19.53953363924889	0.0	149991	1549.203419913101	0.3	17.21265
10911.343798411139	300	22.010146065076427	0.0	147968	1529.387574172462	0.3	5.263918
10912.872447993272	300	24.48149648294358	0.0	161857	1528.6495821328479	0.3	26.901789
10915.989659180828	750	25.36428529538767	0.0	372093	3117.2111875559094	0.3	58.879512
10919.404536708258	750	25.949407767957425	0.0	438281	3414.877527430245	0.75	62.327504
10924.90809442672	1200	24.445850049493295	0.0	630203	5503.557718464131	0.75	77.745919
10938.111004307415	1200	15.242940168798786	0.0	638661	13202.909880694511	1.2	77.309224
10946.245931097701	750	11.108013378513485	0.0	331053	8134.926790285299	0.3	60.678126
10948.25279603427	300	13.101148441942891	0.0	118421	2006.8649365705958	-0.15000000000000002	36.062877

