26580.60510363366	750	4.0	3.8635903273045304	450283	3863.5903273045305	-15.863438407409479	64.858346
26581.84544103991	300	6.759662593753583	0.0	155580	1240.3374062464177	-0.15000000000000002	18.412623
26586.48744416334	1200	6.117659470319446	0.0	571051	4642.003123434137	0.29999999999999993	73.587374
26591.635848287904	1200	4.969255345756171	0.0	617681	5148.404124563275	1.2	69.474665
26594.800397163082	750	5.804706470577138	0.0	411561	3164.548875179034	0.3	51.003805
26598.84672013814	1200	5.758383495519687	0.0	520315	4046.3229750574505	0.75	75.14582
26603.77117127846	1200	4.833932355199968	0.0	561791	4924.451140319719	1.2	89.177904
26605.532373270245	300	7.072730363412494	0.0	173849	1761.2019917874743	-0.6000000000000001	35.451274
26609.001851845525	750	7.603251788132694	0.0	374758	3469.4785752797993	0.3	70.789292
26610.276554586857	300	10.328549046801378	0.0	139105	1274.702741331318	-0.15000000000000002	21.660501
26613.838781013314	750	10.766322620344894	0.0	353220	3562.226426456484	0.3	70.008689
26618.06246356517	750	10.542640068487355	0.0	405134	4223.68255185754	0.75	59.00323
26621.251788035297	300	11.35331559836154	0.0	160746	3189.3244701258154	-0.15000000000000002	21.445722
26625.425461277344	300	11.179642356312744	0.0	179801	4173.673242048795	0.3	23.726678
26628.533517755317	300	12.07158587833854	0.0	140051	3108.056477974203	0.3	21.119447
26632.186222629898	300	12.418881003758155	0.0	138313	3652.704874580386	0.3	19.984984
26635.499511083264	300	13.105592550390968	0.0	143509	3313.288453367187	0.3	18.452936
26639.601507410927	300	13.00359622272559	0.0	150616	4101.996327665377	0.3	35.116669
26643.419381210362	300	13.185722423291864	0.0	165384	3817.8737994337275	0.3	26.310814
26646.813418842583	300	13.791684791067878	0.0	140881	3394.0376322239863	0.3	26.782579
26650.242873147716	300	14.362230485938	0.0	157671	3429.4543051298765	0.3	28.807059
26653.459348206845	300	15.145755426808243	0.0	157812	3216.475059129756	0.3	21.07483
26658.14454551554	300	14.460558118113106	0.0	163927	4685.197308695138	0.3	16.837774
26662.490295954045	300	14.114807679608528	0.0	137654	4345.750438504578	0.3	6.466535
26665.935228980103	300	14.66987465355184	0.0	146754	3444.933026056687	0.3	25.355956
26668.002943445015	300	16.602160188636375	0.0	153938	2067.714464915465	0.3	22.855883
26669.880211492975	300	18.72489214067708	0.0	181901	1877.2680479592948	0.3	27.469573
26670.966779171038	300	21.638324462612083	0.0	111155	1086.5676780650003	0.3	12.138089
26672.530657781983	300	24.074445851665093	0.0	153605	1563.878610946991	0.3	28.256686
26679.152068139887	750	21.453035493761817	0.0	400508	6621.410357903275	0.3	67.821489
26689.099685592708	750	15.505418040941159	0.0	358218	9947.61745282066	0.75	64.789531
26693.205643413832	300	15.399460219818248	0.0	157488	4105.957821122909	-0.15000000000000002	17.795984
26697.051876337802	300	15.55322729584354	0.0	143881	3846.2329239747105	0.3	25.091594
26701.018129156957	300	15.586974476689942	0.0	163444	3966.252819153597	0.3	17.178658
26711.4532464283	750	9.151857205347765	0.0	401088	10435.117271342177	0.3	69.915275
26714.12076445447	300	10.4843391791783	0.0	159914	2667.5180261694654	-0.15000000000000002	21.738399
26716.596191024575	300	12.008912609072937	0.0	131610	2475.426570105363	0.3	28.4111
26724.005040416792	750	8.600063216857707	0.0	361565	7408.849392215231	0.3	66.788635
26727.348691070165	300	9.256412563485073	0.0	144254	3343.6506533726338	-0.15000000000000002	12.774971
26737.006863033872	750	4.0	0.4017594002221631	390680	9658.171963707237	-1.4275654209553013	61.525566
26740.118000747338	300	4.888862286535024	0.0	147968	3111.1377134649765	-0.15000000000000002	5.263918
26742.472544476095	300	6.534318557778424	0.0	161857	2354.5437287565996	0.3	26.901789
26747.582351203855	750	5.424511830018028	0.0	372093	5109.806727760396	0.3	58.879512
26755.766358224155	750	4.0	2.7594951902820832	438281	8184.007020300111	-11.115829318212958	62.327504
26758.978251369124	300	4.7881068550277925	0.0	167025	3211.8931449722077	-0.15000000000000002	26.908827
26762.80361271509	750	4.962745509062426	0.0	393804	3825.3613459653666	0.3	62.845425
26765.571378908626	750	6.1949793155279425	0.0	331053	2767.7661935344845	0.75	60.678126
26768.013915530923	750	7.752442693229235	0.0	314107	2442.5366222987072	0.75	75.210559

