8458.943376850782	750	4.0	9.971750996673139	450283	9971.75099667314	-234.87869293091538	64.858346
8462.427000760015	300	4.516376090767351	0.0	155580	3483.623909232648	-36.3468075049402	18.412623
8464.711998975563	300	6.23137787521933	0.0	139857	2284.998215548021	11.374421591985136	17.596212
8466.51308466142	300	8.430292189365248	0.0	155432	1801.085685854082	14.989583049748727	19.997309
8469.9513396205	750	8.992037230282694	0.0	411561	3438.2549590825547	49.772613983746766	51.003805
8472.14489189764	750	10.798484953141799	0.0	318564	2193.5522771408964	54.252000083560986	62.986308
8474.559818610125	750	12.383558240659456	0.0	352642	2414.9267124823427	71.31441799403183	81.00828
8477.336433719218	750	13.606943131565824	0.0	437162	2776.6151090936305	43.94053818670605	69.475262
8479.690433986505	750	15.252942864277209	0.0	374758	2354.0002672886144	57.681454273815504	70.789292
8482.935731818829	1200	16.007645031953484	0.0	560821	3245.2978323237253	64.35499430641161	76.960357
8484.860400528027	750	18.082976322754753	0.0	353220	1924.6687091987317	49.25310527285025	70.008689
8490.731095415877	1200	16.212281434903424	0.0	594078	5870.694887851327	57.65646860355332	70.906301
8493.407881189856	750	17.535495660924756	0.0	386351	2676.7857739786677	35.356462428080405	59.358241
8499.139337724744	1200	15.804039126037766	0.0	687371	5731.45653488699	60.93510653310882	70.998108
8505.645882673018	1200	13.297494177762797	0.0	526950	6506.544948274969	51.24250829039699	67.735752
8507.857468276443	750	15.08590857433723	0.0	366214	2211.585603425566	37.767354246545985	58.858709
8513.432613309606	1200	13.510763541175839	0.0	617242	5575.145033161392	66.42441517232223	75.662786
8516.072501480963	750	14.870875369817629	0.0	372963	2639.8881713582086	49.78149799493421	69.564049
8524.100054899212	1200	10.843321951567884	0.0	639204	8027.553418249747	59.041852363208044	72.000653
8530.824832142258	750	8.11854470852092	0.0	350713	6724.777243046963	49.10347287348152	67.172129
8537.255279105462	750	5.688097745317337	0.0	386472	6430.446963203583	45.8423031210838	62.777649
8540.147354182815	300	6.796022667964626	0.0	157812	2892.07507735271	-29.059965683694024	21.07483
8543.446016951733	300	7.497359899045874	0.0	163927	3298.6627689187517	7.102799135832186	16.837774
8548.80798768728	750	6.135389163499174	0.0	343800	5361.9707355467	55.805763065674086	55.451197
8551.319364144716	750	7.624012706062576	0.0	359903	2511.376457436598	57.277353060696605	66.786337
8553.990117992687	750	8.953258858091694	0.0	379700	2670.753847970882	53.69031629537219	66.676537
8556.670053160658	750	10.273323690121542	0.0	425781	2679.9351679701526	51.87874368281537	65.665965
8557.947370780303	750	12.99600607047676	0.0	277716	1277.3176196447819	55.88863627581473	68.231907
8563.41702166876	1200	11.526355182019136	0.0	622896	5469.650888457623	68.6578466864324	80.053124
8567.287970276528	750	11.655406574251284	0.0	400508	3870.948607767852	41.79872416629296	67.821489
8570.400832880356	750	12.542543970422296	0.0	358218	3112.862603828989	48.99180250230414	64.789531
8573.214949567722	750	13.728427283055844	0.0	400322	2814.116687366451	44.31426861062449	60.651768
8578.322265633517	1200	12.621111217261111	0.0	584349	5107.316065794732	70.59454342572545	79.771897
8585.732148110883	1200	9.211228739894329	0.0	670129	7409.882477366783	31.541231281388015	62.28877
8589.181226272965	750	9.762150577812074	0.0	401088	3449.0781620822568	58.822186338307795	69.915275
8591.108308851128	750	11.835067999647723	0.0	365161	1927.0825781643516	38.15992246287269	60.276519
8593.150953099683	1200	13.79242375109249	0.0	487812	2042.644248555233	68.50224353112125	77.846693
8597.311847947305	1850	13.631528903471251	0.0	938587	4160.894847621238	73.28111038323067	86.593761
8603.3533503875	1850	11.590026463275935	0.0	908665	6041.502440195316	62.70254805849999	82.415248
8608.599173307837	1200	10.344203542939361	0.0	587506	5245.8229203365745	48.9558339216461	72.886388
8611.707031962576	750	11.236344888200634	0.0	345516	3107.858654738727	66.73313750009174	79.583372
8616.913017991894	1200	10.030358858884723	0.0	641452	5205.986029315912	57.34071953352638	75.706383
8623.322290645363	1200	7.621086205415238	0.0	599477	6409.272653469486	53.129647516624864	71.343181
8629.699110049096	750	5.244266801682859	0.0	438281	6376.819403732378	40.55799003037691	62.327504
8641.688841972871	750	4.0	6.745465122093754	398987	11989.731923776613	-142.51340882044238	63.729239
8646.425422335527	300	4.0	0.7365803626562692	160064	4736.580362656269	-38.84707169271248	27.591437
8651.298214304385	300	4.0	0.8727919688555985	137507	4872.7919688555985	-8.671359993081554	25.36694
8655.032794286179	300	4.265420018205846	0.0	118421	3734.5799817941534	31.067156675823924	36.062877

