17606.272849472123	750	4.0	7.947206251782381	450283	7947.2062517823815	-33.42298688266424	64.858346
17609.031241996294	300	5.241607475832228	0.0	155580	2758.392524167771	-0.15000000000000002	18.412623
17612.198290638276	300	6.07455883384848	0.0	139857	3167.048641983749	0.3	17.596212
17616.724169630757	300	5.548679841364558	0.0	155432	4525.878992483921	0.3	19.997309
17619.43860965007	300	6.834239822051922	0.0	163442	2714.4400193126367	0.3	16.877619
17621.979838058534	300	8.293011413587552	0.0	126289	2541.2284084643697	0.3	18.579568
17625.2210595021	300	9.051789970024087	0.0	153295	3241.2214435634646	0.3	42.291519
17628.60544164622	300	9.667407825900725	0.0	173849	3384.3821441233636	0.3	35.451274
17631.387922950522	300	10.88492652160276	0.0	150710	2782.481304297964	0.3	28.497356
17634.80331616937	300	11.469533302755298	0.0	139105	3415.39321884746	0.3	21.660501
17639.389178906098	300	10.883670566026595	0.0	141840	4585.862736728704	0.3	2.177717
17643.67255022688	300	10.600299245246603	0.0	156148	4283.371320779992	0.3	19.431299
17648.792751873625	300	9.48009759850249	0.0	160746	5120.2016467441135	0.3	21.445722
17653.78820191359	300	8.484647558536341	0.0	179801	4995.4500399661465	0.3	23.726678
17656.99810888419	300	9.274740587940252	0.0	140051	3209.9069705960896	0.3	21.119447
17659.290146785104	300	10.982702687027935	0.0	138313	2292.037900912317	0.3	19.984984
17660.773708847148	300	13.499140624984948	0.0	143509	1483.5620620429872	0.3	18.452936
17662.753753808764	300	15.51909566336796	0.0	150616	1980.0449616169876	0.3	35.116669
17665.93377748054	300	16.339071991592878	0.0	165384	3180.0236717750818	0.3	26.310814
17668.904816278242	300	17.36803319389052	0.0	140881	2971.0387977023593	0.3	26.782579
17672.170760462715	300	18.102089009415828	0.0	157671	3265.9441844746907	0.3	28.807059
17675.22648086557	300	19.04636860655997	0.0	157812	3055.7204028558604	0.3	21.07483
17677.934676206696	300	20.338173265434783	0.0	163927	2708.1953411251857	0.3	16.837774
17679.546214408845	300	22.726635063288555	0.0	137654	1611.5382021462294	0.3	6.466535
17681.087008207774	300	25.1858412643585	0.0	146754	1540.793798930055	0.3	25.355956
17684.619393159115	750	25.653456313018822	0.0	379700	3532.3849513396785	0.3	66.676537
17688.543898915494	750	25.72895055664228	0.0	425781	3924.505756376543	0.75	65.665965
17693.754639909486	1200	24.51820956264664	0.0	487160	5210.740993995636	0.75	80.893459
17698.84126258993	750	23.43158688220654	0.0	400396	5086.622680440101	0.3	69.601487
17704.30936244742	750	21.963487024713984	0.0	400508	5468.099857492556	0.75	67.821489
17710.743163193354	750	19.529686278783263	0.0	358218	6433.800745930723	0.75	64.789531
17712.563651853347	300	21.709197618789858	0.0	157488	1820.4886599934034	-0.15000000000000002	17.795984
17716.74333961941	750	21.529509852725347	0.0	369834	4179.687766064511	0.3	68.369339
17718.130829134458	300	24.14202033767624	0.0	163444	1387.4895150491077	-0.15000000000000002	17.178658
17721.607166870053	750	24.66568260207811	0.0	401088	3476.3377355981297	0.3	69.915275
17726.097080953175	750	24.17576851895513	0.0	365161	4489.914083122982	0.75	60.276519
17733.543937941427	1200	20.728911530704096	0.0	487812	7446.856988251036	0.75	77.846693
17738.10742106884	750	20.165428403294058	0.0	361565	4563.483127410035	0.3	66.788635
17741.89582842687	750	20.37702104526256	0.0	378327	3788.4073580315007	0.75	62.32333
17745.763178010588	750	20.50967146154848	0.0	390680	3867.349583714079	0.75	61.525566
17748.19565707036	750	22.077192401779243	0.0	345516	2432.479059769235	0.75	79.583372
17750.78827995668	750	23.48456951545537	0.0	384505	2592.622886323875	0.75	64.443828
17759.707544560584	1200	18.565304911548537	0.0	599477	8919.264603906831	0.75	71.343181
17769.693867765996	750	12.578981706138086	0.0	438281	9986.323205410452	0.3	62.327504
17772.564672282424	300	13.708177189711728	0.0	167025	2870.804516426357	-0.15000000000000002	26.908827
17775.767317988062	300	14.50553148407628	0.0	160064	3202.645705635448	0.3	27.591437
17778.69691017348	300	15.57593929865731	0.0	137507	2929.5921854189687	0.3	25.36694
17781.189419760572	300	17.083429711564975	0.0	118421	2492.509587092334	0.3	36.062877

