20627.857748437673	750	4.0	4.236019030700693	450283	4236.0190307	-17.46488183201298	64.858346
20641.085082104084	2850	4.0	9.227333666410702	1431809	13227.3336664	-38.927534765566016	90.683379
20662.89096632999	2850	4.0	17.805884225905164	1300868	21805.8842259	-73.71530217139221	90.483169
20676.446628791404	2850	4.0	9.555662461414999	1520281	13555.6624614	-38.23934858408449	89.788956
20686.684126920514	2850	4.0	6.237498129112024	1472558	10237.4981291	-23.9712419551817	85.928154
20696.862568863322	2850	4.0	6.1784419428074875	1224260	10178.4419428	-23.717300354072194	94.229141
20709.55244152984	2850	4.0	8.689872666520563	1388403	12689.8726665	-34.516452466038416	97.582873
20716.750861556102	2850	4.0	3.1984200262629274	1638769	7198.42002626	-10.903206112930588	97.908255
20726.46223894726	2850	4.0	5.7113773911598456	1348011	9711.37739116	-21.708922781987333	96.808308
20739.334239835665	2850	4.0	8.872000888403688	1429765	12872.0008884	-35.29960382013586	94.962414
20766.83542601777	2850	4.0	23.501186182105272	1354548	27501.1861821	-98.20510058305267	95.957675
20810.44872570036	2850	4.0	39.613299682592384	1519951	43613.2996826	-167.48718863514725	92.483401
20818.213076926546	2850	4.0	3.7643512261838423	1422919	7764.35122618	-13.33671027259052	93.510922
20824.214408833435	2850	4.0	2.0013319068933253	1578343	6001.33190689	-5.755727199641299	91.568178
20827.490195359067	2850	4.724213474369648	0.0	1231445	3275.78652563	2.85	88.830113
20831.423217442218	2850	4.791191391217387	0.0	1471065	3933.02208315	2.85	93.514387
20835.380457919495	2850	4.833950913943076	0.0	1491626	3957.24047727	2.85	94.650033
20839.292838836922	2850	4.921569996511771	0.0	1358801	3912.38091743	2.85	92.142023
20845.87221976526	2850	4.0	1.657810931825694	1537156	6579.38092834	-4.278587006850483	89.30989
20851.458638339762	2850	4.0	1.5864185745018085	1336050	5586.4185745	-3.971599870357776	93.680429
20858.628670979888	2850	4.0	3.1700326401261374	1415116	7170.03264013	-10.78114035254239	90.785318
20865.678070388294	2850	4.0	3.0493994084075076	1468126	7049.39940841	-10.262417456152283	89.398189
20872.930132733563	2850	4.0	3.2520623452707396	1505760	7252.06234527	-11.13386808466418	85.954529
20877.841392465696	2850	4.0	0.911259732131647	1323990	4911.25973213	-1.0684168481660818	89.320458
20890.289998379674	2850	4.0	8.448605913978577	1383735	12448.605914	-33.479005430107875	93.348429
20905.243572556104	2850	4.0	10.953574176429726	1480464	14953.5741764	-44.25036895864782	97.271626
20919.207235400227	2850	4.0	9.963662844119801	1547572	13963.6628441	-39.99375022971514	97.509012
20926.100655228187	2850	4.0	2.8934198279609054	1141971	6893.41982796	-9.591705260231892	93.311238
20936.992174453397	2850	4.0	6.891519225210761	1498470	10891.5192252	-26.78353266840627	96.041687
20950.216175757003	2850	4.0	9.224001303607347	1561263	13224.0013036	-36.81320560551159	96.863845
20968.942500156958	2850	4.0	14.726324399956477	1341201	18726.3244	-60.47319491981285	94.816085
20988.19125168998	2850	4.0	15.248751533020114	1497683	19248.751533	-62.71963159198649	92.910185
20995.260894113	2850	4.0	3.069642423019386	1358081	7069.64242302	-10.34946241898336	95.193139
21009.169455336316	2850	4.0	9.908561223318904	1587293	13908.5612233	-39.75681326027128	81.858634
21023.836452804735	2850	4.0	10.666997468420345	1492672	14666.9974684	-43.01808911420748	99.177905
21030.217607422306	2850	4.0	2.381154617569352	1439896	6381.15461757	-7.388964855548213	97.217465
21036.898656059067	2850	4.0	2.681048636761281	1139291	6681.04863676	-8.678509138073508	93.825455
21049.82517130768	2850	4.0	8.926515248613258	1499009	12926.5152486	-35.53401556903701	93.982147
21066.75005001477	2850	4.0	12.924878707089615	1427478	16924.8787071	-52.72697844048534	90.92969
21109.257462324582	2850	4.0	38.50741230981555	1402287	42507.4123098	-162.73187293220687	91.34334
21131.078818871698	2850	4.0	17.821356547117826	1339500	21821.3565471	-73.78183315260665	97.297482
21137.134302811628	2850	4.0	2.055483939925587	1527299	6055.48393993	-5.9885809416800235	92.902955
21141.61403273577	2850	4.0	0.4797299241449864	1343002	4479.72992414	0.7871613261765589	87.659279
21145.76901009897	2850	4.0	0.15497736319803698	1587250	4154.9773632	2.183597338248441	95.172719
21149.504809767546	2850	4.264200331421622	0.0	1464921	3735.79966858	2.85	96.481395
21153.556676308508	2850	4.212333790461834	0.0	1483527	4051.86654096	2.85	95.602302
21158.272548819772	2850	4.0	0.5035387208016883	1231456	4715.87251126	0.6847835005527405	92.485503
21164.930698234213	2850	4.0	2.6581494144404485	1364537	6658.14941444	-8.580042482093928	97.895096

