9261.946800010377	750	4.0	2.009934342455404	450283	2009.9343424554038	-7.892717672558236	64.858346
9266.997716930944	1200	4.0	1.0509169205671534	611087	5050.916920567153	-3.768942758438759	69.839987
9272.670578438107	1200	4.0	1.67286150716265	571051	5672.86150716265	-5.993304480799394	73.587374
9274.966887859078	750	5.70369057902825	0.0	382355	2296.30942097175	0.3	55.551349
9276.93832918247	750	7.732249255636712	0.0	411561	1971.441323391537	0.75	51.003805
9279.295147443103	1200	9.375430995003432	0.0	520315	2356.818260633279	0.75	75.14582
9281.485604997444	1200	11.184973440661347	0.0	561791	2190.457554342088	1.2	89.177904
9284.550086937008	1200	12.120491501098494	0.0	709534	3064.481939562853	1.2	82.426144
9287.083400523645	1200	13.587177914463096	0.0	584846	2533.313586635396	1.2	82.430225
9290.987058916873	1850	13.683519521235398	0.0	913888	3903.6583932276976	1.2000000000000002	86.733288
9294.810542426245	1850	13.860036011861906	0.0	939819	3823.4835093734937	1.85	89.239922
9298.689047148097	1850	13.981531290010404	0.0	917428	3878.5047218515033	1.85	82.202545
9302.468190540747	1850	14.202387897360339	0.0	946851	3779.143392650064	1.85	83.629776
9306.677351420998	1850	13.993227017108811	0.0	1036454	4209.1608802515275	1.85	80.875505
9310.057039637364	1850	14.613538800742953	0.0	821631	3379.688216365858	1.85	78.494849
9313.727965409127	1850	14.942613028979833	0.0	923170	3670.9257717631203	1.85	83.7301
9317.559537509653	1850	15.111040928455884	0.0	966699	3831.5721005239493	1.85	86.226021
9321.345523343762	1850	15.325055094344734	0.0	885714	3785.9858341111494	1.85	85.258591
9326.243270305147	1850	14.427308132960206	0.0	987708	4897.746961384529	1.85	79.995224
9333.173583884605	1850	11.496994553501978	0.0	923755	6930.313579458229	1.85	86.363677
9338.88408631071	1200	9.78649212739815	0.0	601738	5710.502426103828	0.5499999999999999	74.235946
9342.169603546568	1200	10.50097489154043	0.0	616206	3285.5172358577192	1.2	68.532883
9345.444125819344	1200	11.226452618765629	0.0	656471	3274.522272774803	1.2	63.455907
9348.406332803248	1200	12.264245634863027	0.0	536667	2962.2069839026003	1.2	68.420849
9351.721521224345	1200	12.949057213766185	0.0	587236	3315.188421096842	1.2	78.698824
9354.422737000317	1200	14.247841437794756	0.0	590335	2701.2157759714296	1.2	79.644231
9358.650660084291	1200	14.019918353820128	0.0	696376	4227.923083974629	1.2	80.745588
9361.384986899848	1200	15.285591538263319	0.0	487160	2734.326815556808	1.2	80.893459
9365.085446756526	1200	15.585131681583647	0.0	622896	3700.4598566796712	1.2	80.053124
9369.447881980652	1200	15.222696457458111	0.0	641447	4362.435224125536	1.2	80.154442
9372.673908691953	1200	15.996669746156526	0.0	570392	3226.0267113015852	1.2	78.009495
9375.43781300183	1200	17.232765436280207	0.0	620283	2763.9043098763204	1.2	72.909556
9377.897237272924	1200	18.773341165186785	0.0	584349	2459.42427109342	1.2	79.771897
9380.729562790159	1200	19.94101564795097	0.0	670129	2832.325517235821	1.2	62.28877
9384.034571169315	1200	20.636007268794938	0.0	690253	3305.0083791560323	1.2	87.732581
9387.27727438893	1200	21.39330404917878	0.0	598727	3242.7032196161567	1.2	77.763467
9390.912400311237	1200	21.758178126872824	0.0	487812	3635.1259223059587	1.2	77.846693
9394.132449204177	1200	22.538129233932633	0.0	575591	3220.0488929401895	1.2	77.292461
9397.52120253772	1200	23.149375900388726	0.0	605884	3388.7533335439034	1.2	74.001829
9400.647058408389	1200	24.023520029721457	0.0	587506	3125.855870667269	1.2	72.886388
9403.763297410313	1200	24.907281027796635	0.0	566904	3116.2390019248232	1.2	86.974261
9409.598836824987	1200	23.07174161312295	0.0	641452	5835.539414673687	1.2	75.706383
9417.473072848272	1200	19.19750558983763	0.0	599477	7874.236023285315	1.2	71.343181
9420.283381170506	750	20.38719726760348	0.0	438281	2810.3083222341525	0.3	62.327504
9422.365358946601	750	22.30521949150796	0.0	398987	2081.9777760955167	0.75	63.729239
9424.663619932979	750	24.00695850512954	0.0	393804	2298.2609863784214	0.75	62.845425
9426.696426385184	750	25.97415205292387	0.0	331053	2032.8064522056693	0.75	60.678126
9429.540958490448	750	27.129619947660434	0.0	314107	2844.532105263436	0.75	75.210559

