23508.068984081787	750	4.0	6.602941104200595	450283	6602.941104200595	0.5	-27.642646748062557	64.858346
23509.690232250363	300	6.378751831422763	0.0	155580	1621.2481685772375	0.5	-0.15000000000000002	18.412623
23511.325223044303	300	8.743761037482852	0.0	139857	1634.990793939913	0.5	0.3	17.596212
23513.28716228787	300	10.78182179391646	0.0	155432	1961.9392435663906	0.5	0.3	19.997309
23515.325113442435	300	12.743870639348641	0.0	163442	2037.9511545678201	0.5	0.3	16.877619
23517.048467093806	300	15.020516987977592	0.0	126289	1723.353651371049	0.5	0.3	18.579568
23521.993012809708	750	14.075971272077375	0.0	352642	4944.545715900215	0.5	0.3	81.00828
23526.83204521094	750	13.236938870847167	0.0	437162	4839.032401230209	0.5	0.75	69.475262
23529.653756341948	750	14.41522773983666	0.0	374758	2821.711131010508	0.5	0.75	70.789292
23532.113666590078	750	15.955317491708957	0.0	362795	2459.9102481277014	0.5	0.75	64.786022
23535.121493655595	750	16.94749042618784	0.0	353220	3007.8270655211154	0.5	0.75	70.008689
23538.528775482897	750	17.540208598887133	0.0	405134	3407.2818273007074	0.5	0.75	59.00323
23541.70056650049	750	18.368417581290316	0.0	386351	3171.7910175968173	0.5	0.75	59.358241
23547.58392447321	1200	16.485059608575583	0.0	687371	5883.357972714732	0.5	0.75	70.998108
23552.386917769803	1200	15.682066311979804	0.0	526950	4802.993296595778	0.5	1.2	67.735752
23557.73162577376	1200	14.337358308026085	0.0	587876	5344.7080039537195	0.5	1.2	72.569044
23562.44930136388	1200	13.619682717907367	0.0	617242	4717.67559011872	0.5	1.2	75.662786
23567.67404309338	1200	12.394940988404526	0.0	581493	5224.741729502839	0.5	1.2	79.137254
23572.683411334147	1200	11.385572747636864	0.0	639204	5009.368240767662	0.5	1.2	72.000653
23577.03787420978	1200	11.031109872007512	0.0	586839	4354.462875629353	0.5	1.2	79.134663
23582.330948727948	1200	9.73803535383865	0.0	601738	5293.07451816886	0.5	1.2	74.235946
23591.12281788776	1200	4.946166194025931	0.0	616206	8791.86915981272	0.5	1.2	68.532883
23592.66495176486	300	7.40403231692809	0.0	163927	1542.133877097841	0.5	-0.6000000000000001	16.837774
23594.53996476936	300	9.529019312427158	0.0	137654	1875.0130045009319	0.5	0.3	6.466535
23596.249356271048	300	11.819627810739028	0.0	146754	1709.3915016881283	0.5	0.3	25.355956
23597.994575790384	300	14.074408291403552	0.0	153938	1745.2195193354764	0.5	0.3	22.855883
23600.914418676195	300	15.154565405594017	0.0	181901	2919.8428858095335	0.5	0.3	27.469573
23603.355456207635	300	16.713527874150145	0.0	111155	2441.0375314438697	0.5	0.3	12.138089
23605.632881891408	300	18.436102190378378	0.0	153605	2277.4256837717685	0.5	0.3	28.256686
23607.577338856372	300	20.49164522541124	0.0	149029	1944.4569649671373	0.5	0.3	23.365013
23609.167733294005	300	22.901250787777382	0.0	157421	1590.3944376338584	0.5	0.3	25.589487
23610.376362157534	300	25.69262192424733	0.0	157488	1208.6288635300532	0.5	0.3	17.795984
23611.30232738207	300	28.766656699714154	0.0	143881	925.9652245331778	0.5	0.3	25.091594
23614.80910899754	750	29.259875084243053	0.0	412837	3506.7816154711013	0.5	0.3	49.996929
23621.501562162903	1200	26.567421918879543	0.0	690253	6692.45316536351	0.5	0.75	87.732581
23634.170779890996	1200	17.89820419078569	0.0	598727	12669.21772809385	0.5	1.2	77.763467
23642.901501842895	1200	13.167482238887684	0.0	487812	8730.721951898007	0.5	1.2	77.846693
23644.5178617458	300	15.551122335979937	0.0	124011	1616.3599029077466	0.5	-0.6000000000000001	21.943337
23645.902747323275	300	18.166236758504333	0.0	144254	1384.8855774756037	0.5	0.3	12.774971
23647.233168290197	300	20.835815791579552	0.0	149991	1330.420966924779	0.5	0.3	17.21265
23648.528891098344	300	23.540092983436306	0.0	147968	1295.722808143248	0.5	0.3	5.263918
23651.709176528544	750	24.359807553237626	0.0	384505	3180.285430198678	0.5	0.3	64.443828
23654.65988996102	750	25.40909412075778	0.0	372093	2950.7134324798512	0.5	0.75	58.879512
23657.677708342762	750	26.391275739021346	0.0	438281	3017.818381736432	0.5	0.75	62.327504
23661.220922087403	750	26.848061994379744	0.0	398987	3543.2137446416004	0.5	0.75	63.729239
23667.826455497492	1850	24.242528584289605	0.0	982064	6605.533410090139	0.5	0.75	86.680563
23673.65151732412	1850	22.417466757662847	0.0	830730	5825.061826626757	0.5	1.85	84.040637
23687.19667171659	2850	12.872312365194212	0.0	1364537	13545.154392468638	0.5	1.85	97.895096

