10314.936341625995	750	4.0	3.478694088168143	450283	3478.694088168143	-14.208384579123015	64.858346
10317.386758971228	750	5.54958265476585	0.0	398865	2450.4173452341497	0.75	57.017244
10319.377067957379	750	7.559273668615107	0.0	350812	1990.3089861507428	0.75	60.430767
10323.169331185394	1200	7.767010440599779	0.0	617681	3792.263228015329	0.75	69.474665
10328.605164417988	1200	6.3311772080061415	0.0	652874	5435.833232593637	1.2	64.23322
10335.02675403234	1200	4.0	0.09041240634542647	520315	6421.589614351568	0.8112266527146661	75.14582
10340.852666298475	750	4.0	1.8259122661355796	352642	5825.91226613558	-7.551422744382992	81.00828
10347.208915370875	750	4.0	2.3562490723996117	437162	6356.249072399612	-9.38187101131833	69.475262
10350.75660344027	300	4.452311930603599	0.0	150710	3547.6880693964004	-0.15000000000000002	28.497356
10352.86099939295	300	6.347915977924864	0.0	139105	2104.3959526787357	0.3	21.660501
10355.238400945294	300	7.970514425579205	0.0	141840	2377.401552345658	0.3	2.177717
10357.452841138913	300	9.756074231962229	0.0	156148	2214.440193616977	0.3	19.431299
10358.531237092704	300	12.677678278171395	0.0	160746	1078.3959537908336	0.3	21.445722
10359.681942380701	300	15.52697299017445	0.0	179801	1150.705287996946	0.3	23.726678
10360.603783725584	300	18.605131645291628	0.0	140051	921.8413448828217	0.3	21.119447
10362.99785959919	750	20.211055771685434	0.0	366214	2394.075873606194	0.3	58.858709
10368.098268483103	750	19.11064688777176	0.0	360831	5100.408883913674	0.75	60.531124
10373.11809562918	750	18.090819741696247	0.0	372963	5019.827146075514	0.75	69.564049
10376.552106787896	750	18.656808582979828	0.0	405596	3434.011158716416	0.75	60.564875
10380.505029358144	750	18.703886012730166	0.0	350713	3952.922570249661	0.75	67.172129
10385.076718269736	750	18.132197101139138	0.0	386472	4571.688911591032	0.75	62.777649
10386.426365782036	300	20.782549588839938	0.0	157812	1349.6475122991976	-0.15000000000000002	21.07483
10389.626958175277	750	21.58195719559725	0.0	401853	3200.59239324269	0.3	47.960406
10392.56047152507	750	22.648443845805584	0.0	343800	2933.5133497916636	0.75	55.451197
10395.569196707978	750	23.639718662895454	0.0	359903	3008.7251829101306	0.75	66.786337
10398.876241811497	750	24.332673559377756	0.0	379700	3307.045103517701	0.75	66.676537
10403.04311026723	750	24.16580510364477	0.0	425781	4166.868455732985	0.75	65.665965
10405.707261379845	750	25.501653991028753	0.0	277716	2664.15111261602	0.75	68.231907
10409.448423105305	750	25.760492265568743	0.0	400396	3741.161725460011	0.75	69.601487
10412.815842780215	750	26.393072590658804	0.0	400508	3367.4196749099387	0.75	67.821489
10416.076682226374	750	27.13223314449883	0.0	358218	3260.8394461599737	0.75	64.789531
10420.058333307325	750	27.150582063550058	0.0	400322	3981.651080948775	0.75	60.651768
10423.257997131039	750	27.950918239835485	0.0	369834	3199.66382371457	0.75	68.369339
10427.60815804577	750	27.600757325102524	0.0	412837	4350.160914732962	0.75	49.996929
10432.110617604963	750	27.098297765909813	0.0	401088	4502.45955919271	0.75	69.915275
10435.938691931344	750	27.27022343952832	0.0	365161	3828.0743263814934	0.75	60.276519
10439.15919461552	750	28.049720755352794	0.0	321064	3220.502684175523	0.75	67.040505
10443.40238190588	750	27.806533464994292	0.0	361565	4243.187290358504	0.75	66.788635
10447.605150116859	750	27.603765254015205	0.0	378327	4202.768210979088	0.75	62.32333
10451.223387039252	750	27.98552833162165	0.0	390680	3618.2369223935516	0.75	61.525566
10455.079237881733	750	28.129677489140818	0.0	345516	3855.8508424808347	0.75	79.583372
10458.836721867287	750	28.37219350358784	0.0	384505	3757.4839855529763	0.75	64.443828
10462.141264891257	750	29.067650479615637	0.0	372093	3304.5430239722054	0.75	58.879512
10466.665620042415	750	28.543295328458697	0.0	438281	4524.3551511569385	0.75	62.327504
10471.26570397656	750	27.943211394313106	0.0	398987	4600.08393414559	0.75	63.729239
10474.213249634719	750	28.99566573615456	0.0	393804	2947.5456581585495	0.75	62.845425
10476.694939428919	750	30.51397594195487	0.0	331053	2481.6897941996867	0.75	60.678126
10479.02354094241	750	32.185374428462595	0.0	314107	2328.6015134922736	0.75	75.210559

