18439.261402743774	750	4.0	4.751626329382562	450283	4751.626329382562	-19.681993216345017	64.858346
18440.905857660477	300	6.35554508329921	0.0	155580	1644.4549167007901	-0.15000000000000002	18.412623
18442.34071769305	300	8.920685050724277	0.0	139857	1434.860032574934	0.3	17.596212
18443.787672445043	300	11.473730298731356	0.0	155432	1446.95475199292	0.3	19.997309
18445.220003702605	300	14.041399041173666	0.0	163442	1432.3312575576906	0.3	16.877619
18446.26622001752	300	16.995182726259273	0.0	126289	1046.2163149143898	0.3	18.579568
18448.449782586944	750	18.811620156834664	0.0	352642	2183.562569424613	0.3	81.00828
18452.649111310267	750	18.61229143351087	0.0	437162	4199.328723323793	0.75	69.475262
18460.10311249742	1200	15.158290246355842	0.0	584846	7454.001187155026	0.75	82.430225
18466.517662430684	1200	12.743740313091832	0.0	560821	6414.549933264009	1.2	76.960357
18468.818349230925	750	14.443053512849145	0.0	353220	2300.6868002426877	0.3	70.008689
18472.207346331186	750	15.054056412587855	0.0	405134	3388.9971002612892	0.75	59.00323
18476.496531397173	750	14.764871346597651	0.0	386351	4289.185065990205	0.75	59.358241
18480.79440975964	750	14.466992984133736	0.0	434409	4297.878362463914	0.75	56.692976
18483.738807996997	750	15.522594746777047	0.0	337059	2944.3982373566882	0.75	54.76216
18487.345452064812	750	15.915950678959149	0.0	366214	3606.6440678178988	0.75	58.858709
18491.010926313007	750	16.250476430767677	0.0	360831	3665.474248191473	0.75	60.531124
18494.772648626375	750	16.488754117395963	0.0	372963	3761.722313371715	0.75	69.564049
18498.30895136806	750	16.952451375712045	0.0	405596	3536.302741683917	0.75	60.564875
18503.407646291038	1200	15.853756452736091	0.0	586839	5098.694922975952	0.75	79.134663
18508.320792921095	1200	14.940609822674967	0.0	601738	4913.1466300611255	1.2	74.235946
18514.222014558032	1200	13.039388185740131	0.0	616206	5901.221636934834	1.2	68.532883
18520.94651357378	1200	10.314889169989813	0.0	656471	6724.499015750318	1.2	63.455907
18535.69322211601	1200	4.0	4.4318193722383805	536667	14746.708542228194	-17.856823300625035	68.420849
18539.048603455743	300	4.644618660263009	0.0	146754	3355.3813397369913	-0.6000000000000001	25.355956
18541.72622268539	300	5.966999430620273	0.0	153938	2677.6192296427353	0.3	22.855883
18543.78903236464	300	7.904189751369278	0.0	181901	2062.809679250996	0.3	27.469573
18545.22866234332	300	10.464559772689016	0.0	111155	1439.629978680261	0.3	12.138089
18547.733058758942	300	11.960163357066577	0.0	153605	2504.3964156224392	0.3	28.256686
18550.46456545356	300	13.228656662448802	0.0	149029	2731.5066946177735	0.3	23.365013
18553.89657654802	300	13.796645567988246	0.0	157421	3432.0110944605576	0.3	25.589487
18556.75712898766	300	14.93609312834889	0.0	157488	2860.5524396393557	0.3	17.795984
18558.80314923787	300	16.89007287814537	0.0	143881	2046.0202502035165	0.3	25.091594
18560.869326336615	300	18.8238957793976	0.0	163444	2066.177098747774	0.3	17.178658
18562.998351353435	300	20.694870762574844	0.0	179328	2129.025016822756	0.3	28.893466
18565.478475387637	300	22.214746728375143	0.0	159914	2480.1240341997	0.3	21.738399
18571.922961082826	750	19.77026103318556	0.0	321064	6444.4856951895845	0.3	67.040505
18576.66587673867	750	19.02734537734458	0.0	361565	4742.915655840978	0.75	66.788635
18579.77896384725	750	19.91425826876382	0.0	378327	3113.087108580758	0.75	62.32333
18583.4508559214	750	20.242366194612817	0.0	390680	3671.8920741510046	0.75	61.525566
18586.241361951594	750	21.451860164422065	0.0	345516	2790.5060301907492	0.75	79.583372
18590.08955820048	750	21.60366391553334	0.0	384505	3848.1962488887248	0.75	64.443828
18593.99096290974	750	21.70225920627462	0.0	372093	3901.404709258721	0.75	58.879512
18597.327040533928	750	22.36618158208618	0.0	438281	3336.077624188439	0.75	62.327504
18603.33123220807	1200	20.3619899079443	0.0	630203	6004.1916741418845	0.75	77.745919
18610.10251501484	1200	17.590707101172164	0.0	638661	6771.282806772136	1.2	77.309224
18618.562748535922	1850	13.130473580091937	0.0	830730	8460.233521080227	1.2000000000000002	84.040637
18627.424526118353	1850	8.26869599766272	0.0	846370	8861.777582429217	1.85	92.020773

