7197.34312817747	750	4.0	2.287148895543779	450283	2287.148895543779	-9.084740250838248	64.858346
7199.760979925211	750	5.582148252258925	0.0	398865	2417.8517477410755	0.75	57.017244
7201.60993254925	750	7.733195628221291	0.0	350812	1848.9526240376335	0.75	60.430767
7203.609005417276	750	9.734122760194085	0.0	382355	1999.072868027208	0.75	55.551349
7206.691597668102	1200	10.651530509368706	0.0	652874	3082.59225082538	0.75	64.23322
7209.446613927846	1200	11.89651424962443	0.0	520315	2755.016259744276	1.2	75.14582
7214.65663895089	1200	10.6864892265804	0.0	561791	5210.025023044029	1.2	89.177904
7225.531670224954	1200	4.0	0.18854204748354458	709534	10875.031274063946	0.38926919582075825	82.426144
7234.134588011625	750	4.0	4.6029177866716875	374758	8602.917786671687	-19.492546482688255	70.789292
7236.809931264983	300	5.324656746642355	0.0	139105	2675.3432533576456	-0.15000000000000002	21.660501
7239.341069794876	300	6.793518216749364	0.0	141840	2531.1385298929913	0.3	2.177717
7241.942447220335	300	8.192140791289352	0.0	156148	2601.377425460012	0.3	19.431299
7244.541022856085	300	9.593565155539997	0.0	160746	2598.575635749355	0.3	21.445722
7247.128069964909	300	11.006518046715174	0.0	179801	2587.0471088248223	0.3	23.726678
7249.087055345308	300	13.047532666316023	0.0	140051	1958.9853803991505	0.3	21.119447
7250.9502839273855	300	15.184304084238171	0.0	138313	1863.2285820778534	0.3	19.984984
7252.62663846894	300	17.507949542684	0.0	143509	1676.3545415541685	0.3	18.452936
7255.063230791843	300	19.071357219779987	0.0	150616	2436.5923229040113	0.3	35.116669
7256.439164174668	300	21.695423836956028	0.0	165384	1375.9333828239626	0.3	26.310814
7259.753218085601	300	22.381369926022273	0.0	140881	3314.053910933752	0.3	26.782579
7263.170205398768	300	22.96438261285462	0.0	157671	3416.987313167656	0.3	28.807059
7266.580109798719	300	23.55447821290468	0.0	157812	3409.9043999499418	0.3	21.07483
7270.709585053645	300	23.425002957978272	0.0	163927	4129.4752549264085	0.3	16.837774
7273.596912788391	300	24.53767522323196	0.0	137654	2887.327734746312	0.3	6.466535
7276.373613431721	300	25.760974579901784	0.0	146754	2776.700643330176	0.3	25.355956
7280.366398167285	300	25.768189844337275	0.0	153938	3992.7847355645094	0.3	22.855883
7285.00064881558	300	25.13393919604235	0.0	181901	4634.250648294925	0.3	27.469573
7287.091508424741	300	27.043079586881102	0.0	111155	2090.8596091612444	0.3	12.138089
7289.348786728593	300	28.78580128303001	0.0	153605	2257.2783038510947	0.3	28.256686
7290.7225313209365	300	31.412056690686683	0.0	149029	1373.744592343327	0.3	23.365013
7292.131517822554	300	34.003070189068325	0.0	157421	1408.9865016183594	0.3	25.589487
7293.482778931193	300	36.65180908042962	0.0	157488	1351.2611086387024	0.3	17.795984
7294.524350708553	300	39.61023730306932	0.0	143881	1041.5717773603014	0.3	25.091594
7297.2504165435885	750	40.88417146803455	0.0	412837	2726.065835034766	0.3	49.996929
7299.951420773091	750	42.18316723853166	0.0	401088	2701.004229502895	0.75	69.915275
7302.133655463945	750	44.00093254767693	0.0	365161	2182.2346908547297	0.75	60.276519
7304.247943912127	750	45.88664409949459	0.0	321064	2114.2884481823457	0.75	67.040505
7307.499365163954	1200	46.63522284766801	0.0	575591	3251.421251826576	0.75	77.292461
7312.249826216609	1200	45.884761795013205	0.0	605884	4750.461052654806	1.2	74.001829
7317.266404622823	1200	44.86818338879962	0.0	587506	5016.578406213577	1.2	72.886388
7320.079649390216	750	46.05493862140701	0.0	345516	2813.2447673926163	0.3	79.583372
7323.660282986799	750	46.47430502482407	0.0	384505	3580.633596582939	0.75	64.443828
7328.428314912536	750	45.70627309908675	0.0	372093	4768.0319257373185	0.75	58.879512
7331.540357698874	750	46.59423031274962	0.0	438281	3112.042786337133	0.75	62.327504
7335.309258524233	750	46.8253294873911	0.0	398987	3768.900825358519	0.75	63.729239
7338.182629312857	750	47.95195869876666	0.0	393804	2873.370788624436	0.75	62.845425
7340.869751486896	750	49.26483652472721	0.0	331053	2687.1221740394567	0.75	60.678126
7345.525107843503	750	48.609480168120335	0.0	314107	4655.356356606879	0.75	75.210559

