24627.408854147292	750	4.0	3.9127276647253035	450283	3912.7276647253034	-16.074728958318804	64.858346
24628.8404471674	300	6.568406979893699	0.0	155580	1431.593020106301	-0.15000000000000002	18.412623
24630.006947920698	300	9.401906226594866	0.0	139857	1166.500753298834	0.3	17.596212
24631.155393248457	300	12.253460898835879	0.0	155432	1148.4453277589848	0.3	19.997309
24633.679991412726	750	13.728862734566606	0.0	411561	2524.5981642692727	0.3	51.003805
24635.684664261364	750	15.72418988592967	0.0	318564	2004.6728486369348	0.75	62.986308
24640.404746179247	1200	15.004107968046043	0.0	561791	4720.081917883629	0.75	89.177904
24648.01020781124	1200	11.398646336050668	0.0	709534	7605.461631995374	1.2	82.426144
24652.998127532057	1200	10.41072661523164	0.0	584846	4987.919720819026	1.2	82.430225
24656.261541132524	1200	11.147313014765988	0.0	560821	3263.413600465652	1.2	76.960357
24659.856191753504	1200	11.552662393786141	0.0	607410	3594.650620979847	1.2	82.096766
24663.167536856752	1200	12.241317290536005	0.0	594078	3311.3451032501353	1.2	70.906301
24666.85071587066	1200	12.558138276628599	0.0	624282	3683.179013907406	1.2	73.534048
24671.37100087213	1200	12.03785327516042	0.0	687371	4520.285001468177	1.2	70.998108
24675.961140586583	1200	11.447713560702912	0.0	526950	4590.13971445751	1.2	67.735752
24684.0003497118	1200	7.40850443548685	0.0	587876	8039.209125216063	1.2	72.569044
24686.855808291166	750	8.553045856119992	0.0	360831	2855.458579366857	0.3	60.531124
24693.034451274852	750	6.374402872434113	0.0	372963	6178.642983685879	0.75	69.564049
24694.49989169379	300	8.908962453497052	0.0	165384	1465.4404189370614	-0.15000000000000002	26.310814
24695.46925191173	300	11.93960223555567	0.0	140881	969.3602179413798	0.3	26.782579
24696.92440721485	300	14.484446932435038	0.0	157671	1455.1553031206324	0.3	28.807059
24698.400188233885	300	17.008665913400865	0.0	157812	1475.7810190341695	0.3	21.07483
24699.886783787875	300	19.52207035941115	0.0	163927	1486.5955539897168	0.3	16.837774
24704.629357807906	1200	18.779496339383158	0.0	536667	4742.574020027992	0.29999999999999993	68.420849
24709.683853255647	1200	17.725000891640036	0.0	587236	5054.49544774312	1.2	78.698824
24717.13063580857	1200	14.278218338714487	0.0	590335	7446.78255292555	1.2	79.644231
24731.258456890962	1200	4.15039725632539	0.0	696376	14127.821082389097	1.2	80.745588
24733.969985318454	300	5.438868828837345	0.0	111155	2711.5284274880446	-0.6000000000000001	12.138089
24736.810267965917	300	6.598586181371071	0.0	153605	2840.2826474662747	0.3	28.256686
24740.26073261574	300	7.1481215315441355	0.0	149029	3450.464649826935	0.3	23.365013
24744.136651176123	300	7.272202971167147	0.0	157421	3875.9185603769893	0.3	25.589487
24749.59904977371	300	5.80980437357679	0.0	157488	5462.398597590357	0.3	17.795984
24754.604746526104	300	4.804107621183875	0.0	143881	5005.696752392914	0.3	25.091594
24758.40401448928	300	5.004839658008655	0.0	163444	3799.26796317522	0.3	17.178658
24761.20994045852	300	6.198913688763756	0.0	179328	2805.9259692448995	0.3	28.893466
24763.57960403455	300	7.829250112736679	0.0	159914	2369.6635760270774	0.3	21.738399
24765.281518233027	300	10.12733591425436	0.0	131610	1701.9141984823198	0.3	28.4111
24766.52510028354	300	12.88375386374115	0.0	124011	1243.5820505132085	0.3	21.943337
24767.850713583965	300	15.558140563317213	0.0	144254	1325.6133004239382	0.3	12.774971
24769.007043780963	300	18.401810366316706	0.0	149991	1156.3301970005093	0.3	17.21265
24771.78451173895	750	19.624342408327117	0.0	345516	2777.467957989591	0.3	79.583372
24776.170684396784	750	19.238169750492975	0.0	384505	4386.172657834141	0.75	64.443828
24783.38009566335	750	16.028758483926733	0.0	372093	7209.411266566242	0.75	58.879512
24794.962075402505	750	8.44677874477072	0.0	438281	11581.979739156013	0.75	62.327504
24801.018521790877	300	6.3903323563992265	0.0	167025	6056.446388371493	-0.15000000000000002	26.908827
24805.627559823573	300	5.781294323703453	0.0	160064	4609.038032695773	0.3	27.591437
24809.45795223662	300	5.950901910658502	0.0	137507	3830.392413044952	0.3	25.36694
24812.722887140124	300	6.685967007153915	0.0	118421	3264.9349035045866	0.3	36.062877

