22672.15615500418	750	4.0	8.215266709904062	450283	8215.2667099	-34.57564685258747	64.858346
22688.91883940734	2850	4.0	12.762684403157301	1431809	16762.6844032	-54.129542933576396	90.683379
22701.937907473686	2850	4.0	9.019068066348309	1300868	13019.0680663	-35.93199268529772	90.483169
22716.254451404326	2850	4.0	10.316543930639535	1520281	14316.5439306	-41.511138901749995	89.788956
22730.195299374813	2850	4.0	9.940847970485477	1472558	13940.8479705	-39.89564627308754	85.928154
22741.35889273757	2850	4.0	7.163593362760915	1224260	11163.5933628	-27.953451459871932	94.229141
22758.49292917194	2850	4.0	13.1340364343695	1388403	17134.0364344	-53.62635666778885	97.582873
22773.12533249921	2850	4.0	10.632403327267617	1638769	14632.4033273	-42.86933430725075	97.908255
22785.135606278767	2850	4.0	8.010273779555174	1348011	12010.2737796	-31.594177252087242	96.808308
22799.777070376895	2850	4.0	10.641464098130395	1429765	14641.4640981	-42.9082956219607	94.962414
22816.899182103818	2850	4.0	13.122111726922371	1354548	17122.1117269	-53.575080425766195	95.957675
22834.04021587618	2850	4.0	13.14103377236559	1519951	17141.0337724	-53.656445221172035	92.483401
22844.479660416233	2850	4.0	6.439444540052704	1422919	10439.4445401	-24.839611522226622	93.510922
22868.302982645655	2850	4.0	19.823322229418416	1578343	23823.3222294	-82.39028558649919	91.568178
22877.957821794855	2850	4.0	5.654839149202373	1231445	9654.8391492	-21.465808341570202	88.830113
22898.824083489508	2850	4.0	16.866261694650415	1471065	20866.2616947	-69.67492528699678	93.514387
22922.510881599803	2850	4.0	19.686798110296575	1491626	23686.7981103	-81.80323187427527	94.650033
22930.98923525278	2850	4.0	4.478353652976452	1358801	8478.35365298	-16.40692070779874	92.142023
22939.937630665125	2850	4.0	4.948395412343689	1537156	8948.39541234	-18.42810027307786	89.30989
22946.571190129005	2850	4.0	2.63355946388262	1336050	6633.55946388	-8.474305694695266	93.680429
22954.276473766506	2850	4.0	3.7052836374995533	1415116	7705.2836375	-13.08271964124808	90.785318
22962.912846445346	2850	4.0	4.636372678839599	1468126	8636.37267884	-17.086402519010274	89.398189
22973.299939758544	2850	4.0	6.387093313198444	1505760	10387.0933132	-24.614501246753306	85.954529
22993.37808820309	2850	4.0	16.07814844454749	1323990	20078.1484445	-66.28603831155421	89.320458
23005.852252067256	2850	4.0	8.474163864166131	1383735	12474.1638642	-33.58890461591436	93.348429
23020.06652601274	2850	4.0	10.214273945479432	1480464	14214.2739455	-41.07137796556155	97.271626
23034.824497618705	2850	4.0	10.757971605968164	1547572	14757.971606	-43.4092779056631	97.509012
23045.712253267102	2850	4.0	6.887755648397983	1141971	10887.7556484	-26.767349288111323	93.311238
23062.617809725856	2850	4.0	12.905556458753923	1498470	16905.5564588	-52.64389277264186	96.041687
23077.61187333694	2850	4.0	10.994063611087705	1561263	14994.0636111	-44.42447352767713	96.863845
23090.1892323942	2850	4.0	8.577359057258548	1341201	12577.3590573	-34.03264394621175	94.816085
23104.293020151516	2850	4.0	10.103787757316049	1497683	14103.7877573	-40.59628735645901	92.910185
23119.45787888102	2850	4.0	11.164858729508568	1358081	15164.8587295	-45.15889253688684	95.193139
23138.664891212797	2850	4.0	15.207012331772061	1587293	19207.0123318	-62.540153026619855	81.858634
23152.29601232388	2850	4.0	9.631121111087431	1492672	13631.1211111	-38.56382077767595	99.177905
23166.562884486866	2850	4.0	10.266872162981873	1439896	14266.872163	-41.297550300822046	97.217465
23183.670755913776	2850	4.0	13.107871426908988	1139291	17107.8714269	-53.513847135708644	93.825455
23197.373450451196	2850	4.0	9.702694537421173	1499009	13702.6945374	-38.871586510911044	93.982147
23226.08109088558	2850	4.0	24.707640434383435	1427478	28707.6404344	-103.39285386784877	90.92969
23238.217188571125	2850	4.0	8.13609768554643	1402287	12136.0976855	-32.13522004784964	91.34334
23245.93043664282	2850	4.0	3.713248071691194	1339500	7713.24807169	-13.116966708272134	97.297482
23254.930241086353	2850	4.0	4.999804443534602	1527299	8999.80444353	-18.649159107198788	92.902955
23261.16301100182	2850	4.0	2.2327699154650382	1343002	6232.76991547	-6.750910636499665	87.659279
23270.05239982543	2850	4.0	4.889388823608864	1587250	8889.38882361	-18.174371941518114	95.172719
23278.77123398845	2850	4.0	4.718834163022711	1464921	8718.83416302	-17.440986900997654	96.481395
23295.664382053335	2850	4.0	12.893148064884677	1483527	16893.1480649	-52.59053667900411	95.602302
23311.033650394886	2850	4.0	11.369268341551468	1231456	15369.2683416	-46.037853868671306	92.485503
23324.402114641416	2850	4.0	9.368464246529163	1364537	13368.4642465	-37.434396260075395	97.895096

