23101.10493388769	750	4.0	2.5585548523374078	450283	2558.5548523374077	-10.251785865050852	64.858346
23103.840000152504	750	5.264933735184073	0.0	398865	2735.066264815927	0.75	57.017244
23106.161313104447	750	6.943620783241986	0.0	350812	2321.3129519420877	0.75	60.430767
23108.895772874766	750	8.209161012923804	0.0	382355	2734.459770318182	0.75	55.551349
23111.00628501875	750	10.098648868939549	0.0	411561	2110.512143984255	0.75	51.003805
23112.779603460705	750	12.32533042698336	0.0	318564	1773.3184419561867	0.75	62.986308
23114.90219122134	750	14.202742666351664	0.0	352642	2122.587760631698	0.75	81.00828
23117.786515909484	750	15.318417978208599	0.0	437162	2884.3246881430637	0.75	69.475262
23120.065212315778	750	17.039721571911063	0.0	374758	2278.6964062975385	0.75	70.789292
23123.217992127396	1200	17.8869417602947	0.0	560821	3152.779811616363	0.75	76.960357
23128.787573072917	1850	16.317360814773487	0.0	939819	5569.580945521211	1.2000000000000002	89.239922
23137.136508899956	1850	11.968424987735839	0.0	917428	8348.93582703765	1.85	82.202545
23141.68451866568	1200	11.420415222015537	0.0	624282	4548.0097657203	0.5499999999999999	73.534048
23149.331159080866	1200	7.773774806828828	0.0	687371	7646.640415186709	1.2	70.998108
23155.492000792678	750	5.612933095016271	0.0	337059	6160.841711812557	0.3	54.76216
23157.517747203012	300	7.587186684681908	0.0	138313	2025.7464103343636	-0.15000000000000002	19.984984
23159.160117546064	300	9.944816341628863	0.0	143509	1642.3703430530459	0.3	18.452936
23160.748207179622	300	12.356726708069653	0.0	150616	1588.08963355921	0.3	35.116669
23162.342537261407	300	14.76239662628432	0.0	165384	1594.330081785334	0.3	26.310814
23163.617757443622	300	17.487176444071153	0.0	140881	1275.2201822131658	0.3	26.782579
23167.01362038222	750	18.091313505471952	0.0	386472	3395.8629385992003	0.3	62.777649
23172.00605570002	750	17.098878187668067	0.0	399894	4992.435317803887	0.75	55.443233
23175.302474559943	750	17.802459327747165	0.0	401853	3296.418859920902	0.75	47.960406
23178.504484885332	750	18.600449002360147	0.0	343800	3202.010325387018	0.75	55.451197
23182.278229456035	750	18.82670443165873	0.0	359903	3773.7445707014163	0.75	66.786337
23186.01877087174	750	19.08616301595261	0.0	379700	3740.5414157061186	0.75	66.676537
23190.520220163322	750	18.584713724367635	0.0	425781	4501.449291584976	0.75	65.665965
23196.358291548386	1200	16.746642339305467	0.0	487160	5838.071385062164	0.75	80.893459
23201.57590902467	1200	15.52902486302294	0.0	622896	5217.617476282528	1.2	80.053124
23208.880197778264	1200	12.224736109422672	0.0	641447	7304.288753600268	1.2	80.154442
23214.14442479005	1200	10.960509097637726	0.0	570392	5264.227011784948	1.2	78.009495
23219.566357880736	750	9.538576006950596	0.0	400322	5421.93309068713	0.3	60.651768
23224.09406303276	750	9.01087085492826	0.0	369834	4527.705152022337	0.75	68.369339
23227.585062741313	750	9.519871146377929	0.0	412837	3490.999708550331	0.75	49.996929
23230.338360736172	750	10.76657315151748	0.0	401088	2753.297994860449	0.75	69.915275
23232.9513271134	750	12.153606774292866	0.0	365161	2612.9663772246145	0.75	60.276519
23235.311635240014	750	13.79329864767657	0.0	321064	2360.308126616295	0.75	67.040505
23238.08724416723	750	15.017689720463691	0.0	361565	2775.6089272128797	0.75	66.788635
23240.75897461303	750	16.345959274661475	0.0	378327	2671.7304458022154	0.75	62.32333
23244.95323555651	1200	16.151698331182676	0.0	587506	4194.260943478799	0.75	72.886388
23250.261496657207	1200	14.843437230483312	0.0	566904	5308.261100699365	1.2	86.974261
23255.398685646098	1200	13.706248241593284	0.0	641452	5137.188988890028	1.2	75.706383
23260.649659961047	1200	12.455273926643095	0.0	599477	5250.974314950189	1.2	71.343181
23266.363150286554	1200	10.741783601136635	0.0	634861	5713.490325506458	1.2	75.003938
23274.561022933245	1200	6.543910954447671	0.0	630203	8197.872646688966	1.2	77.745919
23278.216036464124	750	6.888897423565906	0.0	393804	3655.013530881765	0.3	62.845425
23281.209686366376	750	7.895247521316142	0.0	331053	2993.649902249764	0.75	60.678126
23285.05560845636	750	8.049325431330693	0.0	314107	3845.9220899854486	0.75	75.210559

