72646.20855988463	750	4.0	2.2982937896467757	450283	2298.29378965	-9.132663295481136	64.858346
72652.01657848425	2850	4.0	1.808018599617667	1431809	5808.01859962	-7.024479978355966	90.683379
72656.16800257794	2850	4.0	0.15142409367858728	1300868	4151.42409368	2.198876397182075	90.483169
72660.92932308021	2850	4.0	0.7613205022775564	1520281	4761.32050228	-0.42367815979349244	89.788956
72666.56395079054	2850	4.0	1.634627710334833	1472558	5634.62771033	-4.178899154439781	85.928154
72672.30687231777	2850	4.0	1.7429215272334877	1224260	5742.92152723	-4.644562567103996	94.229141
72676.62327380746	2850	4.0	0.3164014896859126	1388403	4316.40148969	1.4894735943505761	97.582873
72681.62200515853	2850	4.0	0.9987313510665717	1638769	4998.73135107	-1.4445448095862585	97.908255
72686.16863423712	2850	4.0	0.5466290786018463	1348011	4546.6290786	0.499494962012061	96.808308
72690.7847467043	2850	4.0	0.6161124671901889	1429765	4616.11246719	0.2007163910821883	94.962414
72696.17163964984	2850	4.0	1.3868929455291008	1354548	5386.89294553	-3.1136396657751333	95.957675
72701.71680688091	2850	4.0	1.5451672310738969	1519951	5545.16723107	-3.794219093617756	92.483401
72706.64564497319	2850	4.0	0.9288380922877768	1422919	4928.83809229	-1.1440037968374401	93.510922
72711.7269130717	2850	4.0	1.0812680985163214	1578343	5081.26809852	-1.7994528236201819	91.568178
72715.96443688571	2850	4.0	0.23752381400453304	1231445	4237.523814	1.828647599780508	88.830113
72721.56599698299	2850	4.0	1.6015600972781585	1471065	5601.56009728	-4.036708418296081	93.514387
72726.84563935417	2850	4.0	1.279642371181938	1491626	5279.64237118	-2.652462196082333	94.650033
72731.23261498695	2850	4.0	0.38697563277721564	1358801	4386.97563278	1.1860047790579729	92.142023
72738.27085982697	2850	4.0	3.038244840024	1537156	7038.24484002	-10.214452812103199	89.30989
72744.42115433238	2850	4.0	2.1502945054068077	1336050	6150.29450541	-6.396266373249272	93.680429
72752.17327794207	2850	4.0	3.7521236096995483	1415116	7752.1236097	-13.284131521708057	90.785318
72766.19946723786	2850	4.0	10.02618929578675	1468126	14026.1892958	-40.26261397188302	89.398189
72784.17424377507	2850	4.0	13.974776537205303	1505760	17974.7765372	-57.241539109982796	85.954529
72802.83061489685	2850	4.0	14.656371121780015	1323990	18656.3711218	-60.172395823654064	89.320458
72812.22944091173	2850	4.0	5.3988260148827685	1383735	9398.82601488	-20.364951863995902	93.348429
72820.56260759078	2850	4.0	4.333166679049891	1480464	8333.16667905	-15.78261671991453	97.271626
72827.16167707562	2850	4.0	2.5990694848505873	1547572	6599.06948485	-8.325998784857525	97.509012
72833.00608917717	2850	4.0	1.844412101546538	1141971	5844.41210155	-5.080972036650113	93.311238
72841.72223089308	2850	4.0	4.7161417158962955	1498470	8716.1417159	-17.42940937835407	96.041687
72851.40409725871	2850	4.0	5.681866365645379	1561263	9681.86636565	-21.58202537227513	96.863845
72860.04182795106	2850	4.0	4.637730692342773	1341201	8637.73069234	-17.092241977073922	94.816085
72867.61551328808	2850	4.0	3.5736853370274138	1497683	7573.68533703	-12.516846949217879	92.910185
72876.05488143214	2850	4.0	4.439368144052056	1358081	8439.36814405	-16.239283019423837	95.193139
72883.39989279819	2850	4.0	3.345011366058873	1587293	7345.01136606	-11.533548874053153	81.858634
72890.67719712573	2850	4.0	3.2773043275444587	1492672	7277.30432754	-11.242408608441172	99.177905
72897.39905905533	2850	4.0	2.7218619295946045	1439896	6721.86192959	-8.854006297256799	97.217465
72901.57589404313	2850	4.0	0.17683498780787887	1139291	4176.83498781	2.089609552426121	93.825455
72906.15671586452	2850	4.0	0.580821821391437	1499009	4580.82182139	0.35246616801682107	93.982147
72910.82743074813	2850	4.0	0.670714883609473	1427478	4670.71488361	-0.03407399952073353	90.92969
72916.86506491568	2850	4.0	2.0376341675419583	1402287	6037.63416754	-5.911826920430421	91.34334
72922.25945661333	2850	4.0	1.3943916976588462	1339500	5394.39169766	-3.1458842999330385	97.297482
72926.87714339202	2850	4.0	0.6176867786968123	1527299	4617.6867787	0.19394685160370706	92.902955
72931.11023668642	2850	4.0	0.23309329439979046	1343002	4233.0932944	1.847698834080901	87.659279
72936.45790228549	2850	4.0	1.3476655990671107	1587250	5347.66559907	-2.9449620759885753	95.172719
72941.06967468964	2850	4.0	0.6117724041560941	1464921	4611.77240416	0.21937866212879564	96.481395
72947.50774153945	2850	4.0	2.4380668498128397	1483527	6438.06684981	-7.633687454195211	95.602302
72951.5078327683	2850	4.0	9.122885436408978e-05	1231456	4000.09122885	2.8496077159262345	92.485503
72956.25673811298	2850	4.0	0.7489053446592279	1364537	4748.90534466	-0.3702929820346794	97.895096

