4815.513004614056	750	4.0	1.6438931885945212	450283	1643.8931885945212	0.5	-6.31874071095644	64.858346
4817.22392934926	750	6.289075264795886	0.0	398865	1710.924735204114	0.5	0.75	57.017244
4821.196359571323	1850	6.316645042733542	0.0	877771	3972.4302220623445	0.5	0.75	82.465457
4826.634454614701	1850	4.878549999355429	0.0	933276	5438.095043378113	0.5	1.85	78.955826
4829.569206662366	1200	5.943797951689932	0.0	652874	2934.7520476654977	0.5	0.5499999999999999	64.23322
4831.825614420088	1200	7.687390193968224	0.0	520315	2256.4077577217076	0.5	1.2	75.14582
4834.346921810794	1200	9.166082803262558	0.0	561791	2521.3073907056673	0.5	1.2	89.177904
4837.021674147935	1200	10.491330466120363	0.0	709534	2674.752337142194	0.5	1.2	82.426144
4839.535498325713	1200	11.977506288342749	0.0	584846	2513.824177777614	0.5	1.2	82.430225
4843.395843680155	1850	12.117160933901488	0.0	913888	3860.34535444126	0.5	1.2000000000000002	86.733288
4849.54657087747	1850	9.966433736586245	0.0	939819	6150.727197315245	0.5	1.85	89.239922
4855.387096262549	1850	8.125908351507617	0.0	917428	5840.5253850786285	0.5	1.85	82.202545
4859.529163675534	1200	7.983840938523493	0.0	624282	4142.067412984123	0.5	0.5499999999999999	73.534048
4863.698657103479	1200	7.814347510577794	0.0	687371	4169.493427945699	0.5	1.2	70.998108
4868.542135929822	1200	6.970868684234351	0.0	526950	4843.478826343443	0.5	1.2	67.735752
4873.172895081211	1200	6.340109532845788	0.0	587876	4630.759151388564	0.5	1.2	72.569044
4876.662009115908	750	6.8509954981482615	0.0	360831	3489.114034697526	0.5	0.3	60.531124
4880.339683876254	750	7.173320737802615	0.0	372963	3677.6747603456474	0.5	0.75	69.564049
4882.694636920648	750	8.81836769340851	0.0	405596	2354.9530443941067	0.5	0.75	60.564875
4884.645850491542	750	10.867154122514512	0.0	350713	1951.213570893998	0.5	0.75	67.172129
4886.244287141538	750	13.26871747251774	0.0	386472	1598.4366499967732	0.5	0.75	62.777649
4887.643990464089	750	15.86901414996681	0.0	399894	1399.7033225509297	0.5	0.75	55.443233
4888.8871427452195	750	18.625861868837244	0.0	401853	1243.1522811295638	0.5	0.75	47.960406
4890.6684902030065	1200	20.844514411050543	0.0	536667	1781.3474577867034	0.5	0.75	68.420849
4897.458774554597	1850	18.054230059459616	0.0	897976	6790.284351590924	0.5	1.2000000000000002	86.994267
4902.017645505848	1850	17.49535910820893	0.0	905935	4558.870951250686	0.5	1.85	89.133614
4906.057445768708	1850	17.45555884534902	0.0	1076599	4039.8002628599106	0.5	1.85	90.791041
4908.641702680181	1850	18.871301933876683	0.0	758197	2584.2569114723365	0.5	1.85	87.50057
4912.746443201751	1850	18.766561412305716	0.0	972798	4104.740521570964	0.5	1.85	88.832031
4916.4670783481315	1850	19.045926265925036	0.0	975811	3720.635146380679	0.5	1.85	89.334885
4919.8910702083385	1850	19.621934405719006	0.0	873429	3423.991860206031	0.5	1.85	87.120667
4924.337239201375	2850	19.175765412681788	0.0	1497683	4446.1689930372195	0.5	1.85	92.910185
4928.525720411089	2850	18.987284202967622	0.0	1358081	4188.481209714167	0.5	2.85	95.193139
4933.387541335407	2850	18.125463278649764	0.0	1587293	4861.820924317858	0.5	2.85	81.858634
4938.136004446162	2850	17.377000167895016	0.0	1492672	4748.463110754746	0.5	2.85	99.177905
4944.824051476226	2850	14.688953137831438	0.0	1439896	6688.047030063578	0.5	2.85	97.217465
4953.885525914589	2850	9.627478699467927	0.0	1139291	9061.474438363512	0.5	2.85	93.825455
4967.9559451955165	1200	4.0	4.442940581459871	575591	14070.419280927797	0.5	-19.55464450027744	77.292461
4973.768373845549	300	4.0	1.8124286500329772	144254	5812.428650032977	0.5	-8.393443195141801	12.774971
4980.086149569459	300	4.0	2.317775723910185	149991	6317.775723910185	0.5	-9.666435612813794	17.21265
4986.444142638414	300	4.0	2.3579930689549036	147968	6357.993068954904	0.5	-9.839370196506085	5.263918
4993.331853965616	300	4.0	2.887711327201899	161857	6887.711327201899	0.5	-12.117158706968164	26.901789
4999.07425638979	300	4.0	1.7424024241742817	145210	5742.402424174282	0.5	-7.192330423949411	23.926655
5005.971411791379	300	4.0	2.8971554015881966	172312	6897.155401588197	0.5	-12.157768226829244	26.146503
5011.621072928544	300	4.0	1.6496611371651424	167025	5649.6611371651425	0.5	-6.793542889810112	26.908827
5018.134616275343	300	4.0	2.513543346799028	160064	6513.543346799028	0.5	-10.508236391235819	27.591437
5023.781088292554	300	4.0	1.646472017210801	137507	5646.472017210801	0.5	-6.779829674006444	25.36694
5027.940921316434	300	4.0	0.15983302387957338	118421	4159.833023879573	0.5	-0.38728200268216545	36.062877

