17555.632217910963	750	4.0	5.057839080863765	450283	5057.839080863765	-93.37811055492759	64.858346
17559.296506758168	750	4.335711152796858	0.0	398865	3664.2888472031423	37.30694774282116	57.017244
17562.665182480916	750	4.967035430050613	0.0	350812	3368.6757227462435	49.53439726135709	60.430767
17566.069767829616	750	5.562450081353098	0.0	382355	3404.585348697515	39.207823032133746	55.551349
17569.603954262297	750	6.028263648670959	0.0	411561	3534.1864326821387	35.708620955217725	51.003805
17572.53224198812	750	7.099975922849096	0.0	318564	2928.2877258218623	54.252000083560986	62.986308
17575.461082515652	750	8.171135395314808	0.0	352642	2928.840527534289	71.31441799403183	81.00828
17579.37866398978	750	8.253553921186809	0.0	437162	3917.581474127999	43.94053818670605	69.475262
17583.800840901717	750	7.831377009252651	0.0	374758	4422.176911934158	57.681454273815504	70.789292
17588.01822429761	750	7.613993613359009	0.0	362795	4217.383395893642	45.836272051926805	64.786022
17591.090741038268	750	8.541476872707115	0.0	353220	3072.516740651894	58.18502339881593	70.008689
17594.821424273203	750	8.81079363776877	0.0	405134	3730.683234938346	35.63150226952917	59.00323
17598.691798205207	750	8.94041970576578	0.0	386351	3870.373932002989	47.71472422025977	59.358241
17602.88039745922	750	8.751820451753868	0.0	434409	4188.599254011911	42.523882025230556	56.692976
17607.486988653225	750	8.145229257749605	0.0	337059	4606.591194004263	41.66792139000558	54.76216
17612.331530523425	750	7.300687387551448	0.0	366214	4844.541870198158	48.406541934633836	58.858709
17617.42905746223	750	6.203160448747483	0.0	360831	5097.526938803964	49.100589048161304	60.531124
17622.066522691537	750	5.565695219437443	0.0	372963	4637.46522931004	58.9438058139744	69.564049
17625.24520317613	750	6.38701473484613	0.0	405596	3178.680484591313	39.08272725573663	60.564875
17628.157176018645	750	7.475041892332367	0.0	350713	2911.972842513764	56.195305162945644	67.172129
17632.14889546221	750	7.48332244876655	0.0	386472	3991.7194435658166	45.8423031210838	62.777649
17636.3044745569	750	7.3277433540815355	0.0	399894	4155.579094685015	36.51150936895389	55.443233
17639.621457481335	750	8.010760429643002	0.0	401853	3316.9829244385332	30.016831048248612	47.960406
17644.030675811107	750	7.601542099870229	0.0	343800	4409.218329772773	46.53210385732817	55.451197
17646.824669475325	750	8.80754843565224	0.0	359903	2793.9936642179878	57.277353060696605	66.786337
17650.144274717015	750	9.487943193962062	0.0	379700	3319.6052416901775	53.69031629537219	66.676537
17653.296185651667	750	10.336032259309313	0.0	425781	3151.91093465275	51.87874368281537	65.665965
17655.13164150821	750	12.500576402767338	0.0	277716	1835.455856541975	55.88863627581473	68.231907
17658.6588241976	750	12.973393713380501	0.0	400396	3527.1826893868356	56.69205323288801	69.601487
17665.077417888042	750	10.554800022937481	0.0	400508	6418.593690443021	52.88789921294314	67.821489
17671.349206734787	750	8.28301117619049	0.0	358218	6271.788846746991	48.99180250230414	64.789531
17676.018278451793	750	7.613939459184547	0.0	400322	4669.071717005943	44.31426861062449	60.651768
17680.566064074577	750	7.066153836401516	0.0	369834	4547.785622783031	57.54006651746116	68.369339
17686.200429511413	750	5.431788399563325	0.0	412837	5634.365436838191	20.187729359352712	49.996929
17687.998599140345	300	7.633618770631361	0.0	179328	1798.169628931964	-0.5824608160667033	28.893466
17693.857109212633	750	5.775108698344484	0.0	365161	5858.5100722868765	57.73788894705108	60.276519
17696.93214710518	750	6.700070805799691	0.0	321064	3075.0378925447935	56.13053433110116	67.040505
17700.44909252025	750	7.18312539072859	0.0	361565	3516.9454150711013	53.6345161054191	66.788635
17706.696612073316	750	4.935605837664953	0.0	378327	6247.5195530636365	45.38239461526515	62.32333
17709.128499080933	300	6.503718830048767	0.0	149991	2431.887007616186	-35.946586844209094	17.21265
17714.45111739633	750	5.181100514652031	0.0	345516	5322.618315396736	83.32232806298302	79.583372
17720.574912899057	750	4.0	0.9426949880763122	384505	6123.795502728343	8.7071278722279	64.443828
17722.772391503353	300	5.802521395706482	0.0	145210	2197.478604293518	-25.3867828879665	23.926655
17725.427146086542	300	7.147766812514721	0.0	172312	2654.754583191762	20.143335165183682	26.146503
17728.29383349767	300	8.281079401386641	0.0	167025	2866.68741112808	20.354647499322645	26.908827
17731.22600772566	300	9.348905173398881	0.0	160064	2932.17422798776	20.908998154259805	27.591437
17736.03808467398	750	8.536828225078771	0.0	331053	4812.076948320111	58.585645433710944	60.678126
17740.12390658045	750	8.451006318606597	0.0	314107	4085.8219064721748	65.36453832212788	75.210559

