52072.64661092019	750	4.0	6.275717151967713	450283	6275.71715197	-26.235583753461167	64.858346
52094.68473753631	2850	4.0	18.038126616117246	1431809	22038.1266161	-76.81394444930416	90.683379
52109.82888101345	2850	4.0	11.144143477141366	1300868	15144.1434771	-45.06981695170787	90.483169
52139.9286238684	2850	4.0	26.099742854951675	1520281	30099.742855	-109.3788942762922	89.788956
52169.428746076235	2850	4.0	25.50012220783556	1472558	29500.1222078	-106.8005254936929	85.928154
52183.74098860134	2850	4.0	10.312242525108196	1224260	14312.2425251	-41.492642857965244	94.229141
52208.51400389087	2850	4.0	20.773015289529926	1388403	24773.0152895	-86.47396574497868	97.582873
52230.25409035988	2850	4.0	17.740086469005874	1638769	21740.086469	-73.43237181672527	97.908255
52248.48731319948	2850	4.0	14.233222839598373	1348011	18233.2228396	-58.352858210273	96.808308
52271.11277287981	2850	4.0	18.625459680323505	1429765	22625.4596803	-77.23947662539108	94.962414
52288.097644497306	2850	4.0	12.98487161749453	1354548	16984.8716175	-52.984947955226474	95.957675
52304.725282780346	2850	4.0	12.62763828304705	1519951	16627.638283	-51.44884461710231	92.483401
52324.35240986884	2850	4.0	15.627127088491838	1422919	19627.1270885	-64.3466464805149	93.510922
52342.26993634488	2850	4.0	13.917526476035862	1578343	17917.526476	-56.995363846954206	91.568178
52356.644875649916	2850	4.0	10.374939305038312	1231445	14374.939305	-41.76223901166474	88.830113
52372.34023301222	2850	4.0	11.695357362307371	1471065	15695.3573623	-47.440036657921695	93.514387
52392.907560700776	2850	4.0	16.567327688554883	1491626	20567.3276886	-68.389509060786	94.650033
52412.824410560665	2850	4.0	15.916849859891062	1358801	19916.8498599	-65.59245439753157	92.142023
52435.92109702953	2850	4.0	19.09668646886464	1537156	23096.6864689	-79.26575181611796	89.30989
52462.20017600811	2850	4.0	22.279078978585915	1336050	26279.0789786	-92.95003960791944	93.680429
52486.56274299581	2850	4.0	20.362566987697083	1415116	24362.5669877	-84.70903804709745	90.785318
52508.55057345287	2850	4.0	17.987830457054212	1468126	21987.8304571	-74.49767096533311	89.398189
52532.473975094756	2850	4.0	19.923401641893868	1505760	23923.4016419	-82.82062706014364	85.954529
52548.38157853746	2850	4.0	11.907603442704703	1323990	15907.6034427	-48.35269480363022	89.320458
52569.18272662503	2850	4.0	16.801148087571683	1383735	20801.1480876	-69.39493677655824	93.348429
52591.57797781495	2850	4.0	18.395251189918362	1480464	22395.2511899	-76.24958011664896	97.271626
52607.50793668926	2850	4.0	11.92995887430945	1547572	15929.9588743	-48.44882315953063	97.509012
52622.28642611146	2850	4.0	10.778489422204109	1141971	14778.4894222	-43.497504515477665	93.311238
52641.18751280347	2850	4.0	14.901086692010198	1498470	18901.086692	-61.224672775643846	96.041687
52659.41171659041	2850	4.0	14.224203786936668	1561263	18224.2037869	-58.31407628382767	96.863845
52674.642671662004	2850	4.0	11.23095507159243	1341201	15230.9550716	-45.44310680784744	94.816085
52691.715798871206	2850	4.0	13.073127209203307	1497683	17073.1272092	-53.36444699957421	92.910185
52712.648748636515	2850	4.0	16.932949765307278	1358081	20932.9497653	-69.9616839908213	95.193139
52731.42818877046	2850	4.0	14.779440133946308	1587293	18779.4401339	-60.701592575969116	81.858634
52763.14172670968	2850	4.0	27.713537939219645	1492672	31713.5379392	-116.31821313864447	99.177905
52791.01036764671	2850	4.0	23.868640937026928	1439896	27868.640937	-99.7851560292158	97.217465
52803.72135594561	2850	4.0	8.710988298899386	1139291	12710.9882989	-34.607249685267355	93.825455
52830.79943288162	2850	4.0	23.078076936015712	1499009	27078.076936	-96.38573082486757	93.982147
52848.748609186405	2850	4.0	13.949176304780787	1427478	17949.1763048	-57.13145811055738	90.92969
52867.85236522539	2850	4.0	15.103756038995519	1402287	19103.756039	-62.09615096768072	91.34334
52889.119940096	2850	4.0	17.267574870606648	1339500	21267.5748706	-71.40057194360858	97.297482
52908.03498124737	2850	4.0	14.915041151367335	1527299	18915.0411514	-61.284676950879536	92.902955
52922.76698419564	2850	4.0	10.732002948262089	1343002	14732.0029483	-43.29761267752698	87.659279
52944.1103661463	2850	4.0	17.34338195065996	1587250	21343.3819507	-71.72654238783784	95.172719
52960.90318240016	2850	4.0	12.792816253860835	1464921	16792.8162539	-52.15910989160159	96.481395
52978.03830196696	2850	4.0	13.135119566795478	1483527	17135.1195668	-53.63101413722055	95.602302
52991.049465439675	2850	4.0	9.011163472721822	1231456	13011.1634727	-35.89800293270383	92.485503
53010.23868621037	2850	4.0	15.18922077068578	1364537	19189.2207707	-62.463649313948856	97.895096

