17504.077982184193	750	4.0	5.775321338143219	450283	5775.321338143219	-24.08388175401584	64.858346
17505.39514192906	300	6.682840255133825	0.0	155580	1317.159744866175	-0.15000000000000002	18.412623
17506.512273459222	300	9.565708724972165	0.0	139857	1117.1315301616603	0.3	17.596212
17509.571724792248	750	10.506257391949104	0.0	382355	3059.4513330230607	0.3	55.551349
17513.034181815736	750	11.043800368458669	0.0	411561	3462.457023490435	0.75	51.003805
17516.979566963884	750	11.098415220311423	0.0	318564	3945.385148147247	0.75	62.986308
17520.116347231142	750	11.961634953055917	0.0	352642	3136.7802672555054	0.75	81.00828
17524.380964552787	750	11.697017631411997	0.0	437162	4264.617321643919	0.75	69.475262
17528.43759941379	750	11.640382770403557	0.0	374758	4056.6348610084397	0.75	70.789292
17531.18308154184	750	12.894900642356413	0.0	362795	2745.4821280471433	0.75	64.786022
17534.467268445846	750	13.610713738352432	0.0	353220	3284.186904003981	0.75	70.008689
17537.11941969931	750	14.958562484889388	0.0	405134	2652.1512534630433	0.75	59.00323
17540.242547959664	750	15.835434224533856	0.0	386351	3123.128260355532	0.75	59.358241
17546.631241922052	750	13.446740262146871	0.0	434409	6388.693962386985	0.75	56.692976
17552.535640444363	750	11.54234173983313	0.0	337059	5904.398522313742	0.75	54.76216
17557.62945764869	750	10.448524535505813	0.0	366214	5093.817204327317	0.75	58.858709
17561.75907333239	750	10.318908851809761	0.0	360831	4129.615683696051	0.75	60.531124
17567.057851833426	750	9.020130350773908	0.0	372963	5298.778501035853	0.75	69.564049
17568.97365703496	300	11.104325149241358	0.0	165384	1915.805201532551	-0.15000000000000002	26.310814
17570.392810826015	300	13.685171358186638	0.0	140881	1419.1537910547186	0.3	26.782579
17576.428369942136	750	11.649612242065999	0.0	386472	6035.559116120639	0.3	62.777649
17580.28451770673	750	11.793464477471696	0.0	399894	3856.1477645943028	0.75	55.443233
17584.608825236457	750	11.46915694774344	0.0	401853	4324.3075297282585	0.75	47.960406
17590.714866051912	750	9.363116132288607	0.0	343800	6106.040815454832	0.75	55.451197
17596.08648206045	750	7.991500123750041	0.0	359903	5371.616008538566	0.75	66.786337
17598.632970477618	300	9.44501170658126	0.0	153938	2546.48841716878	-0.15000000000000002	22.855883
17601.72917448729	300	10.348807696909644	0.0	181901	3096.2040096716173	0.3	27.469573
17603.467949743677	300	12.61003244052171	0.0	111155	1738.7752563879337	0.3	12.138089
17605.787413049944	300	14.290569134256621	0.0	153605	2319.4633062650905	0.3	28.256686
17608.04717400515	300	16.030808179048908	0.0	149029	2259.7609552077115	0.3	23.365013
17610.81229892353	300	17.265683260670368	0.0	157421	2765.1249183785403	0.3	25.589487
17613.63830043124	300	18.439681752958307	0.0	157488	2826.0015077120643	0.3	17.795984
17619.161991725345	750	16.915990458854896	0.0	369834	5523.691294103412	0.3	68.369339
17624.622296281203	750	15.455685902994999	0.0	412837	5460.304555859898	0.75	49.996929
17630.96640187201	750	13.111580312189872	0.0	401088	6344.105590805128	0.75	69.915275
17634.350633254875	750	13.72734892932364	0.0	365161	3384.2313828662313	0.75	60.276519
17637.113292514685	750	14.964689669513609	0.0	321064	2762.6592598100315	0.75	67.040505
17640.795620585697	750	15.282361598502181	0.0	361565	3682.328071011429	0.75	66.788635
17647.119893869505	750	12.958088314695734	0.0	378327	6324.273283806447	0.75	62.32333
17654.887099678053	750	9.19088250614568	0.0	390680	7767.205808550053	0.75	61.525566
17658.334032362924	750	9.74394982127643	0.0	345516	3446.93268486925	0.75	79.583372
17661.758524608606	750	10.319457575593924	0.0	384505	3424.4922456825066	0.75	64.443828
17666.908227117547	750	9.169755066651726	0.0	372093	5149.702508942199	0.75	58.879512
17669.4764686647	300	10.601513519500866	0.0	172312	2568.2415471508593	-0.15000000000000002	26.146503
17670.794200546345	300	13.283781637854489	0.0	167025	1317.7318816463778	0.3	26.908827
17674.423543046298	750	13.654439137897695	0.0	393804	3629.342499956795	0.3	62.845425
17679.86349634299	1200	12.214485841206129	0.0	538612	5439.953296691565	0.75	74.51099
17685.409272542598	1200	10.66870964159785	0.0	550906	5545.776199608279	1.2	86.366143

