16544.86537960581	750	4.0	5.057839080863765	450283	5057.839080863765	-20.99870804771419	64.858346
16546.296117120863	300	6.569262484946178	0.0	155580	1430.7375150538228	-0.15000000000000002	18.412623
16547.694705356702	300	9.170674249107659	0.0	139857	1398.5882358385181	0.3	17.596212
16549.13968336936	300	11.72569623644636	0.0	155432	1444.9780126612982	0.3	19.997309
16552.952113057043	750	11.913266548767632	0.0	411561	3812.429687678727	0.3	51.003805
16555.90781571268	750	12.95756389313118	0.0	318564	2955.702655636452	0.75	62.986308
16558.916435357856	750	13.948944247952115	0.0	352642	3008.619645179065	0.75	81.00828
16562.872147806123	750	13.993231799684596	0.0	437162	3955.71244826752	0.75	69.475262
16565.913571097062	750	14.951808508744692	0.0	374758	3041.4232909399034	0.75	70.789292
16569.36745067261	750	15.497928933198654	0.0	362795	3453.8795755460387	0.75	64.786022
16573.757820033366	750	15.107559572443133	0.0	353220	4390.369360755521	0.75	70.008689
16578.14999026207	750	14.71538934373766	0.0	405134	4392.170228705471	0.75	59.00323
16581.421285979148	750	15.44409362666236	0.0	386351	3271.295717075302	0.75	59.358241
16585.6227006394	750	15.242678966410214	0.0	434409	4201.414660252144	0.75	56.692976
16588.791774388174	750	16.073605217634913	0.0	337059	3169.0737487753013	0.75	54.76216
16592.549487841203	750	16.31589176460406	0.0	366214	3757.7134530308526	0.75	58.858709
16597.448532160794	750	15.416847445015462	0.0	360831	4899.044319588601	0.75	60.531124
16602.51401315146	750	14.351366454345827	0.0	372963	5065.480990669634	0.75	69.564049
16608.018799169568	750	12.846580436238831	0.0	405596	5504.7860181069955	0.75	60.564875
16612.140353802803	750	12.725025803005789	0.0	350713	4121.554633233044	0.75	67.172129
16615.091082913343	750	13.774296692466084	0.0	386472	2950.729110539703	0.75	62.777649
16618.41804920447	750	14.447330401339222	0.0	399894	3326.966291126862	0.75	55.443233
16622.977929479264	750	13.887450126542564	0.0	401853	4559.880274796658	0.75	47.960406
16626.202630610354	750	14.6627489954532	0.0	343800	3224.701131089365	0.75	55.451197
16629.22855545295	750	15.636824152855175	0.0	359903	3025.9248425980236	0.75	66.786337
16633.99488089469	750	14.870498711119362	0.0	379700	4766.325441735814	0.75	66.676537
16637.23232160471	750	15.633058001097663	0.0	425781	3237.440710021699	0.75	65.665965
16639.714065341752	750	17.151314264056087	0.0	277716	2481.7437370415746	0.75	68.231907
16642.669744970393	750	18.195634635415356	0.0	400396	2955.679628640731	0.75	69.601487
16645.450613266305	750	19.414766339502894	0.0	400508	2780.8682959124644	0.75	67.821489
16648.990875032996	750	19.874504572811542	0.0	358218	3540.2617666913493	0.75	64.789531
16655.850812616984	750	17.014566988823148	0.0	400322	6859.937583988394	0.75	60.651768
16662.072751574084	750	14.79262803172251	0.0	369834	6221.938957100639	0.75	68.369339
16666.4662497954	750	14.399129810405544	0.0	412837	4393.498221316966	0.75	49.996929
16671.80848464395	750	13.056894961857317	0.0	401088	5342.234848548227	0.75	69.915275
16676.408813486352	750	12.456566119454779	0.0	365161	4600.328842402537	0.75	60.276519
16681.022817647226	750	11.842561958579727	0.0	321064	4614.004160875053	0.75	67.040505
16685.237970886657	750	11.627408719150074	0.0	361565	4215.153239429654	0.75	66.788635
16688.948623386408	750	11.91675621939703	0.0	378327	3710.6524997530423	0.75	62.32333
16694.866519004467	750	9.998860601339485	0.0	390680	5917.895618057544	0.75	61.525566
16697.33235022885	300	11.53302937695367	0.0	147968	2465.8312243858154	-0.15000000000000002	5.263918
16699.850279940907	300	13.015099664895846	0.0	161857	2517.929712057824	0.3	26.901789
16702.13380378167	300	14.731575824134161	0.0	145210	2283.5238407616857	0.3	23.926655
16704.811207486	300	16.05417211980469	0.0	172312	2677.40370432947	0.3	26.146503
16711.19184325768	750	13.67353634812576	0.0	398987	6380.635771678931	0.3	63.729239
16717.366376169044	750	11.499003436761843	0.0	393804	6174.532911363916	0.75	62.845425
16722.909590615687	750	9.955788990116996	0.0	331053	5543.214446644846	0.75	60.678126
16724.634909646058	300	12.23046995974913	0.0	118421	1725.3190303678675	-0.15000000000000002	36.062877

