23612.605530387475	750	4.0	4.955564253110452	450283	4955.564253110451	-90.43301346376128	64.858346
23623.134532785665	750	4.0	6.5290023981878225	398865	10529.002398187822	-150.70164042610787	57.017244
23626.854566651436	300	4.279966134227669	0.0	139857	3720.033865772332	-29.585037665793127	17.596212
23630.39860159675	300	4.73593118891477	0.0	155432	3544.034945312899	14.989583049748727	19.997309
23633.94237128246	300	5.192161503204536	0.0	163442	3543.7696857102337	8.322067973538104	16.877619
23637.17660738937	300	5.957925396293641	0.0	126289	3234.2361069108956	13.580570417102745	18.579568
23640.60033640409	300	6.534196381574206	0.0	153295	3423.7290147194353	40.220602433691965	42.291519
23645.7456932753	300	5.388839510366005	0.0	173849	5145.356871208201	20.10461217328575	35.451274
23651.494297266156	300	4.0	0.35976448048675863	150710	5748.603990852764	3.734977591952597	28.497356
23655.324442154415	300	4.169855111741903	0.0	139105	3830.144888258097	8.428788135904757	21.660501
23657.922808488198	300	5.571488777957753	0.0	141840	2598.36633378415	-21.48851944385787	2.177717
23660.26456424929	300	7.229733016866321	0.0	156148	2341.7557610914314	18.935846683464327	19.431299
23661.963525451032	300	9.530771815125037	0.0	160746	1698.961201741283	16.101027757711584	21.445722
23665.215223340125	300	10.279073926030518	0.0	179801	3251.697889094519	18.112191156964666	23.726678
23670.00826690091	750	9.486030365245119	0.0	337059	4793.0435607854	52.96420597107542	54.76216
23672.7841375786	750	10.710159687550998	0.0	366214	2775.87067769412	48.406541934633836	58.858709
23676.17522737975	750	11.319069886405174	0.0	360831	3391.0898011458253	49.100589048161304	60.531124
23679.70767459271	750	11.786622673445414	0.0	372963	3532.4472129597602	58.9438058139744	69.564049
23683.33431703294	750	12.159980233215585	0.0	405596	3626.642440229828	39.08272725573663	60.564875
23685.836690126744	750	13.657607139412816	0.0	350713	2502.3730938027693	56.195305162945644	67.172129
23694.76138974928	750	8.732907516874857	0.0	386472	8924.699622537959	45.8423031210838	62.777649
23704.041200819538	750	4.0	0.5469035533818533	399894	9279.81107025671	20.76292196386548	55.443233
23707.55288273897	300	4.4883180805660485	0.0	163927	3511.681919433952	-29.36203761087242	16.837774
23709.779719877537	300	6.2614809419999675	0.0	137654	2226.8371385660816	-8.188975813003921	6.466535
23711.425336719167	300	8.615864100370993	0.0	146754	1645.6168416289752	24.440878712625864	25.355956
23716.338127711766	750	7.7030731077737915	0.0	379700	4912.790992597201	66.11917195197455	66.676537
23721.35634885965	750	6.684851959889547	0.0	425781	5018.2211478842455	51.87874368281537	65.665965
23723.95681214951	750	8.084388670027511	0.0	277716	2600.463289862035	55.88863627581473	68.231907
23726.867061444835	750	9.174139374703982	0.0	400396	2910.2492953235296	56.69205323288801	69.601487
23729.44967858806	750	10.591522231477274	0.0	400508	2582.617143226707	52.88789921294314	67.821489
23732.01232670058	750	12.028874118957097	0.0	358218	2562.6481125201763	48.99180250230414	64.789531
23734.855438355316	750	13.18576246422207	0.0	400322	2843.1116547350293	44.31426861062449	60.651768
23740.919502135184	750	11.12169868435494	0.0	369834	6064.06377986713	57.54006651746116	68.369339
23744.44373602837	750	11.59746479116836	0.0	412837	3524.233893186579	20.187729359352712	49.996929
23747.00450803114	750	13.036692788397566	0.0	401088	2560.7720027707937	62.48480537634975	69.915275
23750.318797303193	1200	13.722403516344462	0.0	598727	3314.289272053104	65.53488519734074	77.763467
23753.26686068304	1200	14.774340136492587	0.0	487812	2948.063379851875	63.29163035592236	77.846693
23757.643158733783	1200	14.398042085753001	0.0	575591	4376.298050739585	62.20941215869677	77.292461
23761.776931895572	1200	14.264268923962483	0.0	605884	4133.773161790517	56.519254990333565	74.001829
23765.81241572797	1200	14.22878509156602	0.0	587506	4035.4838323964636	57.88246197348263	72.886388
23768.01159738596	750	16.029603433574888	0.0	345516	2199.181657991131	66.73313750009174	79.583372
23771.850953198365	1200	16.190247621172045	0.0	641452	3839.3558124028436	57.34071953352638	75.706383
23784.431412527985	1850	7.609788291550489	0.0	886255	12580.459329621555	65.06857148325741	78.86339
23790.176573735007	750	5.86462708453114	0.0	438281	5745.161207019349	32.57905677921308	62.327504
23796.078338619434	750	4.0	0.0371377998977041	398987	5901.764884428844	50.659004345035164	63.729239
23800.17618208489	750	4.0	0.09784346545889185	393804	4097.843465458892	46.8070233830472	62.845425
23802.551834647165	750	5.62434743772792	0.0	331053	2375.65256227208	46.42725130719397	60.678126
23804.966023267032	750	7.210158817862068	0.0	314107	2414.188619865852	65.36453832212788	75.210559

