14861.622157219641	750	4.0	1.9120480482224669	450283	1912.0480482224668	-7.471806607356607	64.858346
14863.471582861433	750	6.150574358208762	0.0	398865	1849.425641791238	0.75	57.017244
14864.997976478568	750	8.62418074107329	0.0	350812	1526.3936171354708	0.75	60.430767
14872.896406476799	1200	4.725750742841249	0.0	617681	7898.429998232043	0.75	69.474665
14875.768307652037	300	5.853849567603353	0.0	163442	2871.901175237895	-0.6000000000000001	16.877619
14876.814618617238	300	8.807538602402674	0.0	126289	1046.31096520068	0.3	18.579568
14878.065308474157	300	11.556848745483418	0.0	153295	1250.6898569192554	0.3	42.291519
14879.285311078555	300	14.336846141087278	0.0	173849	1220.0026043961384	0.3	35.451274
14880.565108075347	300	17.057049144294364	0.0	150710	1279.796996792915	0.3	28.497356
14884.409777220051	750	17.212379999589306	0.0	362795	3844.6691447050566	0.3	64.786022
14886.835655671744	750	18.78650154789714	0.0	353220	2425.8784516921664	0.75	70.008689
14890.35369922431	1200	19.268457995330103	0.0	594078	3518.0435525670364	0.75	70.906301
14893.376898971785	1200	20.245258247855475	0.0	624282	3023.199747474626	1.2	73.534048
14896.819954767363	1200	20.802202452277154	0.0	687371	3443.0557955783224	1.2	70.998108
14899.60735681497	1200	22.01480040467012	0.0	526950	2787.402047607037	1.2	67.735752
14907.577968110987	1850	18.044189108652375	0.0	923170	7970.6112960177425	1.2000000000000002	83.7301
14924.255820554947	1850	5.366336664692881	0.0	966699	16677.852443959495	1.85	86.226021
14927.034073507146	300	6.5880837124955995	0.0	150616	2778.2529521972806	-1.25	35.116669
14929.393308229071	300	8.228848990569459	0.0	165384	2359.23472192614	0.3	26.310814
14931.001141106011	300	10.621016113630448	0.0	140881	1607.83287693901	0.3	26.782579
14932.427243217113	300	13.194914002528495	0.0	157671	1426.102111101952	0.3	28.807059
14933.61812084619	300	16.00403637345054	0.0	157812	1190.8776290779572	0.3	21.07483
14934.6321342825	300	18.990022937141205	0.0	163927	1014.0134363093339	0.3	16.837774
14937.032015437171	750	20.59014178247045	0.0	343800	2399.8811546707548	0.3	55.451197
14940.540513656384	750	21.08164356325757	0.0	359903	3508.4982192128855	0.75	66.786337
14949.06352945129	1200	16.558627768350963	0.0	590335	8523.015794906603	0.75	79.644231
14953.747310519188	750	15.87484670045513	0.0	425781	4683.781067895832	0.3	65.665965
14955.863763383797	750	17.75839383584471	0.0	277716	2116.4528646104154	0.75	68.231907
14958.411181149697	750	19.210976069944103	0.0	400396	2547.4177659006095	0.75	69.601487
14960.073918850823	750	21.548238368818026	0.0	400508	1662.7377011260776	0.75	67.821489
14961.637701176789	750	23.984456042852255	0.0	358218	1563.7823259657691	0.75	64.789531
14963.829158310476	750	25.792998909164044	0.0	400322	2191.457133688211	0.75	60.651768
14967.94317589407	1850	25.678981325570266	0.0	885062	4114.017583593781	0.75	87.533761
14972.117740188758	1850	25.50441703088168	0.0	1035329	4174.564294688585	1.85	71.430146
14976.357595052057	1850	25.264562167582834	0.0	1026056	4239.854863298846	1.85	97.037422
14980.518101677373	1850	25.104055542267837	0.0	943942	4160.506625314996	1.85	90.168439
14985.252682850718	2850	24.369474368921594	0.0	1139291	4734.581173346244	1.85	93.825455
15001.57461875332	2850	12.047538466320043	0.0	1499009	16321.93590260155	2.85	93.982147
15005.923021572846	750	11.699135646795042	0.0	378327	4348.402819525002	-1.35	62.32333
15008.627634998824	750	12.994522220816158	0.0	390680	2704.613425978886	0.75	61.525566
15010.50296494116	750	15.119192278479716	0.0	345516	1875.329942336443	0.75	79.583372
15012.504626288082	750	17.117530931558854	0.0	384505	2001.6613469208646	0.75	64.443828
15014.69274625097	750	18.929410968671085	0.0	372093	2188.1199628877675	0.75	58.879512
15017.049840697451	750	20.57231652219075	0.0	438281	2357.094446480335	0.75	62.327504
15020.147680452692	1200	21.47447676695052	0.0	630203	3097.8397552402325	0.75	77.745919
15027.634155471655	2850	17.988001747986544	0.0	1483527	7486.475018963975	1.2000000000000002	95.602302
15034.472541932006	2850	15.149615287636353	0.0	1231456	6838.386460350193	2.85	92.485503
15046.430708026197	4300	7.1914491934453	0.0	2155012	11958.166094191052	2.8499999999999996	99.974274

