16632.522673	750	4.0	2.54228302815134	450283	2542.28302815	-10.181817021050762	64.858346
16638.7264572	2850	4.0	2.203784203434309	1431809	6203.78420343	-8.726272074767529	90.683379
16643.8984954	2850	4.0	1.1720382218572813	1300868	5172.03822186	-2.1897643539863094	90.483169
16662.3618477	2850	4.0	14.463352274109347	1520281	18463.3522741	-59.34241477867019	89.788956
16678.0642048	2850	4.0	11.702357123899565	1472558	15702.3571239	-47.47013563276813	85.928154
16687.2261432	2850	4.0	5.161938373266819	1224260	9161.93837327	-19.346335005047322	94.229141
16698.0573863	2850	4.0	6.8312431561994105	1388403	10831.2431562	-26.524345571657463	97.582873
16710.5186996	2850	4.0	8.46131333938754	1638769	12461.3133394	-33.53364735936642	97.908255
16722.0724011	2850	4.0	7.553701439614317	1348011	11553.7014396	-29.63091619034156	96.808308
16732.2195327	2850	4.0	6.147131577303184	1429765	10147.1315773	-23.582665782403687	94.962414
16741.8647547	2850	4.0	5.645222005980488	1354548	9645.22200598	-21.424454625716095	95.957675
16747.5648511	2850	4.0	1.7000964764355022	1519951	5700.09647644	-4.460414848672659	92.483401
16752.1238767	2850	4.0	0.5590255856167241	1422919	4559.02558562	0.44618998184808634	93.510922
16758.0205639	2850	4.0	1.8966871663682159	1578343	5896.68716637	-5.305754815383329	91.568178
16765.6362707	2850	4.0	3.6157067914814114	1231445	7615.70679148	-12.697539203370068	88.830113
16773.7469972	2850	4.0	4.110726538263217	1471065	8110.72653826	-14.826124114531831	93.514387
16787.3922891	2850	4.0	9.645291865274098	1491626	13645.2918653	-38.62475502067862	94.650033
16795.8386615	2850	4.0	4.446372432934857	1358801	8446.37243293	-16.269401461619882	92.142023
16803.2074242	2850	4.0	3.3687626958208394	1537156	7368.76269582	-11.635679592029609	89.30989
16809.3098372	2850	4.0	2.1024129956167337	1336050	6102.41299562	-6.1903758811519545	93.680429
16814.721921	2850	4.0	1.4120838118188113	1415116	5412.08381182	-3.2219603908208883	90.785318
16820.8968269	2850	4.0	2.1749059004522224	1468126	6174.90590045	-6.502095371944556	89.398189
16825.041874	2850	4.0	0.14504710323622294	1505760	4145.04710324	2.2262974560842412	85.954529
16830.1655665	2850	4.0	1.1236924514238027	1323990	5123.69245142	-1.9818775411223517	89.320458
16843.6244426	2850	4.0	9.458876161219987	1383735	13458.8761612	-37.82316749324594	93.348429
16858.2932723	2850	4.0	10.668829638745683	1480464	14668.8296387	-43.02596744660643	97.271626
16880.0019618	2850	4.0	17.708689495700437	1547572	21708.6894957	-73.29736483151189	97.509012
16898.4469356	2850	4.0	14.44497376998336	1141971	18444.97377	-59.26338721092844	93.311238
16915.0569056	2850	4.0	12.609970024944861	1498470	16609.9700249	-51.372871107262895	96.041687
16928.8638923	2850	4.0	9.806986718648428	1561263	13806.9867186	-39.32004289018824	96.863845
16940.2322752	2850	4.0	7.368382924389704	1341201	11368.3829244	-28.834046574875725	94.816085
16948.5619835	2850	4.0	4.329708289431958	1497683	8329.70828943	-15.767745644557417	92.910185
16954.4546693	2850	4.0	1.8926858207018487	1358081	5892.6858207	-5.288549029017949	95.193139
16961.2588372	2850	4.0	2.8041678950003734	1587293	6804.167895	-9.207921948501605	81.858634
16976.7160099	2850	4.0	11.457172634708613	1492672	15457.1726347	-46.415842329247035	99.177905
16994.3117778	2850	4.0	13.59576798317294	1439896	17595.7679832	-55.611802327643645	97.217465
17003.0928262	2850	4.0	4.781048369921182	1139291	8781.04836992	-17.70850799066108	93.825455
17014.8016693	2850	4.0	7.708843064890854	1499009	11708.8430649	-30.298025179030674	93.982147
17025.5646329	2850	4.0	6.762963655231986	1427478	10762.9636552	-26.23074371749754	90.92969
17037.164999	2850	4.0	7.600366042966898	1402287	11600.366043	-29.83157398475766	91.34334
17047.7162218	2850	4.0	6.551222872309123	1339500	10551.2228723	-25.320258350929226	97.297482
17057.5787918	2850	4.0	5.862569992275079	1527299	9862.56999228	-22.359050966782835	92.902955
17064.1145799	2850	4.0	2.5357881032795495	1343002	6535.78810328	-8.053888844102064	87.659279
17069.2137443	2850	4.0	1.0991643631978987	1587250	5099.1643632	-1.8764067617509643	95.172719
17074.2895924	2850	4.0	1.0758480459866295	1464921	5075.84804599	-1.7761465977425064	96.481395
17082.4305198	2850	4.0	4.140927458876909	1483527	8140.92745888	-14.95598807317071	95.602302
17089.6595296	2850	4.0	3.2290098357677524	1231456	7229.00983577	-11.034742293801335	92.485503
17101.906774	2850	4.0	8.247244331043444	1364537	12247.244331	-32.6131506234868	97.895096

