15232.701525350814	750	4.0	6.3928079957343495	450283	6392.80799573435	-26.7390743816577	64.858346
15233.770612960552	300	6.93091239026107	0.0	155580	1069.0876097389298	-0.15000000000000002	18.412623
15235.256387677036	300	9.445137673777062	0.0	139857	1485.7747164840077	0.3	17.596212
15237.299947032818	300	11.40157831799436	0.0	155432	2043.559355782702	0.3	19.997309
15239.335457886333	300	13.366067464480084	0.0	163442	2035.5108535142779	0.3	16.877619
15240.306765912244	300	16.39475943856815	0.0	126289	971.3080259119344	0.3	18.579568
15242.830646935703	750	17.870878415109228	0.0	352642	2523.881023458921	0.3	81.00828
15246.067624453284	750	18.633900897529248	0.0	437162	3236.97751757998	0.75	69.475262
15249.285145250831	750	19.416380099981666	0.0	374758	3217.520797547581	0.75	70.789292
15252.767440919179	750	19.934084431633032	0.0	362795	3482.295668348635	0.75	64.786022
15257.212238193279	1200	19.489287157533532	0.0	607410	4444.797274099502	0.75	82.096766
15261.51062184915	1200	19.190903501662593	0.0	594078	4298.383655870939	1.2	70.906301
15267.251392596747	1200	17.45013275406448	0.0	624282	5740.770747598111	1.2	73.534048
15271.227958022724	1200	17.47356732808768	0.0	687371	3976.5654259768035	1.2	70.998108
15274.289738359845	1200	18.411786990968505	0.0	526950	3061.7803371191767	1.2	67.735752
15281.563353172609	1200	15.138172178202367	0.0	587876	7273.614812766136	1.2	72.569044
15286.497889253089	1200	14.203636097723237	0.0	617242	4934.536080479131	1.2	75.662786
15289.038227423793	750	15.663297927020322	0.0	372963	2540.3381707029143	0.3	69.564049
15291.591694752542	750	17.109830598271568	0.0	405596	2553.4673287487517	0.75	60.564875
15293.943447479196	750	18.75807787161738	0.0	350713	2351.752726654186	0.75	67.172129
15297.154904090885	750	19.546621259928852	0.0	386472	3211.4566116885285	0.75	62.777649
15300.29747790357	750	20.404047447243002	0.0	399894	3142.573812685849	0.75	55.443233
15303.16148699019	750	21.540038360625132	0.0	401853	2864.009086617871	0.75	47.960406
15306.71738583918	1200	21.98413951163591	0.0	536667	3555.8988489892226	0.75	68.420849
15310.45674252595	1200	22.24478282486466	0.0	587236	3739.3566867712457	1.2	78.698824
15314.216374272828	1200	22.485151077986703	0.0	590335	3759.63174687796	1.2	79.644231
15319.459603967669	1850	21.241921383146472	0.0	1076599	5243.229694840229	1.2000000000000002	90.791041
15327.048691297245	1850	17.652834053570352	0.0	758197	7589.08732957612	1.85	87.50057
15333.616612099699	1200	15.084913251116252	0.0	622896	6567.920802454102	0.5499999999999999	80.053124
15337.795658238489	1200	14.905867112324664	0.0	641447	4179.0461387915875	1.2	80.154442
15341.681907871023	1200	15.019617479790645	0.0	570392	3886.2496325340203	1.2	78.009495
15346.400433506042	1200	14.301091844771861	0.0	620283	4718.525635018783	1.2	72.909556
15350.939839016717	1200	13.761686334095884	0.0	584349	4539.405510675977	1.2	79.771897
15365.54894914134	1200	4.0	0.8474237905252466	670129	14609.110124621131	-2.4439222992585607	62.28877
15369.464687268239	300	4.08426187309922	0.0	179328	3915.7381269007797	-0.6000000000000001	28.893466
15371.893023187753	300	5.655925953585328	0.0	159914	2428.3359195138923	0.3	21.738399
15373.153174501093	300	8.395774640244113	0.0	131610	1260.151313341214	0.3	28.4111
15374.350427938929	300	11.198521202408847	0.0	124011	1197.2534378352677	0.3	21.943337
15375.743655302353	300	13.805293838984722	0.0	144254	1393.2273634241237	0.3	12.774971
15377.313854085862	300	16.23509505547505	0.0	149991	1570.1987835096734	0.3	17.21265
15380.158219555211	750	17.390729586127993	0.0	345516	2844.3654693470567	0.3	79.583372
15383.269632934176	750	18.279316207163255	0.0	384505	3111.413378964739	0.75	64.443828
15386.037534601519	750	19.51141453981989	0.0	372093	2767.9016673433675	0.75	58.879512
15389.154783609529	750	20.394165531810593	0.0	438281	3117.2490080092975	0.75	62.327504
15391.455546967225	750	22.09340217411407	0.0	398987	2300.7633576965227	0.75	63.729239
15396.196895063933	1850	21.35205407740666	0.0	982064	4741.348096707405	0.75	86.680563
15403.035726659156	2850	18.513222482184087	0.0	1231456	6838.831595222573	1.85	92.485503
15418.31505903834	4300	7.233890103001657	0.0	2155012	15279.33237918243	2.8499999999999996	99.974274

