2414.1420407906016	750	4.0	2.100206826790785	450283	2100.2068267907853	-8.280889355200376	64.858346
2417.9009288194757	1200	4.241111971125794	0.0	611087	3758.888028874206	0.75	69.839987
2420.545947151464	1200	5.596093639137665	0.0	571051	2645.0183319881285	1.2	73.587374
2423.2982067856974	1200	6.843834004904116	0.0	617681	2752.2596342335487	1.2	69.474665
2425.9468165269545	1200	8.195224263647269	0.0	652874	2648.6097412568465	1.2	64.23322
2428.3882288248724	1200	9.753811965729104	0.0	520315	2441.4122979181648	1.2	75.14582
2431.586449186766	1200	10.555591603835731	0.0	561791	3198.220361893372	1.2	89.177904
2436.1921764148524	1850	9.949864375749502	0.0	1060487	4605.727228086229	1.2000000000000002	90.155937
2439.2043086445997	1850	10.937732146002306	0.0	852833	3012.1322297471975	1.85	90.218296
2442.3587602257753	1850	11.783280564826692	0.0	913888	3154.451581175614	1.85	86.733288
2445.7289859257166	1850	12.413054864884938	0.0	939819	3370.2256999417527	1.85	89.239922
2449.8842296294706	1850	12.257811161131286	0.0	917428	4155.243703753651	1.85	82.202545
2453.8211844613843	1850	12.320856329217765	0.0	946851	3936.954831913521	1.85	83.629776
2458.338582046422	1850	11.803458744180114	0.0	1036454	4517.397585037652	1.85	80.875505
2462.1184287075903	1850	12.0236120830113	0.0	821631	3779.8466611688145	1.85	78.494849
2465.244906668628	1850	12.897134121973544	0.0	923170	3126.477961037755	1.85	83.7301
2469.8244434095604	1850	12.317597381041534	0.0	966699	4579.536740932009	1.85	86.226021
2474.747085541978	1850	11.394955248623951	0.0	885714	4922.642132417582	1.85	85.258591
2478.448127697815	1850	11.693913092787225	0.0	987708	3701.0421558367266	1.85	79.995224
2481.5671142372375	1850	12.574926553364179	0.0	923755	3118.9865394230455	1.85	86.363677
2485.2368860679053	1850	12.905154722696293	0.0	891604	3669.771830667885	1.85	81.773294
2489.451839424036	1850	12.69020136656566	0.0	955231	4214.953356130635	1.85	79.031768
2493.6626250054965	1850	12.47941578510507	0.0	968026	4210.785581460589	1.85	73.123347
2501.8149419721	1850	8.32709881850193	0.0	874175	8152.31696660314	1.85	80.700778
2507.2366783429306	750	6.9053624476713376	0.0	359903	5421.736370830593	-0.3500000000000001	66.786337
2509.710889244057	300	8.431151546545095	0.0	153938	2474.2109011262414	-0.15000000000000002	22.855883
2512.511364403744	300	9.63067638685773	0.0	181901	2800.475159687366	0.3	27.469573
2513.474662902479	300	12.667377888123099	0.0	111155	963.2984987346298	0.3	12.138089
2514.7501478880745	300	15.391892902527365	0.0	153605	1275.484985595734	0.3	28.256686
2515.9035963992465	300	18.23844439135566	0.0	149029	1153.4485111717063	0.3	23.365013
2517.059197601342	300	21.082843189259656	0.0	157421	1155.6012020960059	0.3	25.589487
2519.335038619552	750	22.80700217104949	0.0	400322	2275.8410182101634	0.3	60.651768
2522.275832679306	1200	23.866208111295723	0.0	584349	2940.794059753768	0.75	79.771897
2526.969728078968	1200	23.17231271163402	0.0	670129	4693.895399661703	1.2	62.28877
2529.92298100992	1200	24.219059780681942	0.0	690253	2953.252930952081	1.2	87.732581
2534.3674068431865	1850	23.774633947415534	0.0	943942	4444.425833266406	1.2000000000000002	90.168439
2536.922054234714	1850	25.219986555887985	0.0	728962	2554.647391527548	1.85	86.066994
2539.7187694692584	1850	26.423271321343382	0.0	938587	2796.7152345446057	1.85	86.593761
2542.8136191539	1850	27.328421636701496	0.0	908665	3094.849684641886	1.85	82.415248
2545.73747829749	1850	28.40456249311165	0.0	930577	2923.859143589846	1.85	83.556577
2548.821349273507	1850	29.32069151709411	0.0	858450	3083.870976017542	1.85	92.068418
2554.4566697562636	2850	27.685371034337532	0.0	1527299	5635.320482756578	1.85	92.902955
2560.502678216735	2850	25.639362573865814	0.0	1343002	6046.0084604717185	2.85	87.659279
2566.9807914003864	2850	23.16124939021458	0.0	1587250	6478.113183651233	2.85	95.172719
2573.570535600531	2850	20.571505190070123	0.0	1464921	6589.744200144457	2.85	96.481395
2579.395307959533	2850	18.746732831068165	0.0	1483527	5824.772359001957	2.85	95.602302
2587.011358631903	4300	15.130682158698132	0.0	1961140	7616.050672370035	2.8499999999999996	99.97428
2595.177275658591	4300	10.964765132010005	0.0	2155012	8165.917026688127	4.3	99.974274

