26304.98977491736	750	4.0	4.799754461958953	450283	4799.754461958953	-19.888944186423497	64.858346
26306.41176514514	300	6.578009772220171	0.0	155580	1421.9902277798294	-0.15000000000000002	18.412623
26307.613773834055	300	9.376001083309369	0.0	139857	1202.0086889108015	0.3	17.596212
26311.431224606113	750	9.558550311250475	0.0	382355	3817.450772058895	0.3	55.551349
26315.697047201924	750	9.292727715438891	0.0	411561	4265.822595811582	0.75	51.003805
26323.278756299605	750	5.71101861775838	0.0	318564	7581.709097680512	0.75	62.986308
26326.681063992546	300	6.308710924818308	0.0	153295	3402.3076929400727	-0.15000000000000002	42.291519
26329.94018123404	300	7.049593683323344	0.0	173849	3259.1172414949633	0.3	35.451274
26332.248857236642	300	8.740917680721632	0.0	150710	2308.6760026017128	0.3	28.497356
26333.901202644956	300	11.088572272408591	0.0	139105	1652.3454083130403	0.3	21.660501
26335.315148445752	300	13.674626471611402	0.0	141840	1413.9458007971896	0.3	2.177717
26337.109371702394	300	15.880403214968219	0.0	156148	1794.2232566431828	0.3	19.431299
26339.4451575819	300	17.544617335463784	0.0	160746	2335.7858795044353	0.3	21.445722
26341.7618451969	300	19.22792972046571	0.0	179801	2316.6876149980735	0.3	23.726678
26347.16796830888	750	17.821806608484803	0.0	337059	5406.1231119809045	0.3	54.76216
26354.510308892615	750	14.479466024750158	0.0	366214	7342.340583734645	0.75	58.858709
26361.493325871455	750	11.496449045907978	0.0	360831	6983.016978842178	0.75	60.531124
26367.397291333502	750	9.592483583864547	0.0	372963	5903.965462043432	0.75	69.564049
26370.474393524048	300	10.515381393319512	0.0	165384	3077.1021905450343	-0.15000000000000002	26.310814
26372.461992983153	300	12.52778193421292	0.0	140881	1987.5994591065937	0.3	26.782579
26374.37234125167	300	14.617433665696815	0.0	157671	1910.348268516103	0.3	28.807059
26376.21587728357	300	16.773897633798423	0.0	157812	1843.5360318983903	0.3	21.07483
26378.110431084555	300	18.87934383281185	0.0	163927	1894.553800986574	0.3	16.837774
26381.796349984477	750	19.19342493288959	0.0	343800	3685.9188999222565	0.3	55.451197
26386.29584484156	750	18.693930075808844	0.0	359903	4499.494857080752	0.75	66.786337
26390.545774984952	750	18.443999932413465	0.0	379700	4249.930143395378	0.75	66.676537
26395.09763319746	750	17.892141719906558	0.0	425781	4551.858212506907	0.75	65.665965
26398.16964320837	750	18.820131708998268	0.0	277716	3072.0100109082878	0.75	68.231907
26402.14696544654	750	18.842809470828623	0.0	400396	3977.3222381696464	0.75	69.601487
26405.43199694732	750	19.55777797004707	0.0	400508	3285.031500781553	0.75	67.821489
26412.270724345097	750	16.719050572274398	0.0	358218	6838.727397772674	0.75	64.789531
26418.071323070504	750	14.918451846866763	0.0	400322	5800.598725407635	0.75	60.651768
26423.999592169566	750	12.99018274780304	0.0	369834	5928.269099063725	0.75	68.369339
26428.940155815966	750	12.049619101405352	0.0	412837	4940.563646397688	0.75	49.996929
26432.347280659702	750	12.642494257668725	0.0	401088	3407.1248437366257	0.75	69.915275
26436.41990188538	750	12.56987303199231	0.0	365161	4072.621225676414	0.75	60.276519
26441.67538316705	750	11.314391750319269	0.0	321064	5255.481281673042	0.75	67.040505
26446.349276933102	750	10.640497984264497	0.0	361565	4673.893766054772	0.75	66.788635
26453.23362048381	750	7.7561544335577075	0.0	378327	6884.34355070679	0.75	62.32333
26455.95266241094	300	9.037112506433859	0.0	149991	2719.0419271238484	-0.15000000000000002	17.21265
26458.223066845152	300	10.766708072219396	0.0	147968	2270.4044342144625	0.3	5.263918
26460.333853999917	300	12.65592091745466	0.0	161857	2110.7871547647374	0.3	26.901789
26462.478736670048	300	14.511038247322869	0.0	145210	2144.8826701317903	0.3	23.926655
26465.54088741284	300	15.4488875045276	0.0	172312	3062.150742795269	0.3	26.146503
26467.14618041161	300	17.84359450575746	0.0	167025	1605.2929987701452	0.3	26.908827
26469.859952330982	750	19.12982258638597	0.0	393804	2713.7719193714884	0.3	62.845425
26473.510699665763	1200	19.479075251602122	0.0	538612	3650.7473347838454	0.75	74.51099
26478.434369249655	1200	18.555405667707355	0.0	550906	4923.669583894769	1.2	86.366143

