19034.30749579155	750	4.0	5.558065529459364	450283	5558.065529459364	-23.149681776675266	64.858346
19037.115214923397	300	5.192280868151962	0.0	155580	2807.719131848038	-0.15000000000000002	18.412623
19038.500747258015	300	7.8067485335352504	0.0	139857	1385.5323346167118	0.3	17.596212
19043.016620222243	750	7.290875569305878	0.0	382355	4515.872964229373	0.3	55.551349
19048.91146507762	750	5.396030713929775	0.0	411561	5894.844855376102	0.75	51.003805
19051.24118379944	300	7.066311992108363	0.0	126289	2329.7187218214117	-0.15000000000000002	18.579568
19055.145130847915	750	7.162364943632587	0.0	352642	3903.947048475776	0.3	81.00828
19058.08533019914	750	8.22216559240767	0.0	437162	2940.1993512249173	0.75	69.475262
19060.899769841064	750	9.407725950484256	0.0	374758	2814.439641923414	0.75	70.789292
19064.863786801885	1200	9.443708989660536	0.0	560821	3964.0169608237193	0.75	76.960357
19069.113675179797	1200	9.19382061174669	0.0	607410	4249.888377913847	1.2	82.096766
19073.670217670602	1200	8.637278120944055	0.0	594078	4556.542490802634	1.2	70.906301
19076.39147677809	750	9.916019013453349	0.0	386351	2721.2591074907045	0.3	59.358241
19081.595898770203	1200	8.711597021341426	0.0	687371	5204.421992111924	0.75	70.998108
19084.39935668469	750	9.908139106851278	0.0	337059	2803.4579144901472	0.3	54.76216
19089.554012993478	1200	8.753482798066376	0.0	587876	5154.656308784902	0.75	72.569044
19092.918599197987	750	9.388896593554826	0.0	360831	3364.586204511551	0.3	60.531124
19100.314609758556	1200	5.992886032987823	0.0	581493	7396.010560567003	0.75	79.137254
19101.906388371197	300	8.40110742034908	0.0	165384	1591.7786126387443	-0.6000000000000001	26.310814
19104.73308514519	750	9.574410646355915	0.0	350713	2826.6967739931647	0.3	67.172129
19108.65769572083	1200	9.649800070718701	0.0	601738	3924.610575637214	0.75	74.235946
19114.059468300147	1200	8.248027491398695	0.0	616206	5401.772579320007	1.2	68.532883
19117.859205009478	750	8.448290782068792	0.0	401853	3799.7367093299017	0.3	47.960406
19121.659660987007	750	8.647834804540755	0.0	343800	3800.455977528038	0.75	55.451197
19125.324212444346	750	8.983283347201002	0.0	359903	3664.5514573397527	0.75	66.786337
19128.614591585225	750	9.692904206321444	0.0	379700	3290.3791408795596	0.75	66.676537
19135.32525217275	1200	6.982243618793793	0.0	696376	6710.660587527651	0.75	80.745588
19136.490400606264	300	9.817095185281788	0.0	111155	1165.1484335120035	-0.6000000000000001	12.138089
19142.11074436449	1200	8.196751427056675	0.0	622896	5620.343758225113	0.29999999999999993	80.053124
19146.727024972766	750	7.580470818780336	0.0	400508	4616.280608276339	0.3	67.821489
19152.149650550586	750	6.157845240960716	0.0	358218	5422.62557781962	0.75	64.789531
19154.983760479354	300	7.323735312193569	0.0	157488	2834.1099287671473	-0.15000000000000002	17.795984
19160.974031585225	750	5.333464206322733	0.0	369834	5990.2711058708355	0.3	68.369339
19162.610065584027	300	7.697430207520303	0.0	163444	1636.0339988024298	-0.15000000000000002	17.178658
19166.782787942786	750	7.524707848761832	0.0	401088	4172.722358758471	0.3	69.915275
19170.72338801914	750	7.584107772408116	0.0	365161	3940.600076353716	0.75	60.276519
19174.33099237622	750	7.976503415329788	0.0	321064	3607.604357078329	0.75	67.040505
19177.922477061642	750	8.385018729907088	0.0	361565	3591.4846854227003	0.75	66.788635
19182.72757014286	750	7.579925648689313	0.0	378327	4805.093081217775	0.75	62.32333
19187.512519185388	750	6.794976606161506	0.0	390680	4784.949042527806	0.75	61.525566
19189.530845151534	300	8.77665064001724	0.0	147968	2018.3259661442678	-0.15000000000000002	5.263918
19193.1053866097	750	9.202109181850668	0.0	384505	3574.5414581665705	0.3	64.443828
19197.66530929563	1200	8.64218649592095	0.0	599477	4559.92268592972	0.75	71.343181
19203.45757815981	750	6.849917631738657	0.0	438281	5792.2688641822915	0.3	62.327504
19205.104143112458	300	9.20335267908793	0.0	167025	1646.5649526507266	-0.15000000000000002	26.908827
19210.523853674717	1200	7.783642116828749	0.0	638661	5419.710562259181	0.29999999999999993	77.309224
19212.783446758167	750	9.524049033381544	0.0	331053	2259.5930834472038	0.3	60.678126
19216.32912413086	1200	9.978371660689362	0.0	550906	3545.6773726921842	0.75	86.366143

