16370.081890697942	750	4.0	5.127185897414645	450283	5127.185897414644	-21.29689935888297	64.858346
16371.975172199196	300	6.106718498746048	0.0	155580	1893.2815012539522	-0.15000000000000002	18.412623
16373.618134101498	300	8.463756596441497	0.0	139857	1642.961902304551	0.3	17.596212
16375.457090748658	300	10.624799949282068	0.0	155432	1838.9566471594298	0.3	19.997309
16377.48335094539	300	12.598539752552488	0.0	163442	2026.2601967295793	0.3	16.877619
16378.692001520754	300	15.389889177186298	0.0	126289	1208.6505753661886	0.3	18.579568
16383.06070814577	750	15.021182552172487	0.0	352642	4368.7066250138105	0.3	81.00828
16387.500802065726	750	14.581088632216039	0.0	437162	4440.093919956449	0.75	69.475262
16391.111844184903	750	14.970046513041675	0.0	374758	3611.042119174365	0.75	70.789292
16395.15016356427	750	14.931727133671572	0.0	362795	4038.319379370102	0.75	64.786022
16398.94196059397	750	15.13993010397293	0.0	353220	3791.7970296986423	0.75	70.008689
16404.203245368146	750	13.878645329796512	0.0	405134	5261.284774176415	0.75	59.00323
16409.36925116574	750	12.712639532203358	0.0	386351	5166.005797593154	0.75	59.358241
16412.912532042767	750	13.169358655176623	0.0	434409	3543.280877026734	0.75	56.692976
16415.233486323443	750	14.848404374501028	0.0	337059	2320.954280675596	0.75	54.76216
16417.70621383495	750	16.375676862993696	0.0	366214	2472.7275115073303	0.75	58.858709
16420.47063485569	750	17.611255842253392	0.0	360831	2764.421020740305	0.75	60.531124
16423.214038049297	750	18.867852648647276	0.0	372963	2743.4031936061156	0.75	69.564049
16428.24720126991	1200	17.83468942803258	0.0	639204	5033.163220614696	0.75	72.000653
16433.03536780625	1200	17.046522891695524	0.0	586839	4788.166536337058	1.2	79.134663
16440.091532120678	1200	13.990358577264876	0.0	601738	7056.164314430646	1.2	74.235946
16451.196083905837	1200	6.885806792104506	0.0	616206	11104.55178516037	1.2	68.532883
16454.073919478393	300	8.007971219549539	0.0	163927	2877.8355725549673	-0.6000000000000001	16.837774
16457.139417411738	300	8.942473286204718	0.0	137654	3065.4979333448205	0.3	6.466535
16460.421327380416	300	9.66056331752932	0.0	146754	3281.909968675398	0.3	25.355956
16463.011624492596	300	11.070266205347654	0.0	153938	2590.2971121816668	0.3	22.855883
16466.498962109246	300	11.582928588696504	0.0	181901	3487.337616651149	0.3	27.469573
16468.647979764813	300	13.43391093313239	0.0	111155	2149.0176555641137	0.3	12.138089
16471.61640999311	300	14.465480704835674	0.0	153605	2968.4302282967174	0.3	28.256686
16474.203294368985	300	15.878596328957926	0.0	149029	2586.884375877749	0.3	23.365013
16476.621912081853	300	17.45997861609081	0.0	157421	2418.617712867113	0.3	25.589487
16479.44665622145	300	18.63523447649313	0.0	157488	2824.74413959768	0.3	17.795984
16482.745822542736	300	19.336068155206156	0.0	143881	3299.166321286977	0.3	25.091594
16487.75629800749	300	18.32559269045326	0.0	163444	5010.475464752899	0.3	17.178658
16493.945394260325	300	16.136496437617033	0.0	179328	6189.096252836227	0.3	28.893466
16498.379302773144	300	15.702587924797587	0.0	159914	4433.908512819446	0.3	21.738399
16501.51414741914	300	16.567743278802798	0.0	131610	3134.8446459947895	0.3	28.4111
16504.02454068659	300	18.05735001135312	0.0	124011	2510.393267449678	0.3	21.943337
16506.47028166576	300	19.611609032187175	0.0	144254	2445.7409791659466	0.3	12.774971
16508.23928791097	300	21.842602786976514	0.0	149991	1769.0062452106627	0.3	17.21265
16513.307506378875	750	20.77438431906857	0.0	345516	5068.218467907943	0.3	79.583372
16519.739993965286	750	18.34189673265852	0.0	384505	6432.4875864100495	0.75	64.443828
16527.501878482475	750	14.580012215471845	0.0	372093	7761.884517186673	0.75	58.879512
16533.45018685076	750	12.631703847183548	0.0	438281	5948.308368288296	0.75	62.327504
16537.257438226818	750	12.824452471129073	0.0	398987	3807.2513760544753	0.75	63.729239
16541.236424261944	750	12.845466436003536	0.0	393804	3978.9860351255375	0.75	62.845425
16545.142974095434	750	12.938916602512698	0.0	331053	3906.549833490837	0.75	60.678126
16555.804847532974	1200	6.27704316497485	0.0	550906	10661.873437537848	0.75	86.366143

