10412.23818912852	750	4.0	3.5388403668140223	450283	3538.840366814022	-14.467013577300294	64.858346
10413.69058819867	300	6.5476009298498035	0.0	155580	1452.399070150196	-0.15000000000000002	18.412623
10415.029092280562	300	9.209096847957815	0.0	139857	1338.5040818919888	0.3	17.596212
10416.39892682829	300	11.83926230022871	0.0	155432	1369.8345477291064	0.3	19.997309
10420.743950587463	750	11.494238541055406	0.0	411561	4345.023759173304	0.3	51.003805
10424.08369077799	750	12.154498350526824	0.0	318564	3339.7401905285806	0.75	62.986308
10427.606714545362	750	12.631474583156047	0.0	352642	3523.023767370778	0.75	81.00828
10432.004580351439	750	12.233608777080219	0.0	437162	4397.865806075829	0.75	69.475262
10436.078006567663	750	12.160182560855244	0.0	374758	4073.4262162249747	0.75	70.789292
10438.771480545565	750	13.466708582951812	0.0	362795	2693.4739779034344	0.75	64.786022
10441.35711757976	750	14.881071548756664	0.0	353220	2585.6370341951474	0.75	70.008689
10444.899871788728	750	15.33831733978947	0.0	405134	3542.754208967194	0.75	59.00323
10448.604707339284	750	15.633481789233667	0.0	386351	3704.8355505558025	0.75	59.358241
10452.932090409155	750	15.306098719362911	0.0	434409	4327.383069870756	0.75	56.692976
10456.197188684033	750	16.041000444483846	0.0	337059	3265.0982748790652	0.75	54.76216
10458.835880846618	750	17.40230828189952	0.0	366214	2638.69216258433	0.75	58.858709
10462.664103616846	1200	17.57408551167328	0.0	617242	3828.2227702262358	0.75	75.662786
10466.132338757146	1200	18.105850371371105	0.0	581493	3468.235140302177	1.2	79.137254
10469.821480214718	1200	18.416708913800125	0.0	639204	3689.1414575709778	1.2	72.000653
10474.382152865115	1200	17.856036263401066	0.0	586839	4560.672650399057	1.2	79.134663
10477.624251942734	1200	18.613937185783993	0.0	601738	3242.0990776170706	1.2	74.235946
10481.125697786914	1200	19.112491341603207	0.0	616206	3501.445844180785	1.2	68.532883
10487.737173222578	1200	16.501015905937802	0.0	656471	6611.475435665404	1.2	63.455907
10492.900773417667	1200	15.337415710850571	0.0	536667	5163.6001950872305	1.2	68.420849
10501.517866241715	1200	10.72032288680321	0.0	587236	8617.092824047362	1.2	78.698824
10509.42527275315	1200	6.8129163753678315	0.0	590335	7907.406511435378	1.2	79.644231
10511.97532962285	300	8.262859505668182	0.0	181901	2550.0568696996493	-0.6000000000000001	27.469573
10513.564717539088	300	10.673471589430974	0.0	111155	1589.3879162372086	0.3	12.138089
10515.730539417307	300	12.507649711210323	0.0	153605	2165.821878220651	0.3	28.256686
10517.83422320813	300	14.403965920387462	0.0	149029	2103.68379082286	0.3	23.365013
10519.899774117488	300	16.338415011029692	0.0	157421	2065.550909357772	0.3	25.589487
10521.923284283455	300	18.31490484506351	0.0	157488	2023.5101659661816	0.3	17.795984
10525.77323530753	750	18.464953820989468	0.0	369834	3849.951024074043	0.3	68.369339
10532.188430831293	750	16.049758297225498	0.0	412837	6415.1955237639695	0.75	49.996929
10538.484245882864	750	13.753943245653115	0.0	401088	6295.815051572381	0.75	69.915275
10541.44418352297	750	14.794005605548882	0.0	365161	2959.9376401042327	0.75	60.276519
10543.914289772301	750	16.323899356217016	0.0	321064	2470.106249331868	0.75	67.040505
10546.425753785674	750	17.812435342846097	0.0	361565	2511.464013370918	0.75	66.788635
10548.881275179294	750	19.356913949226026	0.0	378327	2455.5213936200703	0.75	62.32333
10551.645584156357	750	20.592604972161784	0.0	390680	2764.3089770642437	0.75	61.525566
10553.956127532694	750	22.28206159582353	0.0	345516	2310.543376338249	0.75	79.583372
10558.253186503034	1200	21.9850026254838	0.0	641452	4297.058970339729	0.75	75.706383
10564.046152523655	1200	20.192036604862793	0.0	599477	5792.966020621012	1.2	71.343181
10568.748730676292	1200	19.48945845222639	0.0	634861	4702.5781526364	1.2	75.003938
10573.441237001438	1200	18.796952127079773	0.0	630203	4692.506325146615	1.2	77.745919
10577.06651054	1200	19.171678588517107	0.0	638661	3625.2735385626647	1.2	77.309224
10581.595588792052	1850	18.642600336466124	0.0	830730	4529.078252050987	1.2000000000000002	84.040637
10590.290976962451	2850	13.947212166067354	0.0	1364537	8695.388170398768	1.85	97.895096

