29684.631526285622	750	4.0	6.650702047500183	450283	6650.7020475	-27.84801880425079	64.858346
29709.752202277767	2850	4.0	21.120675992146214	1431809	25120.6759921	-90.06890676622872	90.683379
29726.648088418588	2850	4.0	12.895886140819686	1300868	16895.8861408	-52.60231040552465	90.483169
29745.3943411055	2850	4.0	14.746252686914744	1520281	18746.2526869	-60.558886553733394	89.788956
29759.72393658635	2850	4.0	10.329595480847283	1472558	14329.5954808	-41.56726056764332	85.928154
29772.62296145822	2850	4.0	8.899024871867228	1224260	12899.0248719	-35.415806949029076	94.229141
29791.96096970679	2850	4.0	15.338008248572958	1388403	19338.0082486	-63.103435468863715	97.582873
29818.40216527189	2850	4.0	22.441195565099562	1638769	26441.1955651	-93.64714092992811	97.908255
29830.97910914962	2850	4.0	8.576943877732363	1348011	12576.9438777	-34.03085867424916	96.808308
29851.51820926798	2850	4.0	16.539100118358967	1429765	20539.1001184	-68.26813050894356	94.962414
29870.518381299295	2850	4.0	15.00017203131863	1354548	19000.1720313	-61.650739734670104	95.957675
29885.468179016938	2850	4.0	10.94979771764312	1519951	14949.7977176	-44.23413018586541	92.483401
29898.350566135185	2850	4.0	8.882387118248133	1422919	12882.3871182	-35.344264608466965	93.510922
29912.2743214385	2850	4.0	9.923755303319272	1578343	13923.7553033	-39.822147804272866	91.568178
29926.782596454377	2850	4.0	10.50827501587497	1231445	14508.2750159	-42.33558256826237	88.830113
29945.16949224836	2850	4.0	14.386895793983541	1471065	18386.895794	-59.01365191412922	93.514387
29963.635048603508	2850	4.0	14.465556355148657	1491626	18465.5563551	-59.35189232713922	94.650033
29977.573570676494	2850	4.0	9.938522072986997	1358801	13938.522073	-39.88564491384408	92.142023
29993.733610005995	2850	4.0	12.160039329498156	1537156	16160.0393295	-49.43816911684207	89.30989
30016.853756296383	2850	4.0	19.120146290387567	1336050	23120.1462904	-79.36662904866654	93.680429
30035.048069725744	2850	4.0	14.194313429364701	1415116	18194.3134294	-58.18554774626821	90.785318
30053.27828047374	2850	4.0	14.230210747994429	1468126	18230.210748	-58.339906216376036	89.398189
30068.148344165355	2850	4.0	10.870063691616892	1505760	14870.0636916	-43.891273873952635	85.954529
30082.008211177217	2850	4.0	9.859867011862672	1323990	13859.8670119	-39.547428151009484	89.320458
30100.649124977033	2850	4.0	14.640913799815138	1383735	18640.9137998	-60.10592933920509	93.348429
30126.190587584802	2850	4.0	21.5414626077679	1480464	25541.4626078	-89.77828921340198	97.271626
30139.84231509746	2850	4.0	9.651727512659368	1547572	13651.7275127	-38.65242830443528	97.509012
30157.313795107366	2850	4.0	13.471480009904429	1141971	17471.4800099	-55.07736404258904	93.311238
30178.537646390996	2850	4.0	17.223851283630523	1498470	21223.8512836	-71.21256051961126	96.041687
30194.03404753169	2850	4.0	11.496401140694692	1561263	15496.4011407	-46.58452490498717	96.863845
30205.867907728007	2850	4.0	7.833860196314323	1341201	11833.8601963	-30.835598844151583	94.816085
30219.1578213754	2850	4.0	9.28991364739508	1497683	13289.9136474	-37.09662868379884	92.910185
30235.24414340548	2850	4.0	12.086322030082984	1358081	16086.3220301	-49.12118472935683	95.193139
30254.758342528046	2850	4.0	15.51419912256144	1587293	19514.1991226	-63.86105622701418	81.858634
30273.738125631033	2850	4.0	14.97978310298963	1492672	18979.783103	-61.56306734285541	99.177905
30286.30502037188	2850	4.0	8.56689474084426	1439896	12566.8947408	-33.98764738563032	97.217465
30298.574528711088	2850	4.0	8.26950833920919	1139291	12269.5083392	-32.708885858599515	93.825455
30325.02034576789	2850	4.0	22.445817056802586	1499009	26445.8170568	-93.66701334425112	93.982147
30343.031711204007	2850	4.0	14.011365436116877	1427478	18011.3654361	-57.39887137530257	90.92969
30360.44754573285	2850	4.0	13.415834528845958	1402287	17415.8345288	-54.83808847403761	91.34334
30373.02017403112	2850	4.0	8.57262829826724	1339500	12572.6282983	-34.01230168254913	97.297482
30389.660232222657	2850	4.0	12.640058191538756	1527299	16640.0581915	-51.50225022361665	92.902955
30407.78527651978	2850	4.0	14.125044297120331	1343002	18125.0442971	-57.88769047761742	87.659279
30434.742556159963	2850	4.0	22.957279640182346	1587250	26957.2796402	-95.86630245278408	95.172719
30447.157126946793	2850	4.0	8.414570786831488	1464921	12414.5707868	-33.3326543833754	96.481395
30473.231530086086	2850	4.0	22.074403139291817	1483527	26074.4031393	-92.06993349895481	95.602302
30486.593860563065	2850	4.0	9.36233047698096	1231456	13362.330477	-37.408021051018125	92.485503
30500.075189285948	2850	4.0	9.481328722882727	1364537	13481.3287229	-37.91971350839572	97.895096

