24809.55737823607	750	4.0	4.799754461958953	450283	4799.754461958953	-19.888944186423497	64.858346
24810.97936846385	300	6.578009772220171	0.0	155580	1421.9902277798294	-0.15000000000000002	18.412623
24812.181377152763	300	9.376001083309369	0.0	139857	1202.0086889108015	0.3	17.596212
24813.711568505587	300	11.845809730486824	0.0	155432	1530.1913528225455	0.3	19.997309
24815.433309949505	300	14.124068286566814	0.0	163442	1721.7414439200097	0.3	16.877619
24818.374012816497	750	15.1833654195765	0.0	318564	2940.702866990315	0.3	62.986308
24824.897160787226	750	12.660217448846371	0.0	352642	6523.147970730128	0.75	81.00828
24829.18511410066	300	12.37226413541448	0.0	173849	4287.953313431892	-0.15000000000000002	35.451274
24832.357968925135	300	13.19940931093945	0.0	150710	3172.8548244750314	0.3	28.497356
24834.91969475527	300	14.63768348080353	0.0	139105	2561.7258301359193	0.3	21.660501
24837.048012553754	300	16.509365682318638	0.0	141840	2128.317798484891	0.3	2.177717
24838.833819580344	300	18.72355865573158	0.0	156148	1785.8070265870601	0.3	19.431299
24840.47354417476	300	21.083834061314093	0.0	160746	1639.7245944174852	0.3	21.445722
24842.74737463103	300	22.810003605041487	0.0	179801	2273.8304562726084	0.3	23.726678
24847.32809120854	750	22.2292870275327	0.0	337059	4580.716577508783	0.3	54.76216
24853.95022974326	750	19.60714849281088	0.0	366214	6622.13853472182	0.75	58.858709
24860.827102359286	750	16.73027587678262	0.0	360831	6876.87261602826	0.75	60.531124
24864.173620195583	300	17.38375804048936	0.0	150616	3346.5178362932625	-0.15000000000000002	35.116669
24866.85486765327	300	18.70251058280384	0.0	165384	2681.2474576855207	0.3	26.310814
24869.001649220692	300	20.555729015380376	0.0	140881	2146.781567423464	0.3	26.782579
24871.627440286436	300	21.92993794963801	0.0	157671	2625.7910657423677	0.3	28.807059
24874.6042130648	300	22.95316517127519	0.0	157812	2976.7727783628184	0.3	21.07483
24877.017309669012	300	24.540068567059606	0.0	163927	2413.0966042155846	0.3	16.837774
24881.053239197707	750	24.504139038367313	0.0	343800	4035.929528692293	0.3	55.451197
24884.78519067486	750	24.772187561213713	0.0	359903	3731.9514771536005	0.75	66.786337
24889.594148395925	750	23.963229840146276	0.0	379700	4808.957721067435	0.75	66.676537
24894.3721113805	750	23.185266855574643	0.0	425781	4777.962984571633	0.75	65.665965
24897.34488761758	750	24.212490618494385	0.0	277716	2972.7762370802557	0.75	68.231907
24901.85878752298	750	23.69859071309747	0.0	400396	4513.8999053969155	0.75	69.601487
24905.891311509735	750	23.66606672634182	0.0	400508	4032.523986755648	0.75	67.821489
24909.01357350941	750	24.543804726668327	0.0	358218	3122.2619996734943	0.75	64.789531
24914.684644635483	750	22.87273360059496	0.0	400322	5671.07112607337	0.75	60.651768
24920.708956034247	750	20.84842220183285	0.0	369834	6024.311398762106	0.75	68.369339
24927.382968774436	750	18.174409461643	0.0	412837	6674.0127401898535	0.75	49.996929
24930.136124406792	300	19.42125382928695	0.0	179328	2753.1556323560476	-0.15000000000000002	28.893466
24932.19315262739	300	21.364225608689104	0.0	159914	2057.0282205978483	0.3	21.738399
24935.086059512443	750	22.471318723634734	0.0	321064	2892.9068850543695	0.3	67.040505
24938.073716546965	750	23.483661689113614	0.0	361565	2987.6570345211176	0.75	66.788635
24943.52967512182	750	22.027703114258866	0.0	378327	5455.958574854748	0.75	62.32333
24948.807567663738	750	20.74981057234158	0.0	390680	5277.892541917289	0.75	61.525566
24954.625235597847	750	18.932142638233657	0.0	345516	5817.6679341079225	0.75	79.583372
24957.57234435263	300	19.98503388345069	0.0	161857	2947.108754782966	-0.15000000000000002	26.901789
24960.191758267545	300	21.36561996853463	0.0	145210	2619.413914916063	0.3	23.926655
24962.940175095104	300	22.61720314097442	0.0	172312	2748.416827560207	0.3	26.146503
24965.110375497596	300	24.447002738484677	0.0	167025	2170.200402489745	0.3	26.908827
24967.5042139366	300	26.053164299477928	0.0	160064	2393.8384390067463	0.3	27.591437
24971.904470127767	750	25.652908108310747	0.0	331053	4400.25619116718	0.3	60.678126
24974.106555282622	750	27.450822953455294	0.0	314107	2202.0851548554515	0.75	75.210559

