13753.383606268933	750	4.0	1.26305294249572	450283	1263.05294249572	-4.681127652731596	64.858346
13754.923890415195	1200	6.45971585373713	0.0	611087	1540.2841462628705	0.75	69.839987
13758.408602837771	1850	6.975003431161929	0.0	877771	3484.7124225752	1.2000000000000002	82.465457
13761.945004115849	1850	7.438602153082809	0.0	933276	3536.4012780791195	1.85	78.955826
13765.299856132882	1850	8.083750136051085	0.0	996749	3354.8520170317247	1.85	75.455188
13768.307809320911	1850	9.075796948021535	0.0	801058	3007.953188029548	1.85	86.249306
13771.373342485987	1850	10.010263782947225	0.0	905515	3065.5331650743105	1.85	94.086702
13775.166575065388	1850	10.217031203547277	0.0	1060487	3793.232579399947	1.85	90.155937
13778.59630646134	1850	10.787299807594598	0.0	852833	3429.7313959526796	1.85	90.218296
13782.054217968502	1850	11.329388300433111	0.0	913888	3457.911507161486	1.85	86.733288
13786.25341646859	1850	11.130189800345033	0.0	939819	4199.198500088077	1.85	89.239922
13789.812160958729	1850	11.571445310203279	0.0	917428	3558.744490141754	1.85	82.202545
13793.347685978788	1850	12.035920290145672	0.0	946851	3535.525020057606	1.85	83.629776
13797.306476594926	1850	12.077129674007555	0.0	1036454	3958.7906161381184	1.85	80.875505
13800.103152510084	1850	13.280453758849086	0.0	821631	2796.6759151584674	1.85	78.494849
13803.516185220778	1850	13.867421048154807	0.0	923170	3413.0327106942786	1.85	83.7301
13806.71327200632	1850	14.670334262613862	0.0	966699	3197.086785540944	1.85	86.226021
13812.500645438591	2850	12.882960830343203	0.0	1358801	5787.373432270658	1.85	92.142023
13818.520411268162	2850	10.863195000773096	0.0	1537156	6019.7658295701085	2.85	89.30989
13822.794494944264	2850	10.589111324670004	0.0	1336050	4274.083676103092	2.85	93.680429
13827.44536977989	2850	9.938236489044957	0.0	1415116	4650.874835625048	2.85	90.785318
13834.636148628695	2850	6.747457640239808	0.0	1468126	7190.778848805149	2.85	89.398189
13838.237991815218	1850	7.14561445371575	0.0	968026	3601.843186524057	0.8500000000000001	73.123347
13841.906847345104	1850	7.476758923829515	0.0	874175	3668.855529886236	1.85	80.700778
13846.616503002002	1850	6.767103266931213	0.0	897976	4709.655656898302	1.85	86.994267
13851.16829896178	1850	6.2153073071540055	0.0	905935	4551.795959777207	1.85	89.133614
13854.293580437006	1200	7.0900258319278215	0.0	696376	3125.281475226184	0.5499999999999999	80.745588
13856.060367814813	1200	9.323238454122299	0.0	487160	1766.7873778055239	1.2	80.893459
13859.295008216552	1200	10.08859805238323	0.0	622896	3234.6404017390687	1.2	80.053124
13861.925344479845	1200	11.4582617890904	0.0	641447	2630.3362632928297	1.2	80.154442
13866.533985129541	1850	10.849621139396074	0.0	873429	4608.6406496943255	1.2000000000000002	87.120667
13870.516991028482	1850	10.866615240454946	0.0	954453	3983.0058989411277	1.85	83.67714
13873.82519975248	1850	11.558406516457849	0.0	885062	3308.2087239970983	1.85	87.533761
13877.39746596955	1850	11.986140299387081	0.0	1035329	3572.266217070766	1.85	71.430146
13880.955389086828	1850	12.428217182110421	0.0	1026056	3557.9231172766613	1.85	97.037422
13884.435217844495	1850	12.948388424441976	0.0	943942	3479.828757668444	1.85	90.168439
13887.849055300854	1850	13.534550968083625	0.0	728962	3413.837456358352	1.85	86.066994
13892.713777507292	1850	12.669828761645874	0.0	938587	4864.722206437751	1.85	86.593761
13896.638756939417	1850	12.744849329520388	0.0	908665	3924.9794321254867	1.85	82.415248
13900.168107417074	1850	13.21549885186434	0.0	930577	3529.3504776560494	1.85	83.556577
13903.480550905211	1850	13.903055363726486	0.0	858450	3312.443488137852	1.85	92.068418
13906.655779442917	1850	14.727826826020536	0.0	1025005	3175.22853770595	1.85	85.276808
13909.257496545728	1850	16.12610972320995	0.0	886255	2601.7171028105845	1.85	78.86339
13912.111373507369	1850	17.2722327615698	0.0	973972	2853.876961640151	1.85	84.84845
13914.92869381072	1850	18.45491245821995	0.0	958994	2817.3203033498517	1.85	87.119023
13921.37852393594	4300	16.005082332998995	0.0	2246506	6449.830125220956	1.8499999999999996	99.97428
13929.731979550314	4300	11.651626718625769	0.0	1961140	8353.455614373226	4.3	99.97428
13938.09167256692	4300	7.291933702020391	0.0	2155012	8359.693016605377	4.3	99.974274

