25052.57532461071	750	4.0	3.9127276647253035	450283	3912.7276647253034	-16.074728958318804	64.858346
25054.006917630817	300	6.568406979893699	0.0	155580	1431.593020106301	-0.15000000000000002	18.412623
25056.59945634051	750	7.97586827020079	0.0	350812	2592.5387096929094	0.3	60.430767
25058.88676483517	750	9.688559775540758	0.0	382355	2287.308494660032	0.75	55.551349
25063.491318066535	1200	9.084006544177125	0.0	652874	4604.553231363633	0.75	64.23322
25068.549856739577	1200	8.025467871132019	0.0	520315	5058.538673045106	1.2	75.14582
25075.3065955552	1200	5.268729055506983	0.0	561791	6756.738815625037	1.2	89.177904
25076.62625858468	300	7.949066026024766	0.0	173849	1319.663029482216	-0.6000000000000001	35.451274
25078.926068451732	750	9.6492561589743	0.0	374758	2299.809867050466	0.3	70.789292
25082.256012036716	1200	10.319312573993153	0.0	560821	3329.943584981147	0.75	76.960357
25084.30911332608	750	12.266211284627406	0.0	353220	2053.101289365746	0.3	70.008689
25087.680342863765	1200	12.894981746942511	0.0	594078	3371.2295376848965	0.75	70.906301
25089.902712283652	750	14.67261232705522	0.0	386351	2222.3694198872913	0.3	59.358241
25092.569485689968	750	16.005838920741052	0.0	434409	2666.773406314168	0.75	56.692976
25094.744653406455	750	17.83067120425314	0.0	337059	2175.1677164879115	0.75	54.76216
25099.275617101193	1200	17.29970750951652	0.0	587876	4530.963694736621	0.75	72.569044
25102.645451006578	750	17.929873604131615	0.0	360831	3369.8339053849036	0.3	60.531124
25108.463967532985	750	16.11135707772417	0.0	372963	5818.516526407445	0.75	69.564049
25110.13391805525	300	18.441406555458855	0.0	165384	1669.9505222653138	-0.15000000000000002	26.310814
25111.275281859445	300	21.30004275126396	0.0	140881	1141.3638041948966	0.3	26.782579
25116.60206046474	750	19.9732641459718	0.0	386472	5326.77860529216	0.3	62.777649
25118.9795035982	300	21.595821012514893	0.0	157812	2377.4431334569053	-0.15000000000000002	21.07483
25120.289990675632	300	24.285333935083028	0.0	163927	1310.4870774318679	0.3	16.837774
25123.165964710628	750	25.40935990008797	0.0	343800	2875.9740349950575	0.3	55.451197
25126.407549273074	750	26.167775337641384	0.0	359903	3241.5845624465846	0.75	66.786337
25129.76732960973	750	26.807995000984935	0.0	379700	3359.780336656453	0.75	66.676537
25133.5046422127	750	27.070682398015737	0.0	425781	3737.3126029691957	0.75	65.665965
25138.05488260822	1200	26.520442002497017	0.0	487160	4550.240395518722	0.75	80.893459
25149.2864724269	1200	19.288852183819813	0.0	622896	11231.589818677205	1.2	80.053124
25151.941531044875	300	20.63379356584327	0.0	149029	2655.0586179765437	-0.6000000000000001	23.365013
25159.931226789337	750	16.644097821382793	0.0	358218	7989.695744460473	0.3	64.789531
25163.06703843431	300	17.50828617640868	0.0	157488	3135.811644974114	-0.15000000000000002	17.795984
25172.848669941173	750	11.726654669549244	0.0	369834	9781.631506859436	0.3	68.369339
25178.64002408252	300	9.935300528202882	0.0	163444	5791.354141346363	-0.15000000000000002	17.178658
25183.353414016325	300	9.221910594397727	0.0	179328	4713.389933805157	0.3	28.893466
25185.81744784262	300	10.75787676810379	0.0	159914	2464.0338262939376	0.3	21.738399
25187.930844999348	300	12.64447961137563	0.0	131610	2113.397156728161	0.3	28.4111
25192.040295380193	750	12.535029230528224	0.0	361565	4109.4503808474055	0.3	66.788635
25194.898434310395	750	13.67689030032652	0.0	378327	2858.138930201705	0.75	62.32333
25198.67905883739	750	13.896265773331724	0.0	390680	3780.6245269947963	0.75	61.525566
25202.91401814493	750	13.66130646579621	0.0	345516	4234.959307535512	0.75	79.583372
25212.462584950725	750	8.112739659998121	0.0	384505	9548.566805798087	0.75	64.443828
25222.674740849692	750	4.0	2.0994162389688626	372093	10212.155898966985	-8.277489827566109	58.879512
25228.46310632918	300	4.0	1.7883654794893273	172312	5788.365479489327	-7.8399715618041075	26.146503
25233.041708204117	300	4.0	0.5786018749361028	167025	4578.601874936103	-2.187988062225242	26.908827
25237.52357476871	300	4.0	0.4818665645933297	160064	4481.86656459333	-1.7720262277513175	27.591437
25240.442032013456	300	5.081542755253835	0.0	137507	2918.457244746165	0.3	25.36694
25245.732508315188	750	4.0	0.2089335464766182	314107	5290.476301730453	-0.5984142498494582	75.210559

