14291.933504268136	750	4.0	2.731225734575557	450283	2731.225734575557	-10.994270658674894	64.858346
14292.896961162272	300	7.036543105862896	0.0	155580	963.4568941371031	-0.15000000000000002	18.412623
14295.104545417336	750	8.828958850798239	0.0	350812	2207.584255064658	0.3	60.430767
14300.176791017337	750	7.756713250798628	0.0	382355	5072.245599999611	0.75	55.551349
14305.5082727975	750	6.425231470633974	0.0	411561	5331.481780164654	0.75	51.003805
14307.076847771887	300	8.856656496247764	0.0	126289	1568.5749743862089	-0.15000000000000002	18.579568
14312.5731474506	750	7.360356817534255	0.0	352642	5496.299678713509	0.3	81.00828
14316.248355097476	750	7.685149170657101	0.0	437162	3675.2076468771547	0.75	69.475262
14318.925044885931	750	9.00845938220254	0.0	374758	2676.68978845456	0.75	70.789292
14322.786019614863	1200	9.147484653271883	0.0	560821	3860.974728930657	0.75	76.960357
14327.92583610755	1200	8.007668160583377	0.0	607410	5139.816492688507	1.2	82.096766
14330.833683518758	750	9.099820749375823	0.0	405134	2907.8474112075533	0.3	59.00323
14336.136217322797	1200	7.797286945336706	0.0	624282	5302.533804039117	0.75	73.534048
14340.544691174373	750	7.388813093760545	0.0	434409	4408.473851576162	0.3	56.692976
14342.833677656108	750	9.099826612024604	0.0	337059	2288.9864817359403	0.75	54.76216
14346.41740439286	1200	9.516099875274623	0.0	587876	3583.726736749981	0.75	72.569044
14350.35030925078	1200	9.58319501735434	0.0	617242	3932.904857920283	1.2	75.662786
14353.380276437156	1200	10.553227830978782	0.0	581493	3029.9671863755593	1.2	79.137254
14357.024329848206	1200	10.909174419929695	0.0	639204	3644.053411049086	1.2	72.000653
14360.484096775966	1200	11.449407492169424	0.0	586839	3459.7669277602704	1.2	79.134663
14366.174748097514	1850	9.75875617062292	0.0	891604	5690.651321546504	1.2000000000000002	81.773294
14369.711683070977	1200	10.221821197159231	0.0	616206	3536.9349734636894	0.5499999999999999	68.532883
14373.263842325312	1200	10.66966194282462	0.0	656471	3552.159254334612	1.2	63.455907
14376.117696493135	1200	11.815807775002272	0.0	536667	2853.854167822349	1.2	68.420849
14380.2081488196	1850	11.725355448536538	0.0	897976	4090.4523264657328	1.2000000000000002	86.994267
14384.302970436163	1850	11.630533831973025	0.0	905935	4094.8216165635126	1.85	89.133614
14388.706571472683	1850	11.226932795452223	0.0	1076599	4403.601036520803	1.85	90.791041
14391.764357418573	1850	12.169146849564108	0.0	758197	3057.785945888116	1.85	87.50057
14395.554415635146	1850	12.37908863299083	0.0	972798	3790.058216573277	1.85	88.832031
14399.729877662834	1850	12.203626605302782	0.0	975811	4175.462027688049	1.85	89.334885
14402.842499424754	1850	13.091004843383441	0.0	873429	3112.62176191934	1.85	87.120667
14408.264612936717	2850	11.668891331420081	0.0	1497683	5422.11351196336	1.85	92.910185
14412.67442932409	1850	11.259074944046622	0.0	885062	4409.816387373459	0.8500000000000001	87.533761
14418.283399823455	1850	9.650104444681162	0.0	1035329	5608.970499365462	1.85	71.430146
14422.148047948927	1200	9.785456319210011	0.0	690253	3864.6481254711503	0.5499999999999999	87.732581
14424.967229615644	1200	10.966274652493253	0.0	598727	2819.1816667167595	1.2	77.763467
14428.068158567561	1200	11.865345700575155	0.0	487812	3100.9289519180957	1.2	77.846693
14431.937932792422	1850	11.995571475714394	0.0	938587	3869.7742248607606	1.2000000000000002	86.593761
14436.2773610807	1850	11.65614318743456	0.0	908665	4339.428288279834	1.85	82.415248
14442.479814195012	1850	9.453690073121567	0.0	930577	6202.4531143129925	1.85	83.556577
14445.785248387403	1200	10.148255880730812	0.0	566904	3305.4341923907564	0.5499999999999999	86.974261
14448.77463755968	1200	11.158866708455257	0.0	641452	2989.389172275556	1.2	75.706383
14453.287484529075	1850	10.646019739060051	0.0	886255	4512.846969395204	1.2000000000000002	78.86339
14456.607015449987	1200	11.326488818149617	0.0	634861	3319.530920910434	0.5499999999999999	75.003938
14461.83847588567	1850	10.09502838246495	0.0	958994	5231.460435684667	1.2000000000000002	87.119023
14465.32370615353	1200	10.60979811460594	0.0	638661	3485.23026785901	0.5499999999999999	77.309224
14468.18870780789	1200	11.744796460243041	0.0	538612	2865.001654362901	1.2	74.51099
14471.530478062607	1850	12.403026205526832	0.0	846370	3341.7702547162085	1.2000000000000002	92.020773

