58055.89428922046	750	4.0	1.384287999087403	450283	1384.28799909	-5.202438396075833	64.858346
58060.885937531384	2850	4.0	0.9916483109204273	1431809	4991.64831092	-3.514087736957837	90.683379
58065.1889103647	2850	4.0	0.3029728333110279	1300868	4302.97283331	1.5472168167625802	90.483169
58070.0032149818	2850	4.0	0.8143046171054784	1520281	4814.30461711	-0.6515098535535571	89.788956
58074.59511693228	2850	4.0	0.5919019504754951	1472558	4591.90195048	0.30482161295537136	85.928154
58078.896081267114	2850	4.0	0.30096433482853624	1224260	4300.96433483	1.5558533602372944	94.229141
58084.71241904594	2850	4.0	1.8163377788308308	1388403	5816.33777883	-4.960252448972572	97.582873
58093.599812443885	2850	4.0	4.887393397940158	1638769	8887.39339794	-18.165791611142676	97.908255
58108.50472797093	2850	4.0	10.904915527049527	1348011	14904.915527	-44.04113676631296	96.808308
58123.3688188912	2850	4.0	10.864090920261603	1429765	14864.0909203	-43.86559095712489	94.962414
58133.85647947881	2850	4.0	6.4876605876144025	1354548	10487.6605876	-25.046940526741928	95.957675
58142.56614368871	2850	4.0	4.709664209897972	1519951	8709.6642099	-17.401556102561276	92.483401
58152.93049751751	2850	4.0	6.364353828802428	1422919	10364.3538288	-24.516721463850438	93.510922
58166.03246800924	2850	4.0	9.101970491726483	1578343	13101.9704917	-36.28847311442387	91.568178
58174.194521495774	2850	4.0	4.1620534865357435	1231445	8162.05348654	-15.046829992103698	88.830113
58182.20870948985	2850	4.0	4.0141879940789496	1471065	8014.18799408	-14.411008374539483	93.514387
58190.009337130396	2850	4.0	3.8006276405479364	1491626	7800.62764055	-13.492698854356126	94.650033
58198.60412771367	2850	4.0	4.594790583266897	1358801	8594.79058327	-16.907599508047653	92.142023
58207.40468333003	2850	4.0	4.800555616364176	1537156	8800.55561636	-17.792389150365953	89.30989
58217.3035528711	2850	4.0	5.898869541072971	1336050	9898.86954107	-22.51513902661377	93.680429
58224.30999640224	2850	4.0	3.0064435311379403	1415116	7006.44353114	-10.077707183893143	90.785318
58230.55771246622	2850	4.0	2.2477160639826033	1468126	6247.71606398	-6.815179075125194	89.398189
58236.63066445168	2850	4.0	2.072951985458443	1505760	6072.95198546	-6.0636935374713055	85.954529
58242.370099810054	2850	4.0	1.7394353583725342	1323990	5739.43535837	-4.629572041001897	89.320458
58250.01041456647	2850	4.0	3.6403147564128795	1383735	7640.31475641	-12.803353452575381	93.348429
58264.070068190675	2850	4.0	10.059653624195974	1480464	14059.6536242	-40.406510584042685	97.271626
58274.460240620334	2850	4.0	6.390172429665368	1547572	10390.1724297	-24.62774144756108	97.509012
58281.659239308654	2850	4.0	3.1989986883182238	1141971	7198.99868832	-10.905694359768361	93.311238
58296.08994687134	2850	4.0	10.43070756268384	1498470	14430.7075627	-42.00204251954051	96.041687
58307.811438990284	2850	4.0	7.721492118944105	1561263	11721.4921189	-30.352416111459647	96.863845
58327.535474213255	2850	4.0	15.724035222966766	1341201	19724.035223	-64.7633514587571	94.816085
58338.4722948349	2850	4.0	6.936820621647275	1497683	10936.8206216	-26.97832867308328	92.910185
58346.41649576704	2850	4.0	3.944200932127538	1358081	7944.20093213	-14.110064008148415	95.193139
58354.647265777334	2850	4.0	4.230770010300552	1587293	8230.7700103	-15.342311044292375	81.858634
58360.11542350829	2850	4.0	1.4681577309541927	1492672	5468.15773095	-3.4630782431030283	99.177905
58365.20591523201	2850	4.0	1.0904917237253886	1439896	5090.49172373	-1.8391144120191707	97.217465
58368.76178907408	2850	4.444126157930069	0.0	1139291	3555.87384207	2.85	93.825455
58373.60846684348	2850	4.0	0.40255161147094715	1499009	4846.6777694	1.1190280706749274	93.982147
58378.184005434654	2850	4.0	0.5755385911743006	1427478	4575.53859117	0.37518405795050747	90.92969
58384.2916513511	2850	4.0	2.1076459164496018	1402287	6107.64591645	-6.212877440733287	91.34334
58388.71681662893	2850	4.0	0.4251652778245079	1339500	4425.16527782	1.021789305354616	97.297482
58401.32220994413	2850	4.0	8.605393315206816	1527299	12605.3933152	-34.15319125538931	92.902955
58414.42222838027	2850	4.0	9.100018436133302	1343002	13100.0184361	-36.2800792753732	87.659279
58430.41130969586	2850	4.0	11.989081315601995	1587250	15989.0813156	-48.70304965708858	95.172719
58440.1791144785	2850	4.0	5.767804782637811	1464921	9767.80478264	-21.951560565342586	96.481395
58449.05639642887	2850	4.0	4.877281950366667	1483527	8877.28195037	-18.122312386576667	95.602302
58458.01142380018	2850	4.0	4.955027371306503	1231456	8955.02737131	-18.45661769661796	92.485503
58469.95961822362	2850	4.0	7.948194423445893	1364537	11948.1944234	-31.327236020817338	97.895096

