25381.158814914	750	4.0	2.943433872988283	450283	2943.4338729882834	-11.906765653849618	64.858346
25382.93974586567	750	6.219069048327484	0.0	398865	1780.930951672515	0.75	57.017244
25384.70928075762	750	8.449534156378364	0.0	350812	1769.534891949121	0.75	60.430767
25388.060733991017	1200	9.098080922984082	0.0	617681	3351.453233394282	0.75	69.474665
25391.444360267757	1200	9.714454646240306	0.0	652874	3383.6262767437765	1.2	64.23322
25393.9941987781	1200	11.164616135899486	0.0	520315	2549.8385103408186	1.2	75.14582
25396.67025396402	1200	12.488560949976513	0.0	561791	2676.0551859229745	1.2	89.177904
25401.08551610132	1850	12.07329881268073	0.0	1060487	4415.262137295785	1.2000000000000002	90.155937
25404.806228416775	1850	12.352586497225348	0.0	852833	3720.712315455381	1.85	90.218296
25408.850052412807	1850	12.308762501192438	0.0	913888	4043.8239960329083	1.85	86.733288
25413.052459448507	1850	12.106355465496014	0.0	939819	4202.407035696426	1.85	89.239922
25417.398320936354	1850	11.760493977644012	0.0	917428	4345.861487852002	1.85	82.202545
25423.03439315092	1850	10.12442176308055	0.0	946851	5636.072214563461	1.85	83.629776
25430.290613524547	1850	6.868201389454786	0.0	1036454	7256.220373625765	1.85	80.875505
25432.21536445507	1200	8.943450458927758	0.0	526950	1924.7509305270273	0.5499999999999999	67.735752
25434.801205138676	1200	10.357609775323528	0.0	587876	2585.840683604231	1.2	72.569044
25437.486925080193	1200	11.67188983380762	0.0	617242	2685.7199415159084	1.2	75.662786
25439.86009985324	1200	13.298715060759703	0.0	581493	2373.1747730479165	1.2	79.137254
25442.850313194995	1200	14.30850171900652	0.0	639204	2990.213341753185	1.2	72.000653
25445.35023034832	1200	15.808584565680897	0.0	586839	2499.9171533256213	1.2	79.134663
25449.202817237507	1850	15.955997676491982	0.0	891604	3852.5868891889145	1.2000000000000002	81.773294
25453.29235072603	1850	15.86646418796924	0.0	955231	4089.5334885227426	1.85	79.031768
25457.6343284784	1850	15.524486435597913	0.0	968026	4341.977752371327	1.85	73.123347
25461.734853084174	1850	15.423961829827416	0.0	874175	4100.524605770497	1.85	80.700778
25466.03347063837	1850	15.125344275632564	0.0	897976	4298.617554194851	1.85	86.994267
25470.624799642923	1850	14.534015271077653	0.0	905935	4591.32900455491	1.85	89.133614
25476.4040971837	1850	12.754717730304314	0.0	1076599	5779.29754077334	1.85	90.791041
25483.00628977171	1850	10.152525142292006	0.0	758197	6602.192588012307	1.85	87.50057
25489.174426608664	1850	7.984388305339551	0.0	972798	6168.136836952455	1.85	88.832031
25494.365552408806	1200	6.793262505193941	0.0	641447	5191.12580014561	0.5499999999999999	80.154442
25498.564575030163	750	6.594239883837978	0.0	358218	4199.022621355964	0.3	64.789531
25502.7677378447	750	6.391077069299222	0.0	400322	4203.162814538756	0.75	60.651768
25506.60432458671	750	6.554490327289964	0.0	369834	3836.586742009257	0.75	68.369339
25508.086740148316	300	9.072074765684851	0.0	163444	1482.415561605114	-0.15000000000000002	17.178658
25509.472239029426	300	11.686575884576142	0.0	179328	1385.4988811087087	0.3	28.893466
25510.72278279098	300	14.436032123020171	0.0	159914	1250.5437615559692	0.3	21.738399
25514.59387776342	750	14.56493715058569	0.0	321064	3871.094972434481	0.3	67.040505
25520.120394416943	750	13.038420497057269	0.0	361565	5526.5166535284225	0.75	66.788635
25527.768036109494	750	9.390778804507974	0.0	378327	7647.641692549294	0.75	62.32333
25530.761267612022	300	10.397547301980465	0.0	149991	2993.2315025275093	-0.15000000000000002	17.21265
25534.170551111758	300	10.988263802243214	0.0	147968	3409.2834997372493	0.3	5.263918
25537.17356649021	300	11.985248423789882	0.0	161857	3003.015378453333	0.3	26.901789
25539.262615362193	300	13.896199551805442	0.0	145210	2089.048871984441	0.3	23.926655
25542.35043516557	300	14.808379748428464	0.0	172312	3087.8198033769772	0.3	26.146503
25546.114905533548	300	15.04390938044844	0.0	167025	3764.470367980025	0.3	26.908827
25549.239393774977	300	15.91942113902093	0.0	160064	3124.488241427511	0.3	27.591437
25553.292722688206	750	15.866092225791125	0.0	331053	4053.328913229805	0.3	60.678126
25556.744079397296	1200	16.414735516702144	0.0	550906	3451.35670908898	0.75	86.366143

