6904.46148759	750	4.0	4.034106319630938	450283	4034.10631963	-16.596657174413032	64.858346
6913.89157164	2850	4.0	5.430084047784724	1431809	9430.08404778	-22.599361405474312	90.683379
6920.49608195	2850	4.0	2.604510310985198	1300868	6604.51031099	-8.349394337236351	90.483169
6928.89980706	2850	4.0	4.403725108041483	1520281	8403.72510804	-16.086017964578375	89.788956
6933.79614979	2850	4.0	0.8963427348721207	1472558	4896.34273487	-1.0042737599501188	85.928154
6938.70027983	2850	4.0	0.9041300356509673	1224260	4904.13003565	-1.037759153299159	94.229141
6944.13044979	2850	4.0	1.4301699605024552	1388403	5430.1699605	-3.299730830160557	97.582873
6953.81036129	2850	4.0	5.679911501586968	1638769	9679.91150159	-21.57361945682396	97.908255
6958.92373944	2850	4.0	1.1133781481094147	1348011	5113.37814811	-1.9375260368704832	96.808308
6965.69515348	2850	4.0	2.7714140446587727	1429765	6771.41404466	-9.067080392032723	94.962414
6971.6486458	2850	4.0	1.9534923116060328	1354548	5953.49231161	-5.550016939905941	95.957675
6977.78246316	2850	4.0	2.1338173690052216	1519951	6133.81736901	-6.325414686722453	92.483401
6982.21269361	2850	4.0	0.4302304467704971	1422919	4430.23044677	1.0000090788868627	93.510922
6986.09325559	2850	4.119438023570011	0.0	1578343	3880.56197643	2.85	91.568178
6990.14324387	2850	4.069449740173618	0.0	1231445	4049.9882834	2.85	88.830113
6994.48965515	2850	4.0	0.2769615418501153	1471065	4346.41128202	1.6590653700445044	93.514387
6998.21218152	2850	4.277473629495451	0.0	1491626	3722.5263705	2.85	94.650033
7001.18493812	2850	5.304717035308347	0.0	1358801	2972.75659419	2.85	92.142023
7004.08316962	2850	6.406485530048454	0.0	1537156	2898.23150526	2.85	89.30989
7006.91299019	2850	7.576664958989037	0.0	1336050	2829.82057106	2.85	93.680429
7010.29513216	2850	8.194522993303869	0.0	1415116	3382.14196569	2.85	90.785318
7016.59832345	2850	5.891331700024032	0.0	1468126	6303.19129328	2.85	89.398189
7022.34077495	2850	4.148880203037684	0.0	1505760	5742.45149699	2.85	85.954529
7026.86898298	2850	4.0	0.3793278263592683	1323990	4528.2080294	1.2188903466551464	89.320458
7029.66176563	2850	5.207217346685471	0.0	1383735	2792.78265331	2.85	93.348429
7033.34166061	2850	5.527322371413436	0.0	1480464	3679.89497527	2.85	97.271626
7036.91424057	2850	5.954742412406902	0.0	1547572	3572.57995901	2.85	97.509012
7039.81666816	2850	7.052314817316546	0.0	1141971	2902.42759509	2.85	93.311238
7043.8063871	2850	7.06259588059157	0.0	1498470	3989.71893672	2.85	96.041687
7048.56537128	2850	6.303611699540172	0.0	1561263	4758.98418105	2.85	96.863845
7054.11410163	2850	4.75488135195088	0.0	1341201	5548.73034759	2.85	94.816085
7060.0808441	2850	4.0	1.2118611253532081	1497683	5966.7424773	-2.3610028390187945	92.910185
7065.03852367	2850	4.0	0.9576795653267663	1358081	4957.67956533	-1.2680221309050954	95.193139
7070.61738545	2850	4.0	1.578861784113864	1587293	5578.86178411	-3.9391056716896142	81.858634
7078.22722303	2850	4.0	3.6098375790358412	1492672	7609.83757904	-12.672301589854117	99.177905
7087.47232743	2850	4.0	5.245104394805988	1439896	9245.10439481	-19.703948897665747	97.217465
7098.34731181	2850	4.0	6.874984384794304	1139291	10874.9843848	-26.712432854615507	93.825455
7111.69706678	2850	4.0	9.349754964491057	1499009	13349.7549645	-37.35394634731154	93.982147
7120.71568482	2850	4.0	5.01861804013079	1427478	9018.61804013	-18.730057572562394	90.92969
7128.65956974	2850	4.0	3.943884918601502	1402287	7943.8849186	-14.108705149986458	91.34334
7134.297439	2850	4.0	1.637869260605038	1339500	5637.86926061	-4.192837820601664	97.297482
7139.67379619	2850	4.0	1.3763571893363378	1527299	5376.35718934	-3.068335914146252	92.902955
7145.07207832	2850	4.0	1.398282130529179	1343002	5398.28213053	-3.1626131612754693	87.659279
7152.06117436	2850	4.0	2.9890960428117634	1587250	6989.09604281	-10.003112984090583	95.172719
7160.16892803	2850	4.0	4.1077536730137165	1464921	8107.75367301	-14.81334079395898	96.481395
7165.59539893	2850	4.0	1.4264708995538613	1483527	5426.47089955	-3.2838248680816036	95.602302
7172.56829575	2850	4.0	2.972896814312612	1231456	6972.89681431	-9.933456301544231	92.485503
7177.91317263	2850	4.0	1.344876879588419	1364537	5344.87687959	-2.9329705822302015	97.895096

