13573.818546851711	750	4.0	1.6132241480558394	450283	1613.2241480558394	-6.186863836640109	64.858346
13576.313448930141	1200	5.50509792157064	0.0	611087	2494.90207842936	0.75	69.839987
13578.873172482685	1200	6.945374369027047	0.0	571051	2559.723552543593	1.2	73.587374
13581.603122717037	1200	8.215424134673114	0.0	617681	2729.950234353933	1.2	69.474665
13585.724621708197	1850	8.093925143513003	0.0	996749	4121.4989911601115	1.2000000000000002	75.455188
13588.162542280657	1850	9.65600457105325	0.0	801058	2437.920572459752	1.85	86.249306
13590.905697760538	1850	10.912849091173172	0.0	905515	2743.1554798800794	1.85	94.086702
13594.737340737558	1850	11.08120611415225	0.0	1060487	3831.6429770209215	1.85	90.155937
13598.722219881187	1850	11.096326970524215	0.0	852833	3984.8791436280353	1.85	90.218296
13603.008752392496	1850	10.809794459215142	0.0	913888	4286.532511309073	1.85	86.733288
13610.070530632413	1850	7.748016219299001	0.0	939819	7061.778239916141	1.85	89.239922
13614.473075791193	1200	7.345471060518009	0.0	594078	4402.545158780992	0.5499999999999999	70.906301
13617.870049383298	750	7.9484974684139615	0.0	386351	3396.9735921040474	0.3	59.358241
13621.946967345215	750	7.871579506495256	0.0	434409	4076.9179619187053	0.75	56.692976
13625.080199683403	750	8.738347168306387	0.0	337059	3133.2323381888687	0.75	54.76216
13627.986651978503	750	9.831894873208462	0.0	366214	2906.452295097925	0.75	58.858709
13629.83006803651	750	11.988478815200212	0.0	360831	1843.4160580082523	0.75	60.531124
13632.143446480884	750	13.67510037082566	0.0	372963	2313.378444374549	0.75	69.564049
13634.367796633569	750	15.450750218141325	0.0	405596	2224.3501526843356	0.75	60.564875
13637.11923344433	1200	16.699313407382302	0.0	586839	2751.436810759023	0.75	79.134663
13640.093123121671	1200	17.72542373003973	0.0	601738	2973.8896773425745	1.2	74.235946
13649.539003352009	1200	12.279543499702418	0.0	616206	9445.88023033731	1.2	68.532883
13653.131847607814	750	12.686699243896783	0.0	401853	3592.8442558056354	0.3	47.960406
13655.387466049895	750	14.431080801815618	0.0	343800	2255.618442081164	0.75	55.451197
13657.988984743428	750	15.82956210828357	0.0	359903	2601.5186935320494	0.75	66.786337
13660.820736446994	750	16.99781040471574	0.0	379700	2831.7517035678306	0.75	66.676537
13663.02657271365	750	18.79197413806105	0.0	425781	2205.8362666546914	0.75	65.665965
13664.136788013537	750	21.68175883817594	0.0	277716	1110.2152998851107	0.75	68.231907
13665.44344218097	750	24.37510467074315	0.0	400396	1306.6541674327934	0.75	69.601487
13668.798541171596	1850	25.02000568011689	0.0	975811	3355.098990626262	0.75	89.334885
13671.857369186286	1850	25.96117766542635	0.0	873429	3058.828014690536	1.85	87.120667
13674.591396115502	1850	27.2271507362105	0.0	954453	2734.026929215853	1.85	83.67714
13677.835222816137	2850	27.98332403557684	0.0	1358081	3243.826700633662	1.85	95.193139
13682.82037938139	2850	26.99816747032291	0.0	1587293	4985.156565253929	2.85	81.858634
13688.533254087608	2850	25.28529276410401	0.0	1492672	5712.8747062188995	2.85	99.177905
13698.407682840336	2850	19.410864011376013	0.0	1439896	9874.428752727998	2.85	97.217465
13704.993342510286	2850	16.825204341425298	0.0	1139291	6585.659669950712	2.85	93.825455
13709.363217168571	1850	16.455329683140626	0.0	938587	4369.874658284672	0.8500000000000001	86.593761
13712.329815879748	1200	17.488730971965378	0.0	605884	2966.598711175245	0.5499999999999999	74.001829
13714.363938451497	1200	19.454608400216	0.0	587506	2034.122571749379	1.2	72.886388
13717.085392392075	1200	20.733154459637948	0.0	566904	2721.453940578053	1.2	86.974261
13721.464170695588	1850	20.35437615612372	0.0	1025005	4378.778303514228	1.2000000000000002	85.276808
13725.06684865344	1850	20.751698198271836	0.0	886255	3602.677957851884	1.85	78.86339
13729.057656275736	1850	20.760890575974656	0.0	973972	3990.8076222971804	1.85	84.84845
13734.519166826452	2850	19.299380025258593	0.0	1464921	5461.510550716063	1.85	96.481395
13739.79614246419	2850	18.022404387520258	0.0	1483527	5276.975637738335	2.85	95.602302
13745.868550237405	4300	15.949996614306878	0.0	1961140	6072.40777321338	2.8499999999999996	99.97428
13752.120553326436	4300	13.697993525273926	0.0	2155012	6252.003089032953	4.3	99.974274

