69866.94444250355	750	4.0	10.535228578788095	450283	10535.2285788	-44.551482888788804	64.858346
69885.42176905321	2850	4.0	14.477326549665442	1431809	18477.3265497	-61.5025041635614	90.683379
69912.45618511741	2850	4.0	23.034416064201867	1300868	27034.4160642	-96.19798907606803	90.483169
69934.53143664375	2850	4.0	18.075251526337873	1520281	22075.2515263	-74.87358156325286	89.788956
69957.83091829675	2850	4.0	19.299481653011437	1472558	23299.481653	-80.13777110794918	85.928154
69978.98077523406	2850	4.0	17.149856937301188	1224260	21149.8569373	-70.89438483039511	94.229141
70012.39731724178	2850	4.0	29.41654200771822	1388403	33416.5420077	-123.64113063318835	97.582873
70041.06505071477	2850	4.0	24.667733472994765	1638769	28667.733473	-103.22125393387749	97.908255
70060.35492090895	2850	4.0	15.289870194201885	1348011	19289.8701942	-62.896441835068096	96.808308
70072.16502859692	2850	4.0	7.810107687960801	1429765	11810.107688	-30.733463058231443	94.962414
70083.14978549414	2850	4.0	6.984756897205785	1354548	10984.7568972	-27.184454657984872	95.957675
70104.97217769243	2850	4.0	17.822392198299482	1519951	21822.3921983	-73.78628645268778	92.483401
70119.83305531219	2850	4.0	10.860877619759963	1422919	14860.8776198	-43.85177376496784	93.510922
70135.73830763131	2850	4.0	11.905252319131915	1578343	15905.2523191	-48.34258497226723	91.568178
70147.37038273553	2850	4.0	7.632075104227411	1231445	11632.0751042	-29.967922948177865	88.830113
70172.8935716037	2850	4.0	21.523188868168468	1471065	25523.1888682	-89.69971213312441	93.514387
70192.15743422309	2850	4.0	15.263862619378543	1491626	19263.8626194	-62.78460926332773	94.650033
70220.12885467116	2850	4.0	23.971420448083048	1358801	27971.4204481	-100.22710792675711	92.142023
70242.31032865329	2850	4.0	18.18147398212082	1537156	22181.4739821	-75.33033812311953	89.30989
70263.89423577698	2850	4.0	17.583907123696743	1336050	21583.9071237	-72.760800631896	93.680429
70289.1179040615	2850	4.0	21.223668284501848	1415116	25223.6682845	-88.41177362335794	90.785318
70322.57589857157	2850	4.0	29.45799451006273	1468126	33457.9945101	-123.81937639326974	89.398189
70348.38183637601	2850	4.0	21.805937804448153	1505760	25805.9378044	-90.91553255912706	85.954529
70367.52640039982	2850	4.0	15.14456402380838	1323990	19144.5640238	-62.27162530237603	89.320458
70378.87391700955	2850	4.0	7.34751660973029	1383735	11347.5166097	-28.744321421840244	93.348429
70391.13782090823	2850	4.0	8.26390389869028	1480464	12263.9038987	-32.684786764368205	97.271626
70413.18946553417	2850	4.0	18.051644625944856	1547572	22051.6446259	-74.77207189156289	97.509012
70425.40453897433	2850	4.0	8.21507344015238	1141971	12215.0734402	-32.474815792655235	93.311238
70440.31219998776	2850	4.0	10.907661013440496	1498470	14907.6610134	-44.05294235779413	96.041687
70455.30890164562	2850	4.0	10.996701657843671	1561263	14996.7016578	-44.435817128727784	96.863845
70479.6101006175	2850	4.0	20.301198971880815	1341201	24301.1989719	-84.44515557908751	94.816085
70498.96082034345	2850	4.0	15.350719725953216	1497683	19350.719726	-63.158094821598816	92.910185
70526.9299836545	2850	4.0	23.96916331104682	1358081	27969.163311	-100.21740223750133	95.193139
70549.79582842725	2850	4.0	18.8658447727381	1587293	22865.8447727	-78.27313252277384	81.858634
70572.67677368062	2850	4.0	18.88094525339445	1492672	22880.9452534	-78.33806458959614	99.177905
70601.08286763837	2850	4.0	24.406093957733102	1439896	28406.0939577	-102.09620401825234	97.217465
70627.56655067427	2850	4.0	22.48368303589903	1139291	26483.6830359	-93.82983705436584	93.825455
70654.1776749224	2850	4.0	22.61112424812582	1499009	26611.1242481	-94.37783426694102	93.982147
70674.23127614564	2850	4.0	16.053601223247764	1427478	20053.6012232	-66.1804852599654	90.92969
70685.7180730686	2850	4.0	7.486796922951224	1402287	11486.796923	-29.343226768690258	91.34334
70696.58455734569	2850	4.0	6.866484277103398	1339500	10866.4842771	-26.675882391544608	97.297482
70718.49493081546	2850	4.0	17.91037346977504	1527299	21910.3734698	-74.16460592003267	92.902955
70732.62641765091	2850	4.0	10.131486835455778	1343002	14131.4868355	-40.715393392459845	87.659279
70748.55495430173	2850	4.0	11.928536650827127	1587250	15928.5366508	-48.442707598556645	95.172719
70762.4545418811	2850	4.0	9.899587579371705	1464921	13899.5875794	-39.718226591298325	96.481395
70788.10539938245	2850	4.0	21.650857501343072	1483527	25650.8575013	-90.24868725577521	95.602302
70804.65594253279	2850	4.0	12.550543150354198	1231456	16550.5431504	-51.117335546523044	92.485503
70832.69329979042	2850	4.0	24.037357257636287	1364537	28037.3572576	-100.51063620783604	97.895096

