5789.020861189636	750	4.0	2.7857807865153212	450283	2785.7807865153213	-11.228857382015882	64.858346
5791.421083300877	750	5.599777888758914	0.0	398865	2400.222111241086	0.75	57.017244
5792.831245728318	750	8.189615461318068	0.0	350812	1410.162427440845	0.75	60.430767
5796.078586068155	1200	8.942275121481144	0.0	617681	3247.3403398369255	0.75	69.474665
5799.063442614024	1200	9.95741857561159	0.0	652874	2984.8565458695534	1.2	64.23322
5801.277860433904	1200	11.743000755732643	0.0	520315	2214.417819878946	1.2	75.14582
5803.8629382653335	1200	13.157922924302657	0.0	561791	2585.0778314299855	1.2	89.177904
5808.759240955353	1850	12.26162023428397	0.0	1060487	4896.302690018686	1.2000000000000002	90.155937
5813.426522215339	1850	11.59433897429755	0.0	852833	4667.281259986421	1.85	90.218296
5818.179498514624	1850	10.841362675012196	0.0	913888	4752.976299285355	1.85	86.733288
5823.60310656402	1850	9.41775462561628	0.0	939819	5423.608049395916	1.85	89.239922
5827.806217843009	1850	9.214643346626719	0.0	917428	4203.111278989561	1.85	82.202545
5830.997911525866	1200	10.022949663770154	0.0	624282	3191.693682856565	0.5499999999999999	73.534048
5834.309288309101	1200	10.71157288053475	0.0	687371	3311.376783235404	1.2	70.998108
5837.028638562371	1200	11.992222627264987	0.0	526950	2719.3502532697635	1.2	67.735752
5840.056171823411	1200	12.964689366224874	0.0	587876	3027.533261040111	1.2	72.569044
5844.231906964273	1850	12.78895422536372	0.0	966699	4175.735140861156	1.2000000000000002	86.226021
5848.474567289109	1850	12.546293900527141	0.0	885714	4242.660324836577	1.85	85.258591
5853.275509759457	1850	11.745351430178815	0.0	987708	4800.942470348327	1.85	79.995224
5858.566631929326	1850	10.45422926030953	0.0	923755	5291.122169869284	1.85	86.363677
5863.266193850501	1850	9.754667339134746	0.0	891604	4699.5619211747835	1.85	81.773294
5868.532905425352	1850	8.487955764283637	0.0	955231	5266.71157485111	1.85	79.031768
5876.164586752075	1850	4.8562744375605424	0.0	968026	7631.681326723095	1.85	73.123347
5880.4239104927665	1200	4.596950696869084	0.0	536667	4259.323740691459	0.5499999999999999	68.420849
5882.944968765008	750	6.075892424628801	0.0	359903	2521.058272240283	0.3	66.786337
5885.517479575295	750	7.503381614340861	0.0	379700	2572.5108102879394	0.75	66.676537
5887.585262535	750	9.435598654635696	0.0	425781	2067.7829597051646	0.75	65.665965
5888.987652482693	750	12.033208706942379	0.0	277716	1402.3899476933186	0.75	68.231907
5891.624813149074	1200	13.396048040560977	0.0	622896	2637.1606663814005	0.75	80.053124
5894.770195796765	1200	14.250665392870298	0.0	641447	3145.3826476906793	1.2	80.154442
5897.282199664313	1200	15.738661525321723	0.0	570392	2512.0038675485753	1.2	78.009495
5901.91498279772	1850	15.105878391915455	0.0	954453	4632.783133406267	1.2000000000000002	83.67714
5905.897471230463	1850	15.123389959172314	0.0	885062	3982.4884327431414	1.85	87.533761
5910.633068561136	1850	14.387792628499732	0.0	1035329	4735.597330672583	1.85	71.430146
5917.346398856846	1850	11.674462332789485	0.0	1026056	6713.330295710247	1.85	97.037422
5924.010083025077	1850	9.01077816455832	0.0	943942	6663.684168231163	1.85	90.168439
5929.046730752454	1850	7.974130437180997	0.0	728962	5036.6477273773235	1.85	86.066994
5933.609068880146	1200	7.411792309488692	0.0	575591	4562.338127692305	0.5499999999999999	77.292461
5940.94653339763	1200	4.074327792004216	0.0	605884	7337.464517484475	1.2	74.001829
5942.886159013971	300	6.134702175662861	0.0	149991	1939.6256163413557	-0.6000000000000001	17.21265
5944.218271942331	300	8.80258924730356	0.0	147968	1332.1129283592998	0.3	5.263918
5945.409445138429	300	11.611416051204808	0.0	161857	1191.1731960987531	0.3	26.901789
5947.0041501762125	300	14.01671101342171	0.0	145210	1594.7050377830956	0.3	23.926655
5948.776759608908	300	16.244101580726223	0.0	172312	1772.6094326954862	0.3	26.146503
5953.213873732914	750	15.806987456719273	0.0	398987	4437.114124006952	0.3	63.729239
5959.880663365078	1200	13.140197824555095	0.0	638661	6666.789632164178	0.75	77.309224
5964.407371715174	1200	12.613489474459652	0.0	538612	4526.708350095443	1.2	74.51099
5967.929067436802	1200	13.091793752831654	0.0	550906	3521.6957216279975	1.2	86.366143

