12843.936480741764	750	4.0	3.5013497766476167	450283	3501.3497766476166	-14.305804039584752	64.858346
12844.904739032065	300	7.031741709697546	0.0	155580	968.258290302454	-0.15000000000000002	18.412623
12845.591480324156	300	10.345000417606482	0.0	139857	686.7412920910647	0.3	17.596212
12846.314770791289	300	13.621709950475047	0.0	155432	723.2904671314337	0.3	19.997309
12848.134206010081	750	15.802274731681717	0.0	411561	1819.4352187933314	0.3	51.003805
12849.616750433106	750	18.319730308656386	0.0	318564	1482.544423025333	0.75	62.986308
12850.997439090817	750	20.93904165094457	0.0	352642	1380.6886577118112	0.75	81.00828
12855.266005710078	1850	20.670475031683424	0.0	1060487	4268.566619261148	0.75	90.155937
12859.55750856808	1850	20.378972173681884	0.0	852833	4291.502858001541	1.85	90.218296
12866.070428215611	1850	17.86605252614976	0.0	913888	6512.919647532126	1.85	86.733288
12872.399835278937	1850	15.536645462824506	0.0	939819	6329.40706332525	1.85	89.239922
12877.913299166816	1850	14.023181574947332	0.0	917428	5513.463887877176	1.85	82.202545
12881.362657741249	1200	14.573823000513421	0.0	624282	3449.358574433911	0.5499999999999999	73.534048
12887.304453591529	1200	12.632027150232805	0.0	687371	5941.795850280616	1.2	70.998108
12893.22990274295	1200	10.706577998811186	0.0	526950	5925.44915142162	1.2	67.735752
12899.750475585699	1200	8.186005156061764	0.0	587876	6520.572842749421	1.2	72.569044
12904.43539828573	750	7.501082456031961	0.0	360831	4684.922700029804	0.3	60.531124
12908.321213458872	750	7.615267282890015	0.0	372963	3885.8151731419457	0.75	69.564049
12910.910760999623	750	9.02571974214026	0.0	405596	2589.5475407497534	0.75	60.564875
12912.81912884056	750	11.117351901202895	0.0	350713	1908.3678409373656	0.75	67.172129
12914.648455285076	750	13.288025456686192	0.0	386472	1829.3264445167033	0.75	62.777649
12917.187385843747	750	14.749094898016574	0.0	399894	2538.9305586696164	0.75	55.443233
12919.957163218116	1200	15.979317523646177	0.0	656471	2769.777374370396	0.75	63.455907
12922.619935823714	1200	17.316544918048233	0.0	536667	2662.772605597948	1.2	68.420849
12927.597923814776	1200	16.338556926987575	0.0	587236	4977.987991060659	1.2	78.698824
12934.115537885393	1200	13.820942856371273	0.0	590335	6517.6140706163005	1.2	79.644231
12938.137732239113	1200	13.798748502650893	0.0	696376	4022.1943537203806	1.2	80.745588
12940.80537834516	1200	15.131102396603266	0.0	487160	2667.6461060476263	1.2	80.893459
12944.332459644425	1200	15.604021097337307	0.0	622896	3527.0812992659585	1.2	80.053124
12948.003836766433	1200	15.93264397533007	0.0	641447	3671.3771220072385	1.2	80.154442
12950.289517199943	1200	17.64696354182101	0.0	570392	2285.6804335090587	1.2	78.009495
12952.454103709038	1200	19.482377032725065	0.0	620283	2164.5865090959446	1.2	72.909556
12955.65108963404	1850	20.28539110772394	0.0	885062	3196.985925001123	1.2000000000000002	87.533761
12960.35588857533	1850	19.58059216643456	0.0	1035329	4704.798941289382	1.85	71.430146
12964.648746322791	1850	19.287734418972523	0.0	1026056	4292.857747462037	1.85	97.037422
12968.444087784701	1850	19.492392957064695	0.0	943942	3795.341461907827	1.85	90.168439
12971.287451414728	1850	20.6490293270371	0.0	728962	2843.3636300275984	1.85	86.066994
12974.615353073319	1850	21.321127668445534	0.0	938587	3327.9016585915647	1.85	86.593761
12977.862563990537	1850	22.073916751227095	0.0	908665	3247.21091721844	1.85	82.415248
12983.069547594692	2850	20.86693314707195	0.0	1402287	5206.983604155142	1.85	91.34334
12987.163206896934	2850	20.77327384483032	0.0	1339500	4093.6593022416323	2.85	97.297482
12992.529704637878	2850	19.406776103887807	0.0	1527299	5366.49774094251	2.85	92.902955
12997.637028275098	2850	18.29945246666919	0.0	1343002	5107.323637218619	2.85	87.659279
13002.929975952857	2850	17.006504788910227	0.0	1587250	5292.947677758963	2.85	95.172719
13007.683124213174	2850	16.25335652859204	0.0	1464921	4753.148260318188	2.85	96.481395
13012.215067598245	2850	15.721413143522142	0.0	1483527	4531.943385069898	2.85	95.602302
13018.72262262008	4300	13.213858121687506	0.0	1961140	6507.555021834635	2.8499999999999996	99.97428
13027.624980541268	4300	8.311500200498687	0.0	2155012	8902.35792118882	4.3	99.974274

