5986.26765008	750	4.0	6.308048004947866	450283	6308.04800495	-26.374606421275825	64.858346
6005.69465041	2850	4.0	15.42700032347184	1431809	19427.0003235	-65.5861013909289	90.683379
6025.08037716	2850	4.0	15.38572675091149	1300868	19385.7267509	-63.3086250289194	90.483169
6037.58846698	2850	4.0	8.508089824587037	1520281	12508.0898246	-33.73478624572426	89.788956
6050.13601224	2850	4.0	8.54754525629609	1472558	12547.5452563	-33.904444602073184	85.928154
6059.0557165	2850	4.0	4.919704258681437	1224260	8919.70425868	-18.304728312330177	94.229141
6070.65873899	2850	4.0	7.603022497670845	1388403	11603.0224977	-29.842996739984635	97.582873
6084.07630021	2850	4.0	9.417561220251056	1638769	13417.5612203	-37.645513247079535	97.908255
6093.19998916	2850	4.0	5.123688950265007	1348011	9123.68895027	-19.181862486139526	96.808308
6104.26029429	2850	4.0	7.060305126610865	1429765	11060.3051266	-27.509312044426718	94.962414
6116.24740789	2850	4.0	7.987113602244632	1354548	11987.1136022	-31.494588489651917	95.957675
6136.69113723	2850	4.0	16.443729333253778	1519951	20443.7293333	-67.85803613299124	92.483401
6155.1437047	2850	4.0	14.452567475586916	1422919	18452.5674756	-59.29604014502373	93.510922
6166.04733239	2850	4.0	6.903627692376607	1578343	10903.6276924	-26.835599077219406	91.568178
6174.57264155	2850	4.0	4.525309157600605	1231445	8525.3091576	-16.608829377682596	88.830113
6184.49677105	2850	4.0	5.924129499479024	1471065	9924.12949948	-22.6237568477598	93.514387
6198.84277761	2850	4.0	10.346006559761229	1491626	14346.0065598	-41.63782820697328	94.650033
6212.65859184	2850	4.0	9.815814230288277	1358801	13815.8142303	-39.35800119023959	92.142023
6223.46446094	2850	4.0	6.805869094668111	1537156	10805.8690947	-26.415237107072876	89.30989
6231.19978545	2850	4.0	3.7353245094731866	1336050	7735.32450947	-13.211895390734702	93.680429
6238.11404855	2850	4.0	2.914263102767196	1415116	6914.26310277	-9.681331341898943	90.785318
6245.36098521	2850	4.0	3.246936658764496	1468126	7246.93665876	-11.111827632687334	89.398189
6253.98463893	2850	4.0	4.62365372315483	1505760	8623.65372315	-17.031711009565768	85.954529
6261.07347149	2850	4.0	3.0888325632159486	1323990	7088.83256322	-10.43198002182858	89.320458
6268.21672267	2850	4.0	3.1432511712545885	1383735	7143.25117125	-10.66598003639473	93.348429
6274.73783084	2850	4.0	2.5211081734673897	1480464	6521.10817347	-7.990765145909776	97.271626
6282.35855261	2850	4.0	3.62072177301262	1547572	7620.72177301	-12.719103623954267	97.509012
6289.13728665	2850	4.0	2.778734040490599	1141971	6778.73404049	-9.098556374109576	93.311238
6306.64256834	2850	4.0	13.505281689570914	1498470	17505.2816896	-55.22271126515493	96.041687
6330.02010154	2850	4.0	19.377533199684905	1561263	23377.5331997	-80.47339275864509	96.863845
6345.68916671	2850	4.0	11.669065166875267	1341201	15669.0651669	-47.326980217563644	94.816085
6357.93304129	2850	4.0	8.243874581202997	1497683	12243.8745812	-32.59866069917288	92.910185
6368.13824291	2850	4.0	6.205201622661889	1358081	10205.2016227	-23.83236697744612	95.193139
6380.14740716	2850	4.0	8.009164249756832	1587293	12009.1642498	-31.589406273954374	81.858634
6393.09492833	2850	4.0	8.94752116851857	1492672	12947.5211685	-35.62434102462985	99.177905
6403.88656398	2850	4.0	6.7916356477612805	1439896	10791.6356478	-26.354033285373504	97.217465
6412.03369561	2850	4.0	4.147131629245386	1139291	8147.13162925	-14.982666005755162	93.825455
6424.04917518	2850	4.0	8.015479572331516	1499009	12015.4795723	-31.61656216102552	93.982147
6436.9994372	2850	4.0	8.950262023362525	1427478	12950.2620234	-35.63612670045885	90.92969
6458.84570524	2850	4.0	17.846268035602453	1402287	21846.2680356	-73.88895255309055	91.34334
6473.16479065	2850	4.0	10.319085406245831	1339500	14319.0854062	-41.52206724685707	97.297482
6483.62291469	2850	4.0	6.458124040952422	1527299	10458.124041	-24.91993337609541	92.902955
6493.00158425	2850	4.0	5.3786695682320245	1343002	9378.66956823	-20.278279143397704	87.659279
6506.06673081	2850	4.0	9.065146559805244	1587250	13065.1465598	-36.130130207162544	95.172719
6518.32688498	2850	4.0	8.260154169402723	1464921	12260.1541694	-32.66866292843171	96.481395
6533.63868214	2850	4.0	11.31179715737733	1483527	15311.7971574	-45.79072777672251	95.602302
6540.69729747	2850	4.0	3.0586153316134306	1231456	7058.61533161	-10.302045925937751	92.485503
6548.82305607	2850	4.0	4.12575859288115	1364537	8125.75859288	-14.890761949388944	97.895096

