2597.9704608609522	750	4.0	2.7931852023610926	450283	2793.1852023610927	-11.260696370152697	64.858346
2599.4623068589844	750	6.508154001967959	0.0	398865	1491.84599803204	0.75	57.017244
2600.7191002475106	750	9.2513606134416	0.0	350812	1256.793388526359	0.75	60.430767
2601.8932470748755	750	12.077213786076983	0.0	382355	1174.146827364618	0.75	55.551349
2604.4570980447966	1200	13.513362816156045	0.0	652874	2563.8509699209394	0.75	64.23322
2607.929509066189	1850	14.040951794763236	0.0	801058	3472.4110213928084	1.2000000000000002	86.249306
2611.8436101364755	1850	14.126850724476894	0.0	905515	3914.101070286342	1.85	94.086702
2617.197794073267	1850	12.772666787685386	0.0	1060487	5354.183936791508	1.85	90.155937
2627.1272479284125	1850	6.84321293253964	0.0	852833	9929.453855145746	1.85	90.218296
2632.8570748917173	750	5.113385969234892	0.0	362795	5729.826963304748	-0.3500000000000001	64.786022
2634.659613598449	300	7.310847262503028	0.0	141840	1802.5387067318643	-0.15000000000000002	2.177717
2635.84904554767	300	10.121415313282627	0.0	156148	1189.4319492204015	0.3	19.431299
2637.1160731308164	300	12.854387730135935	0.0	160746	1267.0275831466918	0.3	21.445722
2638.372783615331	300	15.597677245620801	0.0	179801	1256.7104845151332	0.3	23.726678
2639.403431407917	300	18.567029453034536	0.0	140051	1030.6477925862657	0.3	21.119447
2641.3545868395363	750	20.61587402141573	0.0	366214	1951.1554316188056	0.3	58.858709
2643.077425904306	750	22.893034956645828	0.0	360831	1722.839064769902	0.75	60.531124
2647.4561567182955	1200	22.514304142656602	0.0	581493	4378.7308139892275	0.75	79.137254
2650.481223969376	1200	23.489236891576123	0.0	639204	3025.0672510804798	1.2	72.000653
2653.9746584827303	1850	23.995802378221992	0.0	923755	3493.434513354129	1.2000000000000002	86.363677
2657.68042223608	1850	24.290038624872167	0.0	891604	3705.763753349827	1.85	81.773294
2660.4276163470377	1850	25.542844513914844	0.0	955231	2747.194110957322	1.85	79.031768
2663.433898888924	1850	26.536561972028622	0.0	968026	3006.28254188622	1.85	73.123347
2667.834690676321	2850	26.13577018463189	0.0	1323990	4400.79178739673	1.85	89.320458
2672.334042537029	2850	25.63641832392381	0.0	1383735	4499.351860708085	2.85	93.348429
2678.6730046584776	2850	23.29745620247524	0.0	1480464	6338.962121448569	2.85	97.271626
2685.876718573978	2850	20.093742286974354	0.0	1547572	7203.713915500884	2.85	97.509012
2690.1797663989664	2850	19.790694461986416	0.0	1141971	4303.047824987939	2.85	93.311238
2696.288895001991	2850	17.681565858961417	0.0	1498470	6109.1286030249985	2.85	96.041687
2702.377232551849	2850	15.593228309103546	0.0	1561263	6088.337549857873	2.85	96.863845
2708.0771891108534	2850	13.893271750099455	0.0	1341201	5699.956559004092	2.85	94.816085
2711.707257654791	1850	14.263203206161627	0.0	954453	3630.0685439378285	0.8500000000000001	83.67714
2716.9251322300083	2850	13.045328630944436	0.0	1358081	5217.874575217191	1.85	95.193139
2725.307476846993	2850	8.662984013960171	0.0	1587293	8382.344616984265	2.85	81.858634
2728.594219547034	1850	9.37624131391936	0.0	1026056	3286.7427000408106	0.8500000000000001	97.037422
2731.659679186113	1850	10.31078167484018	0.0	943942	3065.459639079179	1.85	90.168439
2734.196828223278	1850	11.773632637675645	0.0	728962	2537.149037164536	1.85	86.066994
2737.2492475592185	1850	12.721213301734714	0.0	938587	3052.419335940929	1.85	86.593761
2739.7711151711815	1850	14.199345689771981	0.0	908665	2521.8676119627344	1.85	82.415248
2744.6959110889306	2850	13.274549772022882	0.0	1402287	4924.7959177491	1.85	91.34334
2752.4274722760047	2850	9.542988584948649	0.0	1339500	7731.561187074233	2.85	97.297482
2758.9970238791384	1850	6.973436981814823	0.0	1025005	6569.551603133827	0.8500000000000001	85.276808
2762.5464569067813	1850	7.42400395417212	0.0	886255	3549.4330276427027	1.85	78.86339
2764.3374839133858	1200	9.632976947567519	0.0	634861	1791.0270066046016	0.5499999999999999	75.003938
2766.131496620886	1200	11.838964240067387	0.0	630203	1794.0127075001305	1.2	77.745919
2768.0491206179486	1200	13.921340243005154	0.0	638661	1917.6239970622335	1.2	77.309224
2772.5172027818585	2850	13.453258079095038	0.0	1231456	4468.082163910116	1.2000000000000002	92.485503
2789.3931706425246	4300	4.0	3.4227097815712075	2155012	16875.967860666246	-11.867652060756193	99.974274

