4573.4427240316945	750	4.0	1.6438931885945212	450283	1643.8931885945212	-6.31874071095644	64.858346
4575.153648766898	750	6.289075264795886	0.0	398865	1710.924735204114	0.75	57.017244
4576.920496425213	750	8.52222760648134	0.0	350812	1766.847658314546	0.75	60.430767
4578.581117534876	750	10.86160649681881	0.0	382355	1660.6211096625318	0.75	55.551349
4580.54848137602	750	12.894242655674041	0.0	411561	1967.3638411447678	0.75	51.003805
4582.466406054298	750	14.976317977395729	0.0	318564	1917.9246782783125	0.75	62.986308
4584.831495148567	750	16.611228883127016	0.0	352642	2365.089094268714	0.75	81.00828
4586.974927783893	750	18.467796247801893	0.0	437162	2143.4326353251236	0.75	69.475262
4588.4410526779775	750	21.001671353716688	0.0	374758	1466.1248940852065	0.75	70.789292
4592.496366192294	1850	20.946357839400534	0.0	913888	4055.3135143161517	0.75	86.733288
4596.103501986235	1850	21.339222045460794	0.0	939819	3607.1357939397435	1.85	89.239922
4600.038276875765	1850	21.404447155930058	0.0	917428	3934.7748895307323	1.85	82.202545
4605.164023626258	1850	20.27870040543635	0.0	946851	5125.746750493708	1.85	83.629776
4611.907523711635	1850	17.535200320059687	0.0	1036454	6743.500085376663	1.85	80.875505
4617.399656193194	1850	16.043067838500477	0.0	821631	5492.1324815592125	1.85	78.494849
4623.289064255695	1850	14.153659775999673	0.0	923170	5889.408062500802	1.85	83.7301
4631.582920835878	1850	9.859803195817221	0.0	966699	8293.856580182452	1.85	86.226021
4635.331844297048	750	10.110879734647352	0.0	372963	3748.92346116987	-0.3500000000000001	69.564049
4638.913312280119	750	10.529411751576674	0.0	405596	3581.467983070678	0.75	60.564875
4640.960431302639	750	12.482292729055272	0.0	350713	2047.1190225214013	0.75	67.172129
4643.000676309115	750	14.442047722580002	0.0	386472	2040.2450064752697	0.75	62.777649
4644.594974013656	750	16.84775001803935	0.0	399894	1594.2977045406508	0.75	55.443233
4645.909600515467	750	19.533123516228144	0.0	401853	1314.6265018112088	0.75	47.960406
4648.76599109601	1850	20.67673293568512	0.0	874175	2856.3905805430277	0.75	80.700778
4655.556668686925	1850	17.88605534476981	0.0	897976	6790.677590915308	1.85	86.994267
4660.150869078932	1850	17.291854952762677	0.0	905935	4594.200392007132	1.85	89.133614
4664.090217772303	1850	17.352506259391465	0.0	1076599	3939.3486933712124	1.85	90.791041
4666.673457964865	1850	18.76926606683047	0.0	758197	2583.240192561	1.85	87.50057
4670.803483006381	1850	18.639241025314554	0.0	972798	4130.0250415159135	1.85	88.832031
4674.506217669884	1850	18.936506361811773	0.0	975811	3702.7346635027798	1.85	89.334885
4677.941427705068	1850	19.501296326627205	0.0	873429	3435.2100351845697	1.85	87.120667
4681.079710351021	1850	20.363013680674545	0.0	954453	3138.282645952664	1.85	83.67714
4683.36323956031	1850	22.079484471385705	0.0	885062	2283.529209288838	1.85	87.533761
4686.682963977808	1850	22.75976005388757	0.0	1035329	3319.724417498134	1.85	71.430146
4689.621916096013	1850	23.820807935683003	0.0	1026056	2938.9521182045687	1.85	97.037422
4692.9663995874935	1850	24.47632444420234	0.0	943942	3344.4834914806593	1.85	90.168439
4695.277536278105	1850	26.16518775359064	0.0	728962	2311.1366906117055	1.85	86.066994
4698.881523237667	1850	26.56120079402879	0.0	938587	3603.9869595618507	1.85	86.593761
4703.316732512405	1850	26.125991519291055	0.0	908665	4435.20927473773	1.85	82.415248
4710.478882985688	1850	22.963841046008543	0.0	930577	7162.150473282514	1.85	83.556577
4732.178433381537	1850	5.264290650159637	0.0	858450	21699.550395848906	1.85	92.068418
4739.00907094893	300	4.0	1.5663469172331506	161857	6830.637567392788	-7.985291744102547	26.901789
4745.244641068818	300	4.0	2.2355701198883335	145210	6235.5701198883335	-9.312951515519833	23.926655
4752.487476202101	300	4.0	3.242835133282263	172312	7242.835133282263	-13.64419107311373	26.146503
4759.10849033914	300	4.0	2.621014137040276	167025	6621.014137040276	-10.970360789273187	26.908827
4765.333884117932	300	4.0	2.2253937787912172	160064	6225.393778791217	-9.269193248802233	27.591437
4769.954626029371	300	4.0	0.6207419114394533	137507	4620.741911439453	-2.3691902191896492	25.36694
4774.824032854834	300	4.0	0.8694068254624708	118421	4869.406825462471	-3.4384493494886246	36.062877

