12711.401124223054	750	4.0	4.851455205977005	450283	4851.455205977005	-20.11125738570112	64.858346
12720.579865974547	1200	4.0	5.178741751494213	611087	9178.741751494214	-21.518589531425114	69.839987
12727.831765083192	750	4.0	3.251899108645318	350812	7251.899108645318	-13.683166167174866	60.430767
12731.633704880174	750	4.198060203018562	0.0	382355	3801.939796981438	0.75	55.551349
12732.851903041557	300	6.979862041636659	0.0	163442	1218.198161381903	-0.15000000000000002	16.877619
12734.112885384284	300	9.718879698908925	0.0	126289	1260.9823427277356	0.3	18.579568
12735.840011751658	300	11.991753331535747	0.0	153295	1727.1263673731785	0.3	42.291519
12738.161250095258	300	13.670514987936173	0.0	173849	2321.238343599574	0.3	35.451274
12744.544240176298	750	11.287524906896023	0.0	374758	6382.99008104015	0.3	70.789292
12748.085158483711	300	11.746606599483153	0.0	139105	3540.9183074128687	-0.15000000000000002	21.660501
12751.601942390904	300	12.2298226922896	0.0	141840	3516.783907193552	0.3	2.177717
12754.327665393495	300	13.504099689697044	0.0	156148	2725.7230025925564	0.3	19.431299
12756.52130082414	300	15.310464259052656	0.0	160746	2193.635430644388	0.3	21.445722
12759.504576226282	300	16.327188856912745	0.0	179801	2983.2754021399132	0.3	23.726678
12761.533296764412	300	18.298468318781893	0.0	140051	2028.720538130852	0.3	21.119447
12763.164899659689	300	20.66686542350272	0.0	138313	1631.6028952791708	0.3	19.984984
12764.611288852475	300	23.22047623071756	0.0	143509	1446.389192785162	0.3	18.452936
12766.099802956825	300	25.73196212636798	0.0	150616	1488.5141043495805	0.3	35.116669
12767.580347964335	300	28.251417118857212	0.0	165384	1480.5450075107697	0.3	26.310814
12768.948378968667	300	30.8833861145261	0.0	140881	1368.0310043311097	0.3	26.782579
12773.230396857209	750	30.601368225983794	0.0	386472	4282.0178885423065	0.3	62.777649
12777.770044587918	750	30.061720495275864	0.0	399894	4539.64773070793	0.75	55.443233
12781.171551503623	750	30.660213579569792	0.0	401853	3401.506915706077	0.75	47.960406
12783.193315573651	750	32.63844950954077	0.0	343800	2021.7640700290224	0.75	55.451197
12784.985547540877	750	34.84621754231592	0.0	359903	1792.2319672248525	0.75	66.786337
12787.614080007535	750	36.21768507565663	0.0	379700	2628.5324666592874	0.75	66.676537
12791.82199512893	750	36.00976995426316	0.0	425781	4207.915121393473	0.75	65.665965
12795.2985294605	750	36.5332356226925	0.0	277716	3476.534331570654	0.75	68.231907
12801.002068436119	750	34.8296966470744	0.0	400396	5703.538975618105	0.75	69.601487
12806.850847845502	750	32.98091723769283	0.0	400508	5848.779409381576	0.75	67.821489
12810.11166628444	300	33.72009879875542	0.0	157421	3260.8184389374032	-0.15000000000000002	25.589487
12812.863711805096	300	34.96805327809874	0.0	157488	2752.0455206566867	0.3	17.795984
12814.405177350776	300	37.426587732418156	0.0	143881	1541.465545680582	0.3	25.091594
12815.880462995025	300	39.951302088170536	0.0	163444	1475.2856442476157	0.3	17.178658
12817.131580381461	300	42.70018470173511	0.0	179328	1251.117386435425	0.3	28.893466
12818.257758568876	300	45.57400651431947	0.0	159914	1126.1781874156366	0.3	21.738399
12820.552302542043	750	47.279462541153634	0.0	321064	2294.543973165838	0.3	67.040505
12822.51414082035	750	49.317624262844404	0.0	361565	1961.8382783092288	0.75	66.788635
12824.331405448058	750	51.50035963513651	0.0	378327	1817.2646277078866	0.75	62.32333
12827.897388020961	1200	51.93437706223429	0.0	587506	3565.982572902219	0.75	72.886388
12835.25467515516	1200	48.57708992803584	0.0	566904	7357.287134198448	1.2	86.974261
12841.576835608601	750	46.254929474592544	0.0	384505	6322.160453443301	0.3	64.443828
12848.663631628255	750	43.16813345494031	0.0	372093	7086.796019652232	0.75	58.879512
12850.180051096693	300	45.651713986502656	0.0	172312	1516.4194684376566	-0.15000000000000002	26.146503
12851.571941318687	300	48.25982376450866	0.0	167025	1391.8902219939905	0.3	26.908827
12852.828641701964	300	51.003123381230864	0.0	160064	1256.7003832777968	0.3	27.591437
12854.318761130105	300	53.51300395308929	0.0	137507	1490.1194281415767	0.3	25.36694
12855.734529461606	300	56.09723562159034	0.0	118421	1415.7683314989447	0.3	36.062877

