26562.91320879731	750	4.0	3.5333118074124745	450283	3533.31180741	-14.44324077187364	64.858346
26576.842545715743	2850	4.0	9.92933691843341	1431809	13929.3369184	-41.94614874926366	90.683379
26592.288380569178	2850	4.0	11.445834853438525	1300868	15445.8348534	-46.36708986978565	90.483169
26609.308042883637	2850	4.0	13.019662314459696	1520281	17019.6623145	-53.13454795217669	89.788956
26621.20755283887	2850	4.0	7.899509955230415	1472558	11899.5099552	-31.117892807490783	85.928154
26632.160241199475	2850	4.0	6.952688360603881	1224260	10952.6883606	-27.046559950596688	94.229141
26644.103475181986	2850	4.0	7.943233982509954	1388403	11943.2339825	-31.3059061247928	97.582873
26658.309670391034	2850	4.0	10.206195209048508	1638769	14206.195209	-41.03663939890858	97.908255
26670.72002472118	2850	4.0	8.410354330144111	1348011	12410.3543301	-33.31452361961968	96.808308
26686.475882586834	2850	4.0	11.755857865654429	1429765	15755.8578657	-47.70018882231404	94.962414
26703.92638701244	2850	4.0	13.450504425606464	1354548	17450.5044256	-54.98716903010779	95.957675
26716.03556455518	2850	4.0	8.10917754273943	1519951	12109.1775427	-32.01946343377954	92.483401
26728.418587662196	2850	4.0	8.383023107020165	1422919	12383.023107	-33.19699936018671	93.510922
26741.698580146298	2850	4.0	9.279992484100386	1578343	13279.9924841	-37.05396768163166	91.568178
26752.602596510453	2850	4.0	6.904016364151899	1231445	10904.0163642	-26.837270365853165	88.830113
26765.9058589765	2850	4.0	9.303262466049981	1471065	13303.262466	-37.15402860401492	93.514387
26782.40090421855	2850	4.0	12.49504524204931	1491626	16495.045242	-50.87869454081203	94.650033
26799.46111878816	2850	4.0	13.060214569608194	1358801	17060.2145696	-53.30892264931523	92.142023
26812.146002763122	2850	4.0	8.684883974961616	1537156	12684.883975	-34.495001092334945	89.30989
26823.052818377724	2850	4.0	6.906815614602356	1336050	10906.8156146	-26.849307142790128	93.680429
26835.311972783515	2850	4.0	8.259154405785887	1415116	12259.1544058	-32.66436394487931	90.785318
26848.64020914834	2850	4.0	9.328236364826962	1468126	13328.2363648	-37.26141636875593	89.398189
26861.477406471873	2850	4.0	8.837197323533166	1505760	12837.1973235	-35.14994849119261	85.954529
26875.5314509497	2850	4.0	10.054044477824446	1323990	14054.0444778	-40.382391254645114	89.320458
26893.50039413448	2850	4.0	13.968943184780633	1383735	17968.9431848	-57.216455694556714	93.348429
26906.875356100085	2850	4.0	9.374961965606484	1480464	13374.9619656	-37.46233645210788	97.271626
26919.36217243378	2850	4.0	8.486816333694078	1547572	12486.8163337	-33.64331023488453	97.509012
26929.32686969516	2850	4.0	5.9646972613812945	1141971	9964.69726138	-22.798198223939565	93.311238
26942.850372282348	2850	4.0	9.523502587187116	1498470	13523.5025872	-38.1010611249046	96.041687
26955.89020853393	2850	4.0	9.03983625157768	1561263	13039.8362516	-36.02129588178402	96.863845
26968.17687676011	2850	4.0	8.28666822618109	1341201	12286.6682262	-32.782673372578685	94.816085
26985.796021789858	2850	4.0	13.619145029746687	1497683	17619.1450297	-55.71232362791075	92.910185
27002.0038498555	2850	4.0	12.207828065643286	1358081	16207.8280656	-49.64366068226612	95.193139
27014.631263926945	2850	4.0	8.627414071445127	1587293	12627.4140714	-34.24788050721404	81.858634
27027.515055582327	2850	4.0	8.883791655381208	1492672	12883.7916554	-35.35030411813919	99.177905
27040.485139509576	2850	4.0	8.970083927252293	1439896	12970.0839273	-35.72136088718486	97.217465
27050.059141993475	2850	4.0	5.574002483898206	1139291	9574.0024839	-21.118210680762285	93.825455
27063.828818439157	2850	4.0	9.769676445683025	1499009	13769.6764457	-39.159608716437006	93.982147
27079.667518757182	2850	4.0	11.83870031802736	1427478	15838.700318	-48.05641136751765	90.92969
27097.522698796725	2850	4.0	13.855180039542512	1402287	17855.1800395	-56.7272741700328	91.34334
27108.115990720155	2850	4.0	6.5932919234251095	1339500	10593.2919234	-25.501155270727967	97.297482
27121.241856489247	2850	4.0	9.125865769096775	1527299	13125.8657691	-36.39122280711613	92.902955
27132.453864535073	2850	4.0	7.2120080458266544	1343002	11212.0080458	-28.16163459705461	87.659279
27146.554092153245	2850	4.0	10.100227618167207	1587250	14100.2276182	-40.58097875811899	95.172719
27159.77195138912	2850	4.0	9.21785923587535	1464921	13217.8592359	-36.786794714264005	96.481395
27176.20030475315	2850	4.0	12.4283533640321	1483527	16428.353364	-50.59191946533802	95.602302
27192.154692952216	2850	4.0	11.95438819906408	1231456	15954.3881991	-48.55386925597554	92.485503
27203.57127565398	2850	4.0	7.416582701764155	1364537	11416.5827018	-29.041305617585866	97.895096

