25922.639623400108	750	4.0	3.8635903273045304	450283	3863.5903273045305	0.5	-15.863438407409479	64.858346
25923.879960806356	300	6.759662593753583	0.0	155580	1240.3374062464177	0.5	-0.15000000000000002	18.412623
25926.97973495737	750	7.659888442736641	0.0	350812	3099.7741510169417	0.5	0.3	60.430767
25929.836213823917	750	8.803409576187992	0.0	382355	2856.4788665486485	0.5	0.75	55.551349
25933.414378712783	750	9.225244687322967	0.0	411561	3578.1648888650257	0.5	0.75	51.003805
25935.788008437965	750	10.851614962143197	0.0	318564	2373.6297251797714	0.5	0.75	62.986308
25938.504397396715	750	12.135226003393255	0.0	352642	2716.3889587499407	0.5	0.75	81.00828
25944.416836129392	1200	10.222787270713917	0.0	709534	5912.438732679338	0.5	0.75	82.426144
25950.043502344055	1200	8.59612105605436	0.0	584846	5626.666214659559	0.5	1.2	82.430225
25955.274276987147	1200	7.365346412961277	0.0	560821	5230.774643093081	0.5	1.2	76.960357
25962.867351958856	1200	4.0	0.22772855874870765	607410	7593.074971709985	0.5	0.22076719738055706	82.096766
25966.58808720161	300	4.279264757246748	0.0	156148	3720.735242753252	0.5	-0.6000000000000001	19.431299
25970.0544033087	300	4.812948650155491	0.0	160746	3466.316107091257	0.5	0.3	21.445722
25974.688524273894	300	4.178827684961728	0.0	179801	4634.1209651937625	0.5	0.3	23.726678
25978.022322522196	300	4.8450294366606546	0.0	140051	3333.7982483010737	0.5	0.3	21.119447
25981.799551045868	300	5.067800912987476	0.0	138313	3777.2285236731786	0.5	0.3	19.984984
25985.08115536542	300	5.7861965934361175	0.0	143509	3281.604319551359	0.5	0.3	18.452936
25988.687049334098	300	6.1803026247571795	0.0	150616	3605.893968678938	0.5	0.3	35.116669
25992.246326581397	300	6.621025377456961	0.0	165384	3559.277247300219	0.5	0.3	26.310814
25995.087672647565	300	7.779679311287937	0.0	140881	2841.3460661690233	0.5	0.3	26.782579
25999.526283887375	300	7.341068071477236	0.0	157671	4438.6112398107025	0.5	0.3	28.807059
26004.471367117883	300	6.395984840970547	0.0	157812	4945.083230506689	0.5	0.3	21.07483
26008.273279592315	300	6.594072366535911	0.0	163927	3801.912474434635	0.5	0.3	16.837774
26009.941329456153	300	8.926022502697606	0.0	137654	1668.049863838305	0.5	0.3	6.466535
26011.47994758203	300	11.38740437682487	0.0	146754	1538.6181258727368	0.5	0.3	25.355956
26012.959771573303	300	13.907580385547435	0.0	153938	1479.8239912774352	0.5	0.3	22.855883
26014.898594540056	300	15.968757418796253	0.0	181901	1938.8229667511816	0.5	0.3	27.469573
26016.351998929862	300	18.51535302898943	0.0	111155	1453.4043898068226	0.5	0.3	12.138089
26025.334167474837	750	13.533184484014635	0.0	400396	8982.168544974795	0.5	0.3	69.601487
26036.11383010868	750	6.753521850170157	0.0	400508	10779.662633844478	0.5	0.75	67.821489
26040.10929902865	300	6.758052930198397	0.0	157421	3995.46891997176	0.5	-0.15000000000000002	25.589487
26044.011514781494	300	6.855837177355544	0.0	157488	3902.2157528428534	0.5	0.3	17.795984
26048.051073888717	300	6.816278070134034	0.0	143881	4039.559107221509	0.5	0.3	25.091594
26052.552038713693	300	6.31531324515492	0.0	163444	4500.964824979114	0.5	0.3	17.178658
26055.632129251077	300	7.235222707769126	0.0	179328	3080.0905373857945	0.5	0.3	28.893466
26058.5233309682	300	8.34402099064402	0.0	159914	2891.2017171251046	0.5	0.3	21.738399
26061.679656613098	300	9.18769534574761	0.0	131610	3156.3256448964116	0.5	0.3	28.4111
26063.861271086975	300	11.006080871870076	0.0	124011	2181.614473877535	0.5	0.3	21.943337
26066.918857837627	300	11.948494121218955	0.0	144254	3057.5867506511204	0.5	0.3	12.774971
26070.639266015613	300	12.22808594323752	0.0	149991	3720.4081779814355	0.5	0.3	17.21265
26074.71097040442	300	12.156381554427805	0.0	147968	4071.704388809716	0.5	0.3	5.263918
26078.42385074574	300	12.443501213107794	0.0	161857	3712.8803413200094	0.5	0.3	26.901789
26081.478490582544	300	13.388861376303558	0.0	145210	3054.639836804237	0.5	0.3	23.926655
26084.28169289477	300	14.585659064080579	0.0	172312	2803.202312222978	0.5	0.3	26.146503
26086.681649067552	300	16.185702891297908	0.0	167025	2399.956172782672	0.5	0.3	26.908827
26088.891126810937	300	17.97622514790893	0.0	160064	2209.477743388974	0.5	0.3	27.591437
26094.56974918824	750	16.297602770609704	0.0	331053	5678.622377299229	0.5	0.3	60.678126
26100.588815414154	750	14.278536544693134	0.0	314107	6019.066225916569	0.5	0.75	75.210559

