5608.567565647364	750	4.0	3.791441730238546	450283	3791.441730238546	-15.553199440025747	64.858346
5609.954611901936	300	6.6129537454278156	0.0	155580	1387.046254572185	-0.15000000000000002	18.412623
5610.971837966414	300	9.595727680951125	0.0	139857	1017.2260644766923	0.3	17.596212
5611.924426219506	300	12.643139427858042	0.0	155432	952.5882530930813	0.3	19.997309
5612.945249871366	300	15.622315775997306	0.0	163442	1020.8236518607367	0.3	16.877619
5615.085278768094	750	17.482286879269665	0.0	318564	2140.028896727641	0.3	62.986308
5618.9146059592385	1200	17.652959688125073	0.0	561791	3829.327191144592	0.75	89.177904
5622.218213764978	1200	18.349351882386042	0.0	709534	3303.607805739029	1.2	82.426144
5624.082425753541	1200	20.48513989382272	0.0	584846	1864.2119885633251	1.2	82.430225
5626.284382623124	1200	22.28318302423989	0.0	560821	2201.9568695828266	1.2	76.960357
5631.6833794170825	1850	20.884186230281813	0.0	939819	5398.996793958079	1.2000000000000002	89.239922
5636.783284301238	1850	19.7842813461264	0.0	917428	5099.904884155415	1.85	82.202545
5641.68880239393	1850	18.8787632534344	0.0	946851	4905.518092691995	1.85	83.629776
5648.285876714041	1850	16.281688933323704	0.0	1036454	6597.074320110697	1.85	80.875505
5654.517947886965	1850	14.049617760398876	0.0	821631	6232.07117292483	1.85	78.494849
5665.0572605461775	1850	7.51030510118633	0.0	923170	10539.312659212546	1.85	83.7301
5668.431169114169	750	8.136396533194706	0.0	360831	3373.9085679916247	-0.3500000000000001	60.531124
5671.283376129161	750	9.284189518202373	0.0	372963	2852.207014992333	0.75	69.564049
5674.428730923098	750	10.13883472426618	0.0	405596	3145.354793936193	0.75	60.564875
5676.473948716277	750	12.093616931086832	0.0	350713	2045.2177931793485	0.75	67.172129
5678.840995453281	750	13.726570194083907	0.0	386472	2367.0467370029255	0.75	62.777649
5683.555237267023	1200	13.012328380341495	0.0	616206	4714.24181374241	0.75	68.532883
5687.711378864031	1200	12.85618678333293	0.0	656471	4156.141597008565	1.2	63.455907
5690.489924639365	1200	14.077641007998121	0.0	536667	2778.5457753348087	1.2	68.420849
5694.178111527279	1200	14.389454120084533	0.0	587236	3688.1868879135895	1.2	78.698824
5698.298619949359	1200	14.268945698005085	0.0	590335	4120.508422079448	1.2	79.644231
5703.8948838479055	1200	12.672681799458104	0.0	696376	5596.263898546981	1.2	80.745588
5709.097230445207	1200	11.47033520215621	0.0	487160	5202.346597301895	1.2	80.893459
5715.855614372481	1200	8.711951274882184	0.0	622896	6758.383927274025	1.2	80.053124
5719.839520337148	750	8.728045310214046	0.0	400508	3983.905964668137	0.3	67.821489
5722.703134907569	750	9.864430739793427	0.0	358218	2863.6145704206197	0.75	64.789531
5726.5077896391995	750	10.059776008163016	0.0	400322	3804.65473163041	0.75	60.651768
5731.004565058917	750	9.56300058844528	0.0	369834	4496.775419717736	0.75	68.369339
5735.854261865789	750	8.713303781572758	0.0	412837	4849.696806872521	0.75	49.996929
5740.962094405036	750	7.60547124232633	0.0	401088	5107.8325392464285	0.75	69.915275
5746.24160375325	750	6.325961894111676	0.0	365161	5279.509348214654	0.75	60.276519
5751.781347183953	750	4.786218463408961	0.0	321064	5539.743430702715	0.75	67.040505
5753.855284157194	300	6.7122814901683245	0.0	124011	2073.9369732406367	-0.15000000000000002	21.943337
5756.544254374587	300	8.023311272774869	0.0	144254	2688.9702173934547	0.3	12.774971
5760.623789293288	300	7.943776354074465	0.0	149991	4079.534918700405	0.3	17.21265
5764.558697640628	300	8.008868006733444	0.0	147968	3934.9083473410205	0.3	5.263918
5768.152148246304	300	8.415417401058011	0.0	161857	3593.4506056754326	0.3	26.901789
5770.470937334283	300	10.096628313079233	0.0	145210	2318.7890879787783	0.3	23.926655
5772.290742076538	300	12.276823570825053	0.0	172312	1819.8047422541777	0.3	26.146503
5773.921530399804	300	14.646035247558581	0.0	167025	1630.7883232664735	0.3	26.908827
5775.502204772766	300	17.065360874596678	0.0	160064	1580.6743729619054	0.3	27.591437
5778.632848890059	750	17.934716757303708	0.0	331053	3130.6441172929717	0.3	60.678126
5786.235080403121	1850	14.332485244240841	0.0	846370	7602.231513062867	0.75	92.020773

