46414.50436008996	750	4.0	4.751626329382562	450283	4751.62632938	-19.681993216345017	64.858346
46426.523523075426	2850	4.0	8.019162985468718	1431809	12019.1629855	-33.732400837515485	90.683379
46441.58192366772	2850	4.0	11.058400592297817	1300868	15058.4005923	-44.70112254688061	90.483169
46455.217391140926	2850	4.0	9.635467473198663	1520281	13635.4674732	-38.582510134754244	89.788956
46469.331442649454	2850	4.0	10.114051508533063	1472558	14114.0515085	-40.64042148669217	85.928154
46479.6759109875	2850	4.0	6.344468338040417	1224260	10344.468338	-24.43121385357379	94.229141
46492.028338329124	2850	4.0	8.352427341628113	1388403	12352.4273416	-33.065437569000885	97.582873
46523.61817099315	2850	4.0	27.58983266403022	1638769	31589.832664	-115.78628045532994	97.908255
46545.87740343467	2850	4.0	18.259232441522443	1348011	22259.2324415	-75.66469949854651	96.808308
46559.037239090976	2850	4.0	9.159835656305058	1429765	13159.8356563	-36.53729332211174	94.962414
46571.36007357088	2850	4.0	8.322834479909131	1354548	12322.8344799	-32.93818826360926	95.957675
46586.51671061638	2850	4.0	11.156637045491523	1519951	15156.6370455	-45.12353929561355	92.483401
46601.45532204145	2850	4.0	10.938611425073953	1422919	14938.6114251	-44.186029127817996	93.510922
46622.42257069328	2850	4.0	16.967248651821823	1578343	20967.2486518	-70.10916920283384	91.568178
46639.51881274587	2850	4.0	13.096242052589762	1231445	17096.2420526	-53.46384082613597	88.830113
46657.640977801624	2850	4.0	14.122165055750825	1471065	18122.1650558	-57.87530973972854	93.514387
46673.63373647135	2850	4.0	11.99275866972324	1491626	15992.7586697	-48.71886227980993	94.650033
46692.54103864494	2850	4.0	14.907302173593482	1358801	18907.3021736	-61.25139934645197	92.142023
46714.53239611021	2850	4.0	17.991357465273225	1537156	21991.3574653	-74.51283710067487	89.30989
46729.19748619884	2850	4.0	10.665090088626364	1336050	14665.0900886	-43.009887381093364	93.680429
46741.043518660874	2850	4.0	7.846032462033581	1415116	11846.032462	-30.887939586744395	90.785318
46757.353261383454	2850	4.0	12.30974272257592	1468126	16309.7427226	-50.08189370707645	89.398189
46771.126139833694	2850	4.0	9.77287845024174	1505760	13772.8784502	-39.17337733603948	85.954529
46783.87803121526	2850	4.0	8.751891381564318	1323990	12751.8913816	-34.78313294072657	89.320458
46795.63841787318	2850	4.0	7.760386657926059	1383735	11760.3866579	-30.51966262908205	93.348429
46809.77103024083	2850	4.0	10.132612367655307	1480464	14132.6123677	-40.720233180917816	97.271626
46841.2862364617	2850	4.0	27.515206220869487	1547572	31515.2062209	-115.4653867497388	97.509012
46859.29472012836	2850	4.0	14.008483666652056	1141971	18008.4836667	-57.38647976660384	93.311238
46873.851315187094	2850	4.0	10.556595058742294	1498470	14556.5950587	-42.543358752591864	96.041687
46888.40743647338	2850	4.0	10.556121286286455	1561263	14556.1212863	-42.541321531031755	96.863845
46901.564737580156	2850	4.0	9.157301106770923	1341201	13157.3011068	-36.526394759114964	94.816085
46917.273420924415	2850	4.0	11.708683344261972	1497683	15708.6833443	-47.497338380326475	92.910185
46935.61780672382	2850	4.0	14.344385799399708	1358081	18344.3857994	-58.83085893741874	95.193139
46956.67410402846	2850	4.0	17.05629730464323	1587293	21056.2973046	-70.4920784099659	81.858634
46975.6159455055	2850	4.0	14.941841477034071	1492672	18941.841477	-61.399918351246505	99.177905
46990.66717783851	2850	4.0	11.05123233301048	1439896	15051.232333	-44.67029903194506	97.217465
47007.117778188614	2850	4.0	12.450600350106091	1139291	16450.6003501	-50.68758150545619	93.825455
47028.554002784804	2850	4.0	17.436224596186683	1499009	21436.2245962	-72.12576576360274	93.982147
47044.41795971225	2850	4.0	11.863956927445924	1427478	15863.9569274	-48.16501478801747	90.92969
47056.13790056555	2850	4.0	7.719940853298755	1402287	11719.9408533	-30.345745669184645	91.34334
47071.512614701925	2850	4.0	11.37471413637639	1339500	15374.7141364	-46.061270786418476	97.297482
47085.26123224026	2850	4.0	9.74861753833031	1527299	13748.6175383	-39.069055414820326	92.902955
47098.04392766294	2850	4.0	8.782695422681208	1343002	12782.6954227	-34.91559031752919	87.659279
47111.53802932155	2850	4.0	9.494101658610314	1587250	13494.1016586	-37.97463713202435	95.172719
47127.04726282123	2850	4.0	11.5092334996777	1464921	15509.2334997	-46.63970404861411	96.481395
47157.28257455685	2850	4.0	26.235311735623416	1483527	30235.3117356	-109.96184046318069	95.602302
47176.93636676604	2850	4.0	15.653792209184259	1231456	19653.7922092	-64.46130649949231	92.485503
47188.83677448041	2850	4.0	7.900407714374989	1364537	11900.4077144	-31.12175317181245	97.895096

