9113.47302453	750	4.0	2.6661221575738243	450283	2666.12215757	-10.714325277567443	64.858346
9132.27509328	2850	4.0	14.80206875101565	1431809	18802.068751	-62.89889562936729	90.683379
9145.2281598	2850	4.0	8.953066526388879	1300868	12953.0665264	-35.648186063472174	90.483169
9153.07407002	2850	4.0	3.8459102163127845	1520281	7845.91021631	-13.687413930144972	89.788956
9162.14524985	2850	4.0	5.071179831456273	1472558	9071.17983146	-18.95607327526197	85.928154
9168.03019071	2850	4.0	1.8849408601619726	1224260	5884.94086016	-5.255245698696482	94.229141
9178.63801074	2850	4.0	6.60782003362997	1388403	10607.8200336	-25.563626144608868	97.582873
9185.10666496	2850	4.0	2.4686542182229916	1638769	6468.65421822	-7.765213138358863	97.908255
9199.9357602	2850	4.0	10.82909523532503	1348011	14829.0952353	-43.71510951189762	96.808308
9217.57558342	2850	4.0	13.639823217208257	1429765	17639.8232172	-55.8012398339955	94.962414
9223.87804011	2850	4.0	2.3024566982937578	1354548	6302.45669829	-7.050563802663158	95.957675
9234.6088678	2850	4.0	6.730827685757335	1519951	10730.8276858	-26.092559048756538	92.483401
9240.61321017	2850	4.0	2.0043423699218827	1422919	6004.34236992	-5.7686721906640965	93.510922
9252.49221742	2850	4.0	7.879007246494388	1578343	11879.0072465	-31.029731159925866	91.568178
9257.13294236	2850	4.0	0.6407249440686965	1231445	4640.72494407	0.09488274050460532	88.830113
9264.61082954	2850	4.0	3.4778871802548927	1471065	7477.88718025	-12.10491487509604	93.514387
9284.19131919	2850	4.0	15.5804896498759	1491626	19580.4896499	-64.14610549446638	94.650033
9296.44439407	2850	4.0	8.25307488285358	1358801	12253.0748829	-32.638221996270396	92.142023
9306.22564965	2850	4.0	5.781255577296673	1537156	9781.2555773	-22.009398982375693	89.30989
9312.82069776	2850	4.0	2.5950481082081316	1336050	6595.04810821	-8.308706865294965	93.680429
9321.18444369	2850	4.0	4.363745930896432	1415116	8363.7459309	-15.914107502854657	90.785318
9330.24676132	2850	4.0	5.062317627692779	1468126	9062.31762769	-18.917965799078946	89.398189
9336.78620495	2850	4.0	2.5394436345215317	1505760	6539.44363452	-8.069607628442586	85.954529
9353.54729778	2850	4.0	12.761092823562725	1323990	16761.0928236	-52.02269914131971	89.320458
9368.98599698	2850	4.0	11.438699207900003	1383735	15438.6992079	-46.33640659397001	93.348429
9376.22885638	2850	4.0	3.242859401587354	1480464	7242.85940159	-11.094295426825623	97.271626
9386.31020748	2850	4.0	6.081351093224714	1547572	10081.3510932	-23.299809700866266	97.509012
9391.21382782	2850	4.0	0.9036203465180707	1141971	4903.62034652	-1.0355674900277037	93.311238
9402.69256787	2850	4.0	7.478740046227982	1498470	11478.7400462	-29.30858219878032	96.041687
9408.68141588	2850	4.0	1.9888480085348037	1561263	5988.84800853	-5.702046436699655	96.863845
9417.0006907	2850	4.0	4.319274823832477	1341201	8319.27482383	-15.722881742479652	94.816085
9436.58992259	2850	4.0	15.589231885017856	1497683	19589.231885	-64.18369710557678	92.910185
9447.47415394	2850	4.0	6.884231352590842	1358081	10884.2313526	-26.752194816140616	95.193139
9458.79566165	2850	4.0	7.321507707038998	1587293	11321.507707	-28.632483140267688	81.858634
9464.95031029	2850	4.0	2.1546486410126953	1492672	6154.64864101	-6.41498915635459	99.177905
9474.80485665	2850	4.0	5.85454636163953	1439896	9854.54636164	-22.324549355049975	97.217465
9480.84049056	2850	4.0	2.0356339084513464	1139291	6035.63390845	-5.903225806340789	93.825455
9487.58830048	2850	4.0	2.7478099166903656	1499009	6747.80991669	-8.965582641768572	93.982147
9505.40099648	2850	4.0	13.812696007393475	1427478	17812.6960074	-56.54459283179194	90.92969
9520.16771419	2850	4.0	10.766717707997405	1402287	14766.717708	-43.446886144388834	91.34334
9526.84665167	2850	4.0	2.6789374783494866	1339500	6678.93747835	-8.669431156902792	97.297482
9536.7641734	2850	4.0	5.917521735147213	1527299	9917.52173515	-22.595343461133012	92.902955
9542.70271547	2850	4.0	1.9385420640537414	1343002	5938.54206405	-5.485730875431088	87.659279
9554.34742762	2850	4.0	7.644712150887635	1587250	11644.7121509	-30.02226224881683	95.172719
9559.99232213	2850	4.0	1.6448945135002742	1464921	5644.8945135	-4.223046408051179	96.481395
9574.91122969	2850	4.0	10.91890755915653	1483527	14918.9075592	-44.10130250437307	95.602302
9588.93736302	2850	4.0	10.026133325161977	1231456	14026.1333252	-40.2623732981965	92.485503
9598.27379506	2850	4.0	5.336432041472304	1364537	9336.43204147	-20.096657778330904	97.895096

