47193.89461356127	750	4.0	5.057839080863765	450283	5057.83908086	-20.99870804771419	64.858346
47206.72057506977	2850	4.0	8.825961508500386	1431809	12825.9615085	-37.20163448655166	90.683379
47218.10232095227	2850	4.0	7.381745882495838	1300868	11381.7458825	-28.8915072947321	90.483169
47233.50537368448	2850	4.0	11.403052732215814	1520281	15403.0527322	-46.183126748528	89.788956
47250.51800441342	2850	4.0	13.012630728939726	1472558	17012.6307289	-53.10431213444082	85.928154
47263.58670664298	2850	4.0	9.06870222955632	1224260	13068.7022296	-36.14541958709218	94.229141
47276.48953864548	2850	4.0	8.902832002507273	1388403	12902.8320025	-35.43217761078127	97.582873
47290.77281148674	2850	4.0	10.283272841260073	1638769	14283.2728413	-41.36807321741831	97.908255
47308.28085661418	2850	4.0	13.5080451274336	1348011	17508.0451274	-55.23459404796448	96.808308
47325.765879969156	2850	4.0	13.485023354975503	1429765	17485.023355	-55.13560042639466	94.962414
47343.104567854745	2850	4.0	13.338687885593554	1354548	17338.6878856	-54.50635790805228	95.957675
47367.0969879057	2850	4.0	19.992420050960003	1519951	23992.420051	-83.11740621912801	92.483401
47386.71702798617	2850	4.0	15.620040080462797	1422919	19620.0400805	-64.31617234599003	93.510922
47408.25701475087	2850	4.0	17.539986764701396	1578343	21539.9867647	-72.571943088216	91.568178
47422.00170092457	2850	4.0	9.744686173703405	1231445	13744.6861737	-39.052150546924636	88.830113
47436.25646151555	2850	4.0	10.254760590987278	1471065	14254.760591	-41.24547054124529	93.514387
47451.91822319716	2850	4.0	11.661761681597778	1491626	15661.7616816	-47.29557523087044	94.650033
47461.41346444546	2850	4.0	5.495241248311613	1358801	9495.24124831	-20.779537367739934	92.142023
47488.049910048074	2850	4.0	22.636445602608543	1537156	26636.4456026	-94.48671609121673	89.30989
47499.16063024204	2850	4.0	7.11072019396777	1336050	11110.720194	-27.72609683406141	93.680429
47513.571996261984	2850	4.0	10.411366019939008	1415116	14411.3660199	-41.91887388573773	90.785318
47526.15357833849	2850	4.0	8.58158207650546	1468126	12581.5820765	-34.050802928973475	89.398189
47541.3666835403	2850	4.0	11.213105201809467	1505760	15213.1052018	-45.366352367780706	85.954529
47554.29344784722	2850	4.0	8.926764306927653	1323990	12926.7643069	-35.535086519788905	89.320458
47572.41054929858	2850	4.0	14.117101451351063	1383735	18117.1014514	-57.85353624080957	93.348429
47585.80338211721	2850	4.0	9.392832818628616	1480464	13392.8328186	-37.539181120103045	97.271626
47599.89468112258	2850	4.0	10.091299005384972	1547572	14091.2990054	-40.542585723155376	97.509012
47608.90294895986	2850	4.0	5.008267837281623	1141971	9008.26783728	-18.685551700310974	93.311238
47630.2067578221	2850	4.0	17.30380886223589	1498470	21303.8088622	-71.55637810761434	96.041687
47648.86300599091	2850	4.0	14.656248168813502	1561263	18656.2481688	-60.17186712589805	96.863845
47669.85592961292	2850	4.0	16.992923622001328	1341201	20992.923622	-70.21957157460571	94.816085
47692.135930679535	2850	4.0	18.280001066620525	1497683	22280.0010666	-75.75400458646826	92.910185
47707.45286615742	2850	4.0	11.316935477885636	1358081	15316.9354779	-45.81282255490823	95.193139
47728.986432755395	2850	4.0	17.533566597972378	1587293	21533.566598	-72.54433637128123	81.858634
47744.91769169204	2850	4.0	11.931258936641013	1492672	15931.2589366	-48.454413427556354	99.177905
47761.118077485095	2850	4.0	12.200385793051945	1439896	16200.3857931	-49.61165891012336	97.217465
47769.68508859811	2850	4.0	4.567011113018905	1139291	8567.01111302	-16.78814778598129	93.825455
47786.16125075576	2850	4.0	12.476162157647504	1499009	16476.1621576	-50.79749727788427	93.982147
47806.458811030185	2850	4.0	16.29756027442954	1427478	20297.5602744	-67.22950918004702	90.92969
47820.535250857276	2850	4.0	10.076439827090853	1402287	14076.4398271	-40.47869125649066	91.34334
47832.513328470195	2850	4.0	7.978077612911751	1339500	11978.0776129	-31.455733735520525	97.297482
47846.852965700986	2850	4.0	10.339637230788023	1527299	14339.6372308	-41.610440092388494	92.902955
47859.93700461998	2850	4.0	9.084038918992345	1343002	13084.038919	-36.21136735166708	87.659279
47879.071091361024	2850	4.0	15.13408674104379	1587250	19134.086741	-62.226572986488286	95.172719
47892.95403350618	2850	4.0	9.882942145159362	1464921	13882.9421452	-39.646651224185256	96.481395
47907.880987977616	2850	4.0	10.926954471428862	1483527	14926.9544714	-44.1359042271441	95.602302
47917.03588689608	2850	4.0	5.15489891846403	1231456	9154.89891846	-19.316065349395327	92.485503
47935.738681428425	2850	4.0	14.70279453234746	1364537	18702.7945323	-60.37201648909407	97.895096

