12100.723372959343	750	4.0	7.862962959107444	450283	7862.962959107444	-33.06074072416201	64.858346
12102.288702078196	300	6.434670881144126	0.0	155580	1565.3291188558746	-0.15000000000000002	18.412623
12103.69147609343	300	9.03189686591194	0.0	139857	1402.7740152321862	0.3	17.596212
12105.57807557595	300	11.1452973833924	0.0	155432	1886.5994825195382	0.3	19.997309
12107.045050913015	300	13.678322046325858	0.0	163442	1466.9753370665421	0.3	16.877619
12107.95342459921	300	16.76994836013036	0.0	126289	908.373686195497	0.3	18.579568
12114.239258154508	750	14.484114804833707	0.0	352642	6285.833555296655	0.3	81.00828
12118.62313945534	750	14.100233504002437	0.0	437162	4383.881300831269	0.75	69.475262
12121.663224026068	750	15.06014893327463	0.0	374758	3040.084570727806	0.75	70.789292
12125.869592826584	750	14.853780132757493	0.0	362795	4206.36880051714	0.75	64.786022
12130.011013244104	750	14.712359715237966	0.0	353220	4141.4204175195255	0.75	70.008689
12133.332576289025	750	15.390796670315588	0.0	405134	3321.5630449223795	0.75	59.00323
12135.50977543469	750	17.213597524651654	0.0	386351	2177.199145663931	0.75	59.358241
12138.757192435938	750	17.966180523402173	0.0	434409	3247.4170012494774	0.75	56.692976
12140.992399789046	750	19.73097317029647	0.0	337059	2235.2073531057063	0.75	54.76216
12145.629441545232	1200	19.093931414109605	0.0	587876	4637.041756186865	0.75	72.569044
12148.679688205535	1200	20.04368475380653	0.0	617242	3050.2466603030743	1.2	75.662786
12150.964895018731	1200	21.75847794061112	0.0	581493	2285.2068131954115	1.2	79.137254
12154.014976875804	1200	22.708396083536456	0.0	639204	3050.081857074663	1.2	72.000653
12157.851233063522	1850	22.87213989581839	0.0	923755	3836.256187718066	1.2000000000000002	86.363677
12161.465800840355	1850	23.257572118984857	0.0	891604	3614.5677768335327	1.85	81.773294
12166.829154144325	1850	21.894218815016725	0.0	955231	5363.353303968131	1.85	79.031768
12172.221948924083	1850	20.50142403525767	0.0	968026	5392.794779759052	1.85	73.123347
12179.833094344465	1850	16.890278614876625	0.0	874175	7611.145420381047	1.85	80.700778
12188.932916231135	1200	11.790456728207207	0.0	587236	9099.821886669417	0.5499999999999999	78.698824
12193.964631683497	750	10.758741275845146	0.0	379700	5031.71545236206	0.3	66.676537
12196.14592020689	300	12.577452752451121	0.0	181901	2181.288523394026	-0.15000000000000002	27.469573
12197.369525794053	300	15.353847165289725	0.0	111155	1223.6055871613974	0.3	12.138089
12198.761474612442	300	17.961898346902277	0.0	153605	1391.9488183874462	0.3	28.256686
12199.760420166614	300	20.962952792728156	0.0	149029	998.9455541741212	0.3	23.365013
12201.838075192789	750	22.885297766555347	0.0	358218	2077.655026172809	0.3	64.789531
12203.506856930568	750	25.216516028776088	0.0	400322	1668.7817377792614	0.75	60.651768
12205.774711237797	1200	26.94866172154726	0.0	584349	2267.8543072288253	0.75	79.771897
12211.539119458157	1850	25.18425350118497	0.0	1035329	5764.408220362294	1.2000000000000002	71.430146
12220.272885135722	1850	20.450487823619127	0.0	1026056	8733.76567756584	1.85	97.037422
12226.649518133474	1850	18.073854825867198	0.0	943942	6376.632997751931	1.85	90.168439
12232.975065887227	1850	15.748307072114264	0.0	728962	6325.547753752935	1.85	86.066994
12239.696649946263	1850	13.026723013079549	0.0	938587	6721.584059034714	1.85	86.593761
12243.917865912148	1200	12.805507047194281	0.0	605884	4221.215965885268	0.5499999999999999	74.001829
12249.415040756077	1200	11.308332203265591	0.0	587506	5497.174843928691	1.2	72.886388
12254.75012476547	1200	9.973248193870779	0.0	566904	5335.084009394813	1.2	86.974261
12256.775092164902	750	11.948280794440313	0.0	384505	2024.967399430465	0.3	64.443828
12258.501447133049	750	14.221925826292216	0.0	372093	1726.3549681480974	0.75	58.879512
12261.523507831562	1200	15.199865127778573	0.0	634861	3022.060698513644	0.75	75.003938
12264.708429897326	1200	16.01494306201638	0.0	630203	3184.922065762196	1.2	77.745919
12281.870038245708	1850	4.0	1.146665286366886	982064	17161.608348383263	-3.7306607313776095	86.680563
12282.858445967722	300	7.011592277985856	0.0	137507	988.4077220141447	-1.25	25.36694
12283.649983059597	300	10.220055186112372	0.0	118421	791.5370918734842	0.3	36.062877

