20869.448602128727	750	4.0	4.264022486880352	450283	4264.022486880352	-17.585296693585512	64.858346
20870.702183124322	300	6.746419004404097	0.0	155580	1253.5809955959026	-0.15000000000000002	18.412623
20871.862275674794	300	9.586326453931424	0.0	139857	1160.0925504726724	0.3	17.596212
20873.437417015906	300	12.011185112819247	0.0	155432	1575.141341112178	0.3	19.997309
20877.555954716994	300	11.892647411728696	0.0	163442	4118.53770109055	0.3	16.877619
20880.999405029692	300	12.449197099030972	0.0	126289	3443.450312697726	0.3	18.579568
20885.062414835436	300	12.386187293283337	0.0	153295	4063.009805747634	0.3	42.291519
20890.080394601307	300	11.368207527413329	0.0	173849	5017.979765870008	0.3	35.451274
20896.839087774995	750	8.609514353726254	0.0	374758	6758.693173687076	0.3	70.789292
20898.18836902142	300	11.260233107301447	0.0	139105	1349.2812464248068	-0.15000000000000002	21.660501
20899.486717033094	300	13.961885095626215	0.0	141840	1298.3480116752305	0.3	2.177717
20903.117128912047	750	14.331473216674452	0.0	405134	3630.411878951763	0.3	59.00323
20909.816762904866	750	11.631839223854621	0.0	386351	6699.63399281983	0.75	59.358241
20911.911041538002	300	13.537560590721354	0.0	179801	2094.278633133269	-0.15000000000000002	23.726678
20913.41956309692	300	16.02903903180186	0.0	140051	1508.521558919492	0.3	21.119447
20916.215956279055	750	17.23264584966471	0.0	366214	2796.3931821371507	0.3	58.858709
20919.394629740164	750	18.0539723885553	0.0	360831	3178.6734611094075	0.75	60.531124
20924.636316913224	750	16.81228521549533	0.0	372963	5241.687173059972	0.75	69.564049
20927.6768748337	750	17.771727295017094	0.0	405596	3040.5579204782357	0.75	60.564875
20940.32822727695	1850	9.120374851768453	0.0	923755	12651.352443248643	0.75	86.363677
20945.976100780696	750	7.472501348022063	0.0	386472	5647.873503746389	-0.3500000000000001	62.777649
20947.77715609017	300	9.67144603854878	0.0	157812	1801.0553094732827	-0.15000000000000002	21.07483
20949.581177855653	300	11.867424273068902	0.0	163927	1804.021765479878	0.3	16.837774
20951.12531262328	300	14.323289505439215	0.0	137654	1544.1347676296866	0.3	6.466535
20954.975508205578	750	14.47309392314274	0.0	359903	3850.195582296475	0.3	66.786337
20959.991898706456	750	13.456703422265546	0.0	379700	5016.390500877194	0.75	66.676537
20964.40126142811	750	13.047340700609954	0.0	425781	4409.36272165559	0.75	65.665965
20966.85089266439	750	14.597709464329412	0.0	277716	2449.6312362805425	0.75	68.231907
20970.593078348582	750	14.85552378014165	0.0	400396	3742.1856841877625	0.75	69.601487
20974.0683271632	750	15.380274965522094	0.0	400508	3475.2488146195583	0.75	67.821489
20978.383118986494	750	15.06548314222668	0.0	358218	4314.791823295415	0.75	64.789531
20983.064727858924	750	14.383874269798435	0.0	400322	4681.608872428245	0.75	60.651768
20986.710053532133	750	14.738548596585813	0.0	369834	3645.325673212622	0.75	68.369339
20990.90406524853	750	14.54453688019075	0.0	412837	4194.011716395063	0.75	49.996929
20994.56651455494	750	14.882087573779957	0.0	401088	3662.4493064107924	0.75	69.915275
20998.710382214256	750	14.73821991446553	0.0	365161	4143.867659314428	0.75	60.276519
21007.271121930524	750	10.177480198197717	0.0	321064	8560.739716267813	0.75	67.040505
21010.511272098876	300	10.937330029844667	0.0	124011	3240.1501683530487	-0.15000000000000002	21.943337
21015.021434111182	300	10.427168017539794	0.0	144254	4510.162012304872	0.3	12.774971
21018.28204570405	300	11.166556424669885	0.0	149991	3260.6115928699096	0.3	17.21265
21020.28971920716	300	13.158882921563206	0.0	147968	2007.6735031066773	0.3	5.263918
21021.862075232242	300	15.586526896480608	0.0	161857	1572.3560250826	0.3	26.901789
21024.928963919454	750	16.519638209268027	0.0	372093	3066.8886872125777	0.3	58.879512
21031.422271674277	750	14.026330454445008	0.0	438281	6493.30775482302	0.75	62.327504
21036.467471474603	750	12.981130654117196	0.0	398987	5045.199800327811	0.75	63.729239
21039.655714422905	750	13.79288770581485	0.0	393804	3188.242948302345	0.75	62.845425
21042.21706644455	750	15.231535684169048	0.0	331053	2561.352021645801	0.75	60.678126
21046.751709491236	750	14.696892637478896	0.0	314107	4534.64304669015	0.75	75.210559

