5479.53469561	750	4.0	3.3429362672757508	450283	3342.93626728	-13.624625949285727	64.858346
5490.07679856	2850	4.0	6.54210295258853	1431809	10542.1029526	-27.381042696130677	90.683379
5497.30226786	2850	4.0	3.2254692988199167	1300868	7225.46929882	-11.019517984925642	90.483169
5503.93281762	2850	4.0	2.6305497580895096	1520281	6630.54975809	-8.461363959784892	89.788956
5510.34176932	2850	4.0	2.4089517023842046	1472558	6408.95170238	-7.5084923202520795	85.928154
5518.29488818	2850	4.0	3.953118860345375	1224260	7953.11886035	-14.148411099485111	94.229141
5533.60702505	2850	4.0	11.312136873783324	1388403	15312.1368738	-45.79218855726829	97.582873
5555.12001848	2850	4.0	17.5129934241568	1638769	21512.9934242	-72.45587172387424	97.908255
5563.41527696	2850	4.0	4.295258486224253	1348011	8295.25848622	-15.61961149076429	96.808308
5571.72896335	2850	4.0	4.3136863838103565	1429765	8313.68638381	-15.698851450384533	94.962414
5577.79614435	2850	4.0	2.0671809990216796	1354548	6067.18099902	-6.038878295793223	95.957675
5584.94309799	2850	4.0	3.146953641350834	1519951	7146.95364135	-10.681900657808587	92.483401
5595.20402846	2850	4.0	6.260930475073221	1422919	10260.9304751	-24.072001042814847	93.510922
5618.1754031	2850	4.0	18.971374633937042	1578343	22971.3746339	-78.72691092592929	91.568178
5631.0635383	2850	4.0	8.888135205971091	1231445	12888.135206	-35.36898138567569	88.830113
5641.78274664	2850	4.0	6.719208340296942	1471065	10719.2083403	-26.042595863276848	93.514387
5656.80896201	2850	4.0	11.026215368072227	1491626	15026.2153681	-44.562726082710576	94.650033
5666.75738671	2850	4.0	5.948424698270339	1358801	9948.42469827	-22.728226202562453	92.142023
5678.77188131	2850	4.0	8.014494599407474	1537156	12014.4945994	-31.612326777452132	89.30989
5689.19631094	2850	4.0	6.424429632691985	1336050	10424.4296327	-24.775047420575532	93.680429
5699.24810891	2850	4.0	6.051797966490309	1415116	10051.7979665	-23.172731255908324	90.785318
5710.00365423	2850	4.0	6.755545321712476	1468126	10755.5453217	-26.198844883363645	89.398189
5721.19436022	2850	4.0	7.190705988495202	1505760	11190.7059885	-28.070035750529364	85.954529
5730.9223765	2850	4.0	5.728016285803063	1323990	9728.0162858	-21.780470028953168	89.320458
5742.46590549	2850	4.0	7.543528982556414	1383735	11543.5289826	-29.587174624992578	93.348429
5751.84067681	2850	4.0	5.374771322185739	1480464	9374.77132219	-20.26151668539868	97.271626
5760.67840834	2850	4.0	4.837731531555353	1547572	8837.73153156	-17.95224558568802	97.509012
5767.39894368	2850	4.0	2.720535335536698	1141971	6720.53533554	-8.848301942807801	93.311238
5774.39921244	2850	4.0	3.0002687584134518	1498470	7000.26875841	-10.051155661177843	96.041687
5783.67703357	2850	4.0	5.277821136870829	1561263	9277.82113687	-19.84463088854456	96.863845
5791.70493414	2850	4.0	4.027900566357879	1341201	8027.90056636	-14.469972435338876	94.816085
5803.35967145	2850	4.0	7.654737315616567	1497683	11654.7373156	-30.065370457151232	92.910185
5811.5277677	2850	4.0	4.168096246967227	1358081	8168.09624697	-15.072813861959078	95.193139
5819.12069898	2850	4.0	3.592931276165562	1587293	7592.93127617	-12.599604487511916	81.858634
5825.48219765	2850	4.0	2.361498670719533	1492672	6361.49867072	-7.304444284093991	99.177905
5834.11521383	2850	4.0	4.633016181751232	1439896	8633.01618175	-17.071969581530297	97.217465
5846.5572225	2850	4.0	8.442008665681813	1139291	12442.0086657	-33.45063726243179	93.825455
5866.45685797	2850	4.0	15.899635475119197	1499009	19899.6354751	-65.51843254301255	93.982147
5877.47914396	2850	4.0	7.022285992766791	1427478	11022.2859928	-27.345829768897197	90.92969
5886.15779763	2850	4.0	4.678653663068268	1402287	8678.65366307	-17.26821075119355	91.34334
5892.62935702	2850	4.0	2.4715593964591833	1339500	6471.55939646	-7.777705404774489	97.297482
5899.61157132	2850	4.0	2.9822142943236503	1527299	6982.21429432	-9.973521465591697	92.902955
5907.84391896	2850	4.0	4.232347644284964	1343002	8232.34764428	-15.349094870425345	87.659279
5927.3552059	2850	4.0	15.511286942358838	1587250	19511.2869424	-63.848533852143	95.172719
5945.69931972	2850	4.0	14.344113813772307	1464921	18344.1138138	-58.82968939922091	96.481395
5956.63034954	2850	4.0	6.931029822540778	1483527	10931.0298225	-26.953428236925344	95.602302
5966.90691957	2850	4.0	6.27657002575337	1231456	10276.5700258	-24.139251110739487	92.485503
5979.95960208	2850	4.0	9.052682512118116	1364537	13052.6825121	-36.07653480210789	97.895096

