1489.821361070119	750	4.0	1.3915974527875299	450283	1391.5974527875298	-5.233869046986379	64.858346
1491.1326876140206	750	6.688673456098364	0.0	398865	1311.3265439016354	0.75	57.017244
1492.5582509553476	750	9.26311011477146	0.0	350812	1425.5633413269038	0.75	60.430767
1494.0295558071339	750	11.791805262985298	0.0	382355	1471.3048517861628	0.75	55.551349
1496.362771370513	1200	13.458589699606309	0.0	652874	2333.215563378989	0.75	64.23322
1498.973146940721	1850	14.848214129397945	0.0	801058	2610.3755702083636	1.2000000000000002	86.249306
1502.206788716262	1850	15.614572353857167	0.0	905515	3233.641775540778	1.85	94.086702
1505.1361462250259	1850	16.685214845093363	0.0	1060487	2929.357508763804	1.85	90.155937
1509.2268600006469	2850	16.594501069472244	0.0	1348011	4090.713775621119	1.85	96.808308
1514.4680927226432	2850	15.35326834747591	0.0	1429765	5241.232721996335	2.85	94.962414
1519.4947880930954	2850	14.326572977023556	0.0	1354548	5026.695370452353	2.85	95.957675
1526.6449983180478	2850	11.176362752071261	0.0	1519951	7150.210224952293	2.85	92.483401
1531.738522367894	2850	10.08283870222503	0.0	1422919	5093.524049846232	2.85	93.510922
1536.3885404442856	1850	9.432820625833443	0.0	1036454	4650.018076391586	0.8500000000000001	80.875505
1539.339401151033	1850	10.48195991908627	0.0	821631	2950.8607067471735	1.85	78.494849
1542.9167065861652	1850	10.904654483953996	0.0	923170	3577.3054351322744	1.85	83.7301
1546.6660920557676	1850	11.155269014351669	0.0	966699	3749.3854696023277	1.85	86.226021
1550.4053504205613	1850	11.416010649558102	0.0	885714	3739.2583647935667	1.85	85.258591
1554.684047260422	1850	11.137313809697309	0.0	987708	4278.696839860792	1.85	79.995224
1558.3162203782356	1850	11.505140691883602	0.0	923755	3632.173117813707	1.85	86.363677
1562.0258438663795	1850	11.795517203739895	0.0	891604	3709.6234881437063	1.85	81.773294
1565.7090406202208	1850	12.112320449898434	0.0	955231	3683.19675384146	1.85	79.031768
1569.3113768113774	1850	12.509984258741703	0.0	968026	3602.3361911567317	1.85	73.123347
1572.1542761042135	1850	13.66708496590568	0.0	874175	2842.8992928360226	1.85	80.700778
1575.4711709108697	1850	14.350190159249419	0.0	897976	3316.894806656262	1.85	86.994267
1578.5318596706625	1850	15.289501399456642	0.0	905935	3060.688759792776	1.85	89.133614
1583.6735186279539	2850	14.147842442165164	0.0	1547572	5141.658957291478	1.85	97.509012
1588.4277069084717	2850	13.39365416164753	0.0	1141971	4754.188280517632	2.85	93.311238
1593.9332547563963	2850	11.888106313722766	0.0	1498470	5505.547847924768	2.85	96.041687
1599.3726230567102	2850	10.448738013409045	0.0	1561263	5439.3683003137185	2.85	96.863845
1603.4828530064992	2850	10.338508063620205	0.0	1341201	4110.22994978884	2.85	94.816085
1609.7239782705244	2850	8.097382799594895	0.0	1497683	6241.125264025311	2.85	92.910185
1615.627489442289	2850	6.193871627830145	0.0	1358081	5903.5111717647505	2.85	95.193139
1619.3302270472775	1850	6.491134022841641	0.0	1035329	3702.737604988503	0.8500000000000001	71.430146
1622.5521098813265	1850	7.269251188792675	0.0	1026056	3221.8828340489654	1.85	97.037422
1626.0869677081753	1850	7.734393361943879	0.0	943942	3534.8578268487963	1.85	90.168439
1629.1878805346523	1850	8.633480535466786	0.0	728962	3100.912826477093	1.85	86.066994
1636.5713997142323	1850	5.249961355887063	0.0	938587	7383.519179579724	1.85	86.593761
1638.7306187560373	750	7.090742314081957	0.0	378327	2159.2190418051046	-0.3500000000000001	62.32333
1640.4090845606327	750	9.41227650948635	0.0	390680	1678.4658045956085	0.75	61.525566
1641.883511737278	750	11.937849332841195	0.0	345516	1474.4271766451543	0.75	79.583372
1643.5968609231347	750	14.224500146984441	0.0	384505	1713.3491858567545	0.75	64.443828
1645.2445856549775	750	16.57677541514159	0.0	372093	1647.7247318428508	0.75	58.879512
1647.1889700044972	750	18.63239106562207	0.0	438281	1944.3843495195224	0.75	62.327504
1653.0396984860017	2850	16.781662584117463	0.0	1464921	5850.72848150461	0.75	96.481395
1658.0939293237968	2850	15.72743174632227	0.0	1483527	5054.23083779519	2.85	95.602302
1663.73098411627	2850	14.090376953849226	0.0	1231456	5637.054792473043	2.85	92.485503
1673.4230461429688	4300	8.398314927150459	0.0	2155012	9692.062026698768	2.8499999999999996	99.974274

