19754.4240561	750	4.0	1.256359210868177	450283	1256.35921087	-4.652344606733161	64.858346
19758.7732592	2850	4.0	0.3492031218916336	1431809	4349.20312189	-0.7515734241340244	90.683379
19764.1669807	2850	4.0	1.3937214525279833	1300868	5393.72145253	-3.143002245870328	90.483169
19769.6634901	2850	4.0	1.4965094121285447	1520281	5496.50941213	-3.5849904721527417	89.788956
19775.9592646	2850	4.0	2.2957745360201827	1472558	6295.77453602	-7.021830504886786	85.928154
19780.1953282	2850	4.0	0.23606358408223696	1224260	4236.06358408	1.8349265884463812	94.229141
19785.337824	2850	4.0	1.14249583947693	1388403	5142.49583948	-2.0627321097507987	97.582873
19789.2567437	2850	4.081080310536721	0.0	1638769	3918.91968946	2.85	97.908255
19792.360796	2850	4.977028060279814	0.0	1348011	3104.05225026	2.85	96.808308
19796.374251	2850	4.963573026425205	0.0	1429765	4013.45503385	2.85	94.962414
19800.3422853	2850	4.995538724237238	0.0	1354548	3968.03430219	2.85	95.957675
19805.3545305	2850	4.0	0.016706434781639475	1519951	5012.24515902	2.7781623304389504	92.483401
19809.2662711	2850	4.088259378613161	0.0	1422919	3911.74062139	2.85	93.510922
19813.4711635	2850	4.0	0.11663303812368576	1578343	4204.89241674	2.3484779360681514	91.568178
19816.7704159	2850	4.700747595505161	0.0	1231445	3299.25240449	2.85	88.830113
19824.0317367	2850	4.0	2.560573201702583	1471065	7261.32079721	-8.160464767321105	93.514387
19830.5698721	2850	4.0	2.538135416582535	1491626	6538.13541658	-8.063982291304901	94.650033
19853.7401919	2850	4.0	19.170319807357853	1358801	23170.3198074	-79.58237517163877	92.142023
19869.3829029	2850	4.0	11.64271094028802	1537156	15642.7109403	-47.21365704323848	89.30989
19875.7767413	2850	4.0	2.393838434269046	1336050	6393.83843427	-7.443505267356899	93.680429
19884.00594	2850	4.0	4.2291986528827925	1415116	8229.19865288	-15.335554207396006	90.785318
19895.9550829	2850	4.0	7.949142933094599	1468126	11949.1429331	-31.331314612306777	89.398189
19906.2414951	2850	4.0	6.286412232605015	1505760	10286.4122326	-24.181572600201562	85.954529
19923.5702766	2850	4.0	13.328781443905507	1323990	17328.7814439	-54.46376020879368	89.320458
19938.2123527	2850	4.0	10.642076104339742	1383735	14642.0761043	-42.91092724866088	93.348429
19951.5644905	2850	4.0	9.352137830544816	1480464	13352.1378305	-37.36419267134271	97.271626
19963.0259441	2850	4.0	7.4614535648211495	1547572	11461.4535648	-29.234250328730937	97.509012
19969.4873002	2850	4.0	2.4613561332190166	1141971	6461.35613322	-7.733831372841772	93.311238
19978.9983933	2850	4.0	5.511093100264137	1498470	9511.09310026	-20.847700331135787	96.041687
19986.9526405	2850	4.0	3.9542471978638924	1561263	7954.24719786	-14.153262950814737	96.863845
19994.1275425	2850	4.0	3.174901959576766	1341201	7174.90195958	-10.802078426180092	94.816085
20001.7637581	2850	4.0	3.636215671905042	1497683	7636.21567191	-12.78572738919168	92.910185
20010.1807763	2850	4.0	4.4170181905576	1358081	8417.01819056	-16.143178219397676	95.193139
20021.4856767	2850	4.0	7.304900327081674	1587293	11304.9003271	-28.561071406451195	81.858634
20032.0723896	2850	4.0	6.58671296106067	1492672	10586.7129611	-25.472865732560876	99.177905
20038.0786241	2850	4.0	2.0062344577467313	1439896	6006.23445775	-5.776808168310945	97.217465
20041.4902295	2850	4.588394566338065	0.0	1139291	3411.60543366	2.85	93.825455
20047.5258171	2850	4.0	1.4471929743892442	1499009	6035.58754073	-3.37292978987375	93.982147
20053.0866824	2850	4.0	1.560865384751416	1427478	5560.86538475	-3.861721154431088	90.92969
20058.7431766	2850	4.0	1.6564941706593481	1402287	5656.49417066	-4.272924933835197	91.34334
20063.6995479	2850	4.0	0.9563712536266666	1339500	4956.37125363	-1.2623963905946662	97.297482
20068.7575434	2850	4.0	1.0579955657656392	1527299	5057.99556577	-1.6993809327922489	92.902955
20071.8505712	2850	4.9069721897983305	0.0	1343002	3093.0278102	2.85	87.659279
20075.4678562	2850	5.2896872695133546	0.0	1587250	3617.28492028	2.85	95.172719
20079.7375314	2850	5.020012015358212	0.0	1464921	4269.67525416	2.85	96.481395
20084.6563751	2850	4.101168369068706	0.0	1483527	4918.84364629	2.85	95.602302
20088.4700874	2850	4.287456062570229	0.0	1231456	3813.7123065	2.85	92.485503
20092.0478543	2850	4.7096891001686165	0.0	1364537	3577.7669624	2.85	97.895096

