35679.45519146061	750	4.0	5.84241140162946	450283	5842.41140163	-24.372369027006677	64.858346
35690.34562432602	2850	4.0	6.890432865409984	1431809	10890.4328654	-28.87886132126293	90.683379
35698.21195192391	2850	4.0	3.8663275978924987	1300868	7866.32759789	-13.775208670937745	90.483169
35707.25626038821	2850	4.0	5.044308464294795	1520281	9044.30846429	-18.840526396467613	89.788956
35723.39682563916	2850	4.0	12.140565250949637	1472558	16140.5652509	-49.354430579083434	85.928154
35739.99509455431	2850	4.0	12.598268915153028	1224260	16598.2689152	-51.32255633515802	94.229141
35752.86686605207	2850	4.0	8.87177149775619	1388403	12871.7714978	-35.29861744035162	97.582873
35763.28458876386	2850	4.0	6.417722711792471	1638769	10417.7227118	-24.746207660707622	97.908255
35770.420239713436	2850	4.0	3.135650949577958	1348011	7135.65094958	-10.63329908318522	96.808308
35781.155949152846	2850	4.0	6.735709439415243	1429765	10735.7094394	-26.11355058948554	94.962414
35792.33897721331	2850	4.0	7.183028060461035	1354548	11183.0280605	-28.037020659982446	95.957675
35802.51113381772	2850	4.0	6.172156604416001	1519951	10172.1566044	-23.6902733989888	92.483401
35812.13447551738	2850	4.0	5.623341699656096	1422919	9623.34169966	-21.33036930852121	93.510922
35827.30148798697	2850	4.0	11.167012469595198	1578343	15167.0124696	-45.16815361925935	91.568178
35834.487627773764	2850	4.0	3.1861397867841386	1231445	7186.13978678	-10.850401083171796	88.830113
35842.9288924711	2850	4.0	4.44126469733581	1471065	8441.26469734	-16.247438198543982	93.514387
35859.33648031035	2850	4.0	12.407587839248677	1491626	16407.5878392	-50.50262770876931	94.650033
35874.95709747333	2850	4.0	11.620617162984008	1358801	15620.617163	-47.11865380083123	92.142023
35889.87100880617	2850	4.0	10.913911332840437	1537156	14913.9113328	-44.07981873121388	89.30989
35918.54207143578	2850	4.0	24.671062629611328	1336050	28671.0626296	-103.2355693073287	93.680429
35942.404875603745	2850	4.0	19.862804167961745	1415116	23862.804168	-82.5600579222355	90.785318
35968.21179974069	2850	4.0	21.80692413694637	1468126	25806.9241369	-90.91977378886939	89.398189
35990.66450905212	2850	4.0	18.452709311430983	1505760	22452.7093114	-76.49665003915322	85.954529
36003.66727168835	2850	4.0	9.002762636227919	1323990	13002.7626362	-35.861879335780046	89.320458
36012.667749751075	2850	4.0	5.000478062725893	1383735	9000.47806273	-18.65205566972134	93.348429
36021.71440380892	2850	4.0	5.046654057838645	1480464	9046.65405784	-18.850612448706173	97.271626
36033.60502235657	2850	4.0	7.890618547656184	1547572	11890.6185477	-31.079659754921593	97.509012
36051.768653312065	2850	4.0	14.163630955496945	1141971	18163.6309555	-58.05361310863686	93.311238
36066.713153249286	2850	4.0	10.944499937218781	1498470	14944.4999372	-44.21134973004076	96.041687
36076.92497769483	2850	4.0	6.211824445540962	1561263	10211.8244455	-23.860845115826134	96.863845
36084.88248437848	2850	4.0	3.957506683657533	1341201	7957.50668366	-14.167278739727392	94.816085
36095.33104307502	2850	4.0	6.448558696536338	1497683	10448.5586965	-24.878802395106252	92.910185
36105.13181325379	2850	4.0	5.800770178774008	1358081	9800.77017877	-22.09331176872823	95.193139
36116.98313481106	2850	4.0	7.851321557267261	1587293	11851.3215573	-30.910682696249218	81.858634
36127.12655526866	2850	4.0	6.143420457601833	1492672	10143.4204576	-23.56670796768788	99.177905
36140.51897767525	2850	4.0	9.392422406589159	1439896	13392.4224066	-37.53741634833338	97.217465
36148.6137562059	2850	4.0	4.094778530651528	1139291	8094.77853065	-14.75754768180157	93.825455
36157.09853130355	2850	4.0	4.4847750976434	1499009	8484.77509764	-16.43453291986662	93.982147
36166.93773699535	2850	4.0	5.839205691809604	1427478	9839.20569181	-22.258584474781294	90.92969
36187.33003296006	2850	4.0	16.392295964705383	1402287	20392.2959647	-67.63687264823315	91.34334
36198.89158433936	2850	4.0	7.5615513793100035	1339500	11561.5513793	-29.664670931033015	97.297482
36222.322179443596	2850	4.0	19.43059510423057	1527299	23430.5951042	-80.70155894819145	92.902955
36253.754960855724	2850	4.0	27.43278141212522	1343002	31432.7814121	-115.11096007213844	87.659279
36270.667167068015	2850	4.0	12.912206212291734	1587250	16912.2062123	-52.67248671285445	95.172719
36304.01008953354	2850	4.0	29.342922465533587	1464921	33342.9224655	-123.32456660179442	96.481395
36317.92145569027	2850	4.0	9.91136615672476	1483527	13911.3661567	-39.76887447391647	95.602302
36326.706475120925	2850	4.0	4.785019430648819	1231456	8785.01943065	-17.72558355178992	92.485503
36334.97829366051	2850	4.0	4.27181853959199	1364537	8271.81853959	-15.518819720245558	97.895096

