3460.86040917	750	4.0	1.464606764188326	450283	1464.60676419	-5.547809086009802	64.858346
3465.53820342	2850	4.0	0.6777942456285018	1431809	4677.79424563	-2.1645152562025576	90.683379
3469.62870852	2850	4.0	0.09050510752673017	1300868	4090.50510753	2.46082803763506	90.483169
3474.27794208	2850	4.0	0.6492335615730935	1520281	4649.23356157	0.05829568523569817	89.788956
3480.02221992	2850	4.0	1.7442778361257023	1472558	5744.27783613	-4.65039469534052	85.928154
3483.84140969	2850	4.180810227115359	0.0	1224260	3819.18977288	2.85	94.229141
3488.89855678	2850	4.0	0.8763368576823041	1388403	5057.1470848	-0.9182484880339072	97.582873
3498.73313592	2850	4.0	5.834579145645423	1638769	9834.57914565	-22.238690326275314	97.908255
3504.12428946	2850	4.0	1.3911535373730959	1348011	5391.15353737	-3.1319602107043116	96.808308
3510.70254211	2850	4.0	2.5782526454957444	1429765	6578.2526455	-8.236486375631701	94.962414
3516.44105524	2850	4.0	1.738513130502246	1354548	5738.5131305	-4.6256064611596575	95.957675
3522.84932073	2850	4.0	2.408265491875508	1519951	6408.26549188	-7.5055416150646845	92.483401
3528.43930326	2850	4.0	1.5899825353082762	1422919	5589.98253531	-3.9869249018255872	93.510922
3534.3023717	2850	4.0	1.8630684360844207	1578343	5863.06843608	-5.161194275163009	91.568178
3539.12466666	2850	4.0	0.822294955374894	1231445	4822.29495537	-0.685868308112044	88.830113
3544.57700713	2850	4.0	1.452340477595999	1471065	5452.3404776	-3.395064053662795	93.514387
3550.03250635	2850	4.0	1.4554992149438357	1491626	5455.49921494	-3.4086466242584934	94.650033
3558.6506945	2850	4.0	4.6181881465506525	1358801	8618.18814655	-17.008209030167805	92.142023
3566.73349996	2850	4.0	4.082805466204858	1537156	8082.8054662	-14.70606350468089	89.30989
3578.17334591	2850	4.0	7.439845953118958	1336050	11439.8459531	-29.141337598411518	93.680429
3588.99153365	2850	4.0	6.818187736880621	1415116	10818.1877369	-26.46820726858667	90.785318
3597.12208673	2850	4.0	4.130553082402958	1468126	8130.5530824	-14.91137825433272	89.398189
3606.86039148	2850	4.0	5.738304747423061	1505760	9738.30474742	-21.82471041391916	85.954529
3615.08041168	2850	4.0	4.220020196596808	1323990	8220.0201966	-15.296086845366274	89.320458
3642.63491952	2850	4.0	23.554507846440963	1383735	27554.5078464	-98.43438373969614	93.348429
3668.52274664	2850	4.0	21.887827112404075	1480464	25887.8271124	-91.26765658333753	97.271626
3680.38846876	2850	4.0	7.865722122309028	1547572	11865.7221223	-30.972605125928816	97.509012
3691.96065032	2850	4.0	7.572181556768682	1141971	11572.1815568	-29.710380694105332	93.311238
3698.72183549	2850	4.0	2.7611851747490563	1498470	6761.18517475	-9.023096251420942	96.041687
3707.83652866	2850	4.0	5.1146931672080465	1561263	9114.69316721	-19.1431806189946	96.863845
3712.86775898	2850	4.0	1.0312303183238691	1341201	5031.23031832	-1.584290368792637	94.816085
3718.67357513	2850	4.0	1.805816156161818	1497683	5805.81615616	-4.915009471495818	92.910185
3724.34714235	2850	4.0	1.6735672184365102	1358081	5673.56721844	-4.3463390392769945	95.193139
3730.28790931	2850	4.0	1.940766962564182	1587293	5940.76696256	-5.495297939025983	81.858634
3735.87568975	2850	4.0	1.5877804327758558	1492672	5587.78043278	-3.9774558609361796	99.177905
3740.5809429	2850	4.0	0.7052531502965285	1439896	4705.2531503	-0.18258854627507226	97.217465
3744.19146843	2850	4.389474469184708	0.0	1139291	3610.52553082	2.85	93.825455
3749.1385402	2850	4.0	0.5575973068142211	1499009	4947.071776	0.45233158069884905	93.982147
3754.37902427	2850	4.0	1.240484065715853	1427478	5240.48406572	-2.484081482578167	90.92969
3758.86484399	2850	4.0	0.48581971970705035	1402287	4485.81971971	0.7609752052596837	91.34334
3764.83362947	2850	4.0	1.9687854804291973	1339500	5968.78548043	-5.615777565845548	97.297482
3773.2958611	2850	4.0	4.462231628856069	1527299	8462.23162886	-16.337596004081092	92.902955
3778.7845292	2850	4.0	1.4886681041270213	1343002	5488.66810413	-3.551272847746191	87.659279
3785.97937917	2850	4.0	3.1948499697443777	1587250	7194.84996974	-10.887854869900824	95.172719
3792.17703593	2850	4.0	2.1976567628290358	1464921	6197.65676283	-6.599924080164854	96.481395
3798.48808492	2850	4.0	2.311048980953645	1483527	6311.04898095	-7.087510618100673	95.602302
3803.29728169	2850	4.0	0.8091967759134059	1231456	4809.19677591	-0.6295461364276451	92.485503
3808.26656239	2850	4.0	0.9692806954016414	1364537	4969.2806954	-1.317906990227058	97.895096

