3754.1616534361547	750	4.0	1.7282306058808998	450283	1728.2306058809	2.5010070129537283	64.858346
3756.9430543056587	1200	5.218599130495685	0.0	611087	2781.400869504315	57.97033059622316	69.839987
3759.4906323088226	1200	6.671021127331826	0.0	571051	2547.57800316386	60.77622417883262	73.587374
3762.0016487597004	1200	8.160004676454038	0.0	617681	2511.016450877787	51.81297205080018	69.474665
3764.0291209735487	1850	10.132532462605672	0.0	996749	2027.4722138483664	63.023488927640194	75.455188
3768.076746569617	4300	10.08490686653716	0.0	1941625	4047.625596068511	89.3039441075627	99.966631
3770.087216388719	1850	12.074437047435824	0.0	905515	2010.469819101336	70.78191483629948	94.086702
3772.256060703351	1850	13.905592732803361	0.0	1060487	2168.8443146324635	69.52100643540265	90.155937
3774.09013917435	1850	16.071514261804232	0.0	852833	1834.0784709991285	73.76293677284315	90.218296
3778.1455778784125	4300	16.016075557742038	0.0	2169201	4055.438704062194	84.91371148271256	99.974277
3782.3283819608205	4300	15.833271475334188	0.0	2173522	4182.804082407851	82.00670469691224	99.974276
3786.933355052347	4300	15.228298383807967	0.0	2102452	4604.973091526221	82.00670919252909	99.974279
3792.8273799696126	4300	13.334273466541871	0.0	2209463	5894.024917266096	82.0067025749145	99.974276
3796.654756447629	2850	13.506896988525506	0.0	1578343	3827.376478016365	65.96871163589404	91.568178
3801.799912600636	4300	12.361740835518383	0.0	2005399	5145.156153007124	84.5114861822293	99.974278
3806.2650629898767	2850	11.896590446277937	0.0	1471065	4465.150389240447	69.68188160661003	93.514387
3808.6648136503322	1850	13.496839785822187	0.0	966699	2399.7506604557484	62.63034538518419	86.226021
3810.8114101494875	1850	15.350243286667135	0.0	885714	2146.596499155052	68.51753380735349	85.258591
3812.877182014797	1850	17.28447142135729	0.0	987708	2065.771865309848	59.5019982027586	79.995224
3818.480558181226	2850	15.681095254928515	0.0	1336050	5603.376166428773	80.7542416931492	93.680429
3821.45803209445	1850	16.703621341704537	0.0	891604	2977.4739132239765	53.95881730109347	81.773294
3824.338840767376	1850	17.82281266877844	0.0	955231	2880.8086729260995	61.361716707876674	79.031768
3826.4361933959276	1850	19.7254600402269	0.0	968026	2097.3526285515422	52.99779644730492	73.123347
3831.1395122330023	4300	19.022141203152497	0.0	2044075	4703.318837074402	90.00752124923568	99.974278
3833.961047237868	2850	20.200606198286465	0.0	1383735	2821.5350048660284	69.36525034338877	93.348429
3838.205484402122	4300	19.956169034032307	0.0	2105231	4244.437164254159	83.98102086969507	99.974277
3844.0090711482158	4300	18.152582287938323	0.0	2395588	5803.586746093985	82.00670774968486	99.974278
3849.923443003576	4300	16.23821043257848	0.0	1972048	5914.3718553598455	82.00670859658595	99.974279
3853.5613682365956	2850	16.600285199558545	0.0	1498470	3637.9252330199347	74.50371613979215	96.041687
3857.525591226973	2850	16.636062209181407	0.0	1561263	3964.2229903771345	79.61745802436349	96.863845
3862.856782717409	4300	15.304870718746086	0.0	2113193	5331.1914904353225	82.93352916987143	99.974279
3868.107060433395	2850	14.054593002760127	0.0	1497683	5250.27771598596	68.5291235679372	92.910185
3872.426578562236	1850	13.735074873918903	0.0	885062	4319.518128841224	65.76644013120372	87.533761
3876.38287936856	1850	13.7787740675945	0.0	1035329	3956.300806324403	40.74673334445304	71.430146
3881.690767186639	1850	12.47088624951599	0.0	1026056	5307.887818078509	87.14972085184226	97.037422
3884.630191929955	1850	13.531461506200037	0.0	943942	2939.4247433159517	66.4141484151412	90.168439
3886.2349375175263	1850	15.92671591862909	0.0	728962	1604.745587570948	65.87698482373372	86.066994
3892.814913705371	4300	13.346739730784378	0.0	2147467	6579.976187844712	86.15068141568369	99.974277
3903.405470895565	2850	6.756182540590304	0.0	1427478	10590.557190194075	64.75053933884979	90.92969
3907.8151937918974	1200	6.346459644258042	0.0	587506	4409.722896332261	39.92202058096557	72.886388
3909.2072042762725	750	8.954449159882985	0.0	345516	1392.0104843750569	66.73313750009174	79.583372
3913.8390835912937	1850	8.322569844862027	0.0	1025005	4631.879315020957	71.25588594817646	85.276808
3916.795178128854	1850	9.366475307301709	0.0	886255	2956.0945375603196	57.32324393169883	78.86339
3918.6766792280646	1850	11.484974208091117	0.0	973972	1881.5010992105936	70.98000474499611	84.84845
3923.194341694016	4300	10.96731174213963	0.0	2124950	4517.662465951486	86.51377516203763	99.974279
3927.9403690632703	4300	10.221284372885352	0.0	2246506	4746.0273692542805	82.00670944348704	99.97428
3931.595287843731	4300	10.566365592424459	0.0	1961140	3654.918780460893	82.00670914551549	99.97428
3935.6428912423785	4300	10.518762193777409	0.0	2155012	4047.6033986470507	82.00669769811569	99.974274

