17679.767282688194	750	4.0	3.383176362969059	450283	3383.176362969059	-13.797658360766953	64.858346
17685.37199093196	750	4.0	1.6047082437637228	398865	5604.708243763723	-6.150245448184008	57.017244
17688.086727142494	750	5.285263789462408	0.0	350812	2714.7362105375923	0.75	60.430767
17690.719069195784	750	6.652921736170149	0.0	382355	2632.3420532922587	0.75	55.551349
17694.01911954813	750	7.35287138382561	0.0	411561	3300.050352344539	0.75	51.003805
17696.60357944088	750	8.768411491075703	0.0	318564	2584.459892749907	0.75	62.986308
17699.667362751636	750	9.704628180319153	0.0	352642	3063.7833107565516	0.75	81.00828
17704.453297595017	750	8.918693336939329	0.0	437162	4785.934843379824	0.75	69.475262
17709.96666654906	750	7.4053243828978275	0.0	374758	5513.368954041501	0.75	70.789292
17712.598654554487	750	8.773336377470038	0.0	362795	2631.98800542779	0.75	64.786022
17715.074728523057	750	10.297262408898039	0.0	353220	2476.073968571998	0.75	70.008689
17717.811442071335	750	11.56054886061684	0.0	405134	2736.7135482812	0.75	59.00323
17720.451997572098	750	12.919993359855834	0.0	386351	2640.555500761006	0.75	59.358241
17723.86416830178	750	13.507822630173552	0.0	434409	3412.1707296822824	0.75	56.692976
17726.871413721143	750	14.500577210807736	0.0	337059	3007.245419365817	0.75	54.76216
17729.205307495846	750	16.166683436103924	0.0	366214	2333.893774703812	0.75	58.858709
17731.361790436313	750	18.010200495637445	0.0	360831	2156.482940466479	0.75	60.531124
17733.937909598706	750	19.434081333245715	0.0	372963	2576.11916239173	0.75	69.564049
17736.714711910747	750	20.65727902120444	0.0	405596	2776.8023120412745	0.75	60.564875
17739.215636781217	750	22.156354150734163	0.0	350713	2500.9248704702795	0.75	67.172129
17743.269187456084	1200	22.102803475867272	0.0	601738	4053.550674866887	0.75	74.235946
17747.55864478202	1200	21.81334614992915	0.0	616206	4289.457325938124	1.2	68.532883
17750.468678720576	750	22.90331221137508	0.0	401853	2910.0339385540674	0.3	47.960406
17753.16578300071	750	24.20620793124028	0.0	343800	2697.104280134802	0.75	55.451197
17755.621325219865	750	25.750665712083883	0.0	359903	2455.542219156397	0.75	66.786337
17760.50698252708	750	24.865008404868423	0.0	379700	4885.6573072154615	0.75	66.676537
17764.685555956552	750	24.686434975395507	0.0	425781	4178.5734294729145	0.75	65.665965
17767.043087966333	750	26.32890296561592	0.0	277716	2357.5320097795834	0.75	68.231907
17772.656635209198	750	24.715355722749294	0.0	400396	5613.547242866631	0.75	69.601487
17775.56377106511	750	25.808219866840975	0.0	400508	2907.1358559083155	0.75	67.821489
17778.058169688196	750	27.313821243753186	0.0	358218	2494.3986230877936	0.75	64.789531
17781.33138492254	750	28.040606009407696	0.0	400322	3273.2152343454854	0.75	60.651768
17784.464724997208	750	28.9072659347424	0.0	369834	3133.3400746652956	0.75	68.369339
17787.980898035716	750	29.391092896235193	0.0	412837	3516.173038507208	0.75	49.996929
17793.9853120553	750	27.386678876649032	0.0	401088	6004.414019586163	0.75	69.915275
17797.71906865716	750	27.652922274790697	0.0	365161	3733.7566018583334	0.75	60.276519
17800.039472061555	750	29.33251887039617	0.0	321064	2320.403404394524	0.75	67.040505
17802.512280114188	750	30.859710817761705	0.0	361565	2472.808052634467	0.75	66.788635
17804.95901041934	750	32.41298051260891	0.0	378327	2446.7303051527915	0.75	62.32333
17807.836806292704	750	33.53518463924469	0.0	390680	2877.795873364221	0.75	61.525566
17810.548143378845	750	34.82384755310274	0.0	345516	2711.3370861419507	0.75	79.583372
17813.900972842985	750	35.47101808896453	0.0	384505	3352.8294641382095	0.75	64.443828
17816.155940157238	750	37.21605077471027	0.0	372093	2254.9673142542592	0.75	58.879512
17818.849905639854	750	38.52208529209449	0.0	438281	2693.965482615776	0.75	62.327504
17821.699712638318	750	39.67227829362775	0.0	398987	2849.806998466735	0.75	63.729239
17824.362126590368	750	41.009864341579046	0.0	393804	2662.4139520487106	0.75	62.845425
17826.702387084322	750	42.66960384762365	0.0	331053	2340.260493955396	0.75	60.678126
17830.42947410958	1200	42.94251682236754	0.0	550906	3727.0870252561144	0.75	86.366143

