15985.542501683522	750	4.0	6.619212714537035	450283	6619.212714537035	-27.71261467250925	64.858346
15987.653464027773	300	5.8890376557490836	0.0	155580	2110.9623442509164	-0.15000000000000002	18.412623
15989.459526031564	300	8.082975651959863	0.0	139857	1806.0620037892206	0.3	17.596212
15992.177113942678	300	9.365387740844167	0.0	155432	2717.587911115697	0.3	19.997309
15994.79328214641	300	10.749219537113932	0.0	163442	2616.1682037302335	0.3	16.877619
15996.392335580966	300	13.150166102556996	0.0	126289	1599.0534345569358	0.3	18.579568
15998.416058631512	300	15.126443052010968	0.0	153295	2023.723050546029	0.3	42.291519
16001.612648689776	300	15.929852993747614	0.0	173849	3196.590058263353	0.3	35.451274
16004.634228242889	300	16.9082734406336	0.0	150710	3021.579553114015	0.3	28.497356
16006.510906330239	300	19.03159535328397	0.0	139105	1876.6780873496273	0.3	21.660501
16008.847163868162	300	20.695337815359544	0.0	141840	2336.2575379244277	0.3	2.177717
16010.86548250796	300	22.67701917556383	0.0	156148	2018.3186397957147	0.3	19.431299
16012.92747785008	300	24.615023833442507	0.0	160746	2061.9953421213213	0.3	21.445722
16017.997862702076	750	23.54463898144593	0.0	434409	5070.384851996578	0.3	56.692976
16021.810958591044	750	23.731543092477082	0.0	337059	3813.095888968852	0.75	54.76216
16024.766788194944	750	24.775713488576912	0.0	366214	2955.829603900168	0.75	58.858709
16028.588719166137	750	24.95378251738194	0.0	360831	3821.9309711949704	0.75	60.531124
16031.887423353746	750	25.65507832977309	0.0	372963	3298.704187608853	0.75	69.564049
16035.112367650663	750	26.430134032855758	0.0	405596	3224.9442969173338	0.75	60.564875
16039.354268944642	1200	26.188232738877957	0.0	586839	4241.9012939777995	0.75	79.134663
16043.958282167843	1200	25.584219515676512	0.0	601738	4604.013223201443	1.2	74.235946
16048.906812986079	1200	24.63568869743909	0.0	616206	4948.530818237422	1.2	68.532883
16055.32288837807	1200	22.219613305447997	0.0	656471	6416.075391991093	1.2	63.455907
16061.222142912571	1200	20.32035877094809	0.0	536667	5899.254534499909	1.2	68.420849
16070.676500641748	1200	14.866001041769351	0.0	587236	9454.357729178737	1.2	78.698824
16076.806929266342	750	12.735572417174666	0.0	379700	6130.428624594686	0.3	66.676537
16081.260444687881	750	12.282056995637813	0.0	425781	4453.515421536853	0.75	65.665965
16083.439526562595	750	14.102975120922235	0.0	277716	2179.081874715578	0.75	68.231907
16086.625141010325	750	14.917360673192034	0.0	400396	3185.6144477302014	0.75	69.601487
16091.37414458922	750	14.168357094298182	0.0	400508	4749.00357889385	0.75	67.821489
16096.823520004498	750	12.718981679019933	0.0	358218	5449.37541527825	0.75	64.789531
16102.138313495032	750	11.404188188485422	0.0	400322	5314.79349053451	0.75	60.651768
16106.640021620398	750	10.902480063119542	0.0	369834	4501.70812536588	0.75	68.369339
16111.407077183165	750	10.13542450035398	0.0	412837	4767.055562765564	0.75	49.996929
16115.803452661063	750	9.739049022455827	0.0	401088	4396.375477898153	0.75	69.915275
16119.906608079715	750	9.635893603804945	0.0	365161	4103.155418650882	0.75	60.276519
16124.68866124347	750	8.85384044004848	0.0	321064	4782.053163756465	0.75	67.040505
16130.268463234637	750	7.274038448882701	0.0	361565	5579.801991165778	0.75	66.788635
16132.749606339952	300	8.792895343567158	0.0	144254	2481.1431053155416	-0.15000000000000002	12.774971
16135.03303808732	300	10.50946359619878	0.0	149991	2283.431747368381	0.3	17.21265
16136.99152194885	300	12.550979734668786	0.0	147968	1958.4838615299927	0.3	5.263918
16139.13406961642	300	14.40843206709813	0.0	161857	2142.547667570657	0.3	26.901789
16141.253994116156	300	16.28850756736283	0.0	145210	2119.924499735297	0.3	23.926655
16143.556933203894	300	17.985568479624348	0.0	172312	2302.939087738482	0.3	26.146503
16149.001789452634	750	16.540712230886925	0.0	398987	5444.856248737421	0.3	63.729239
16154.902743319732	750	14.639758363788168	0.0	393804	5900.953867098757	0.75	62.845425
16164.700099520547	1200	8.842402162971156	0.0	538612	9797.356200817012	0.75	74.51099
16173.778319367266	750	4.0	0.23581768374625972	314107	9078.219846717417	-0.7140160401089166	75.210559

