12245.010312	750	4.0	1.8471370276969283	450283	1847.1370277	-7.192689219096792	64.858346
12251.4734243	2850	4.0	2.463112306780695	1431809	6463.11230678	-9.841382919156988	90.683379
12257.1830536	2850	4.0	1.7096292638587673	1300868	5709.62926386	-4.501405834592699	90.483169
12262.7827772	2850	4.0	1.5997236230924072	1520281	5599.72362309	-4.028811579297351	89.788956
12269.2963302	2850	4.0	2.513553047233142	1472558	6513.55304723	-7.958278103102511	85.928154
12274.9866197	2850	4.0	1.6902894312250947	1224260	5690.28943123	-4.418244554267906	94.229141
12280.5381125	2850	4.0	1.551492842934442	1388403	5551.49284293	-3.8214192246180994	97.582873
12286.2871377	2850	4.0	1.7490252466482799	1638769	5749.02524665	-4.670808560587602	97.908255
12291.3617549	2850	4.0	1.0746171881865567	1348011	5074.61718819	-1.7708539092021938	96.808308
12296.7789269	2850	4.0	1.4171720043872273	1429765	5417.17200439	-3.2438396188650773	94.962414
12301.8155694	2850	4.0	1.0366424579142086	1354548	5036.64245791	-1.607562569031097	95.957675
12308.6971533	2850	4.0	2.881583953757924	1519951	6881.58395376	-9.540811001159074	92.483401
12315.5036795	2850	4.0	2.806526144375375	1422919	6806.52614438	-9.218062420814112	93.510922
12322.7258091	2850	4.0	3.2221296503689163	1578343	7222.12965037	-11.00515749658634	91.568178
12327.8518709	2850	4.0	1.1260617786482454	1231445	5126.06177865	-1.9920656481874546	88.830113
12334.5865391	2850	4.0	2.7346681497660046	1471065	6734.66814977	-8.90907304399382	93.514387
12342.2652141	2850	4.0	3.6786750211874852	1491626	7678.67502119	-12.968302591106186	94.650033
12354.7254541	2850	4.0	8.460240009093578	1358801	12460.2400091	-33.52903203910238	92.142023
12372.7792548	2850	4.0	14.053800696863258	1537156	18053.8006969	-57.58134299651201	89.30989
12385.6896179	2850	4.0	8.910363121149375	1336050	12910.3631211	-35.46456142094231	93.680429
12395.8997163	2850	4.0	6.210098352544419	1415116	10210.0983525	-23.853422915941	90.785318
12407.9099257	2850	4.0	8.010209478559794	1468126	12010.2094786	-31.593900757807113	89.398189
12424.1706171	2850	4.0	12.260691315156281	1505760	16260.6913152	-49.870972655172004	85.954529
12436.2908455	2850	4.0	8.12022840929855	1323990	12120.2284093	-32.06698215998376	89.320458
12444.6043649	2850	4.0	4.313519397889835	1383735	8313.51939789	-15.69813341092629	93.348429
12457.399822	2850	4.0	8.79545708855896	1480464	12795.4570886	-34.970465480803526	97.271626
12468.7572825	2850	4.0	7.357460493349754	1547572	11357.4604933	-28.78708012140394	97.509012
12476.1217353	2850	4.0	3.36445288306096	1141971	7364.45288306	-11.617147397162128	93.311238
12485.1486813	2850	4.0	5.02694595832626	1498470	9026.94595833	-18.765867620802915	96.041687
12493.6269212	2850	4.0	4.478239909485106	1561263	8478.23990949	-16.406431610785955	96.863845
12503.0573434	2850	4.0	5.430422170209734	1341201	9430.42217021	-20.500815331901855	94.816085
12515.7655627	2850	4.0	8.708219306592499	1497683	12708.2193066	-34.59534301834774	92.910185
12526.1292871	2850	4.0	6.363724463648297	1358081	10363.7244636	-24.514015193687676	95.193139
12536.353343	2850	4.0	6.224055808772198	1587293	10224.0558088	-23.91343997772045	81.858634
12544.6342494	2850	4.0	4.280906484757415	1492672	8280.90648476	-15.557897884456887	99.177905
12550.8439478	2850	4.0	2.2096983908044256	1439896	6209.6983908	-6.651703080459031	97.217465
12555.3309805	2850	4.0	0.48703271696878253	1139291	4487.03271697	0.7557593170342352	93.825455
12561.270533	2850	4.0	1.9395524653867506	1499009	5939.55246539	-5.490075601163028	93.982147
12568.052356	2850	4.0	2.781822962637438	1427478	6781.82296264	-9.111838739340982	90.92969
12573.9129878	2850	4.0	1.8606317972027118	1402287	5860.6317972	-5.150716727971661	91.34334
12579.3236291	2850	4.0	1.410641362467677	1339500	5410.64136247	-3.215757858611011	97.297482
12584.9145514	2850	4.0	1.5909222328379364	1527299	5590.92223284	-3.990965601203126	92.902955
12589.6525039	2850	4.0	0.7379525771694725	1343002	4737.95257717	-0.3231960818287316	87.659279
12595.3483616	2850	4.0	1.6958576839894077	1587250	5695.85768399	-4.442188041154452	95.172719
12601.5636024	2850	4.0	2.215240770356033	1464921	6215.24077036	-6.675535312530942	96.481395
12608.5701211	2850	4.0	3.006518701863244	1483527	7006.51870186	-10.07803041801195	95.602302
12614.2121541	2850	4.0	1.6420329739491708	1231456	5642.03297395	-4.2107417879814335	92.485503
12620.3578105	2850	4.0	2.145656408843427	1364537	6145.65640884	-6.376322558026736	97.895096

