13775.187204337679	750	4.0	6.619212714537035	450283	6619.212714537035	-27.71261467250925	64.858346
13780.779339875635	750	4.0	1.592135537955176	398865	5592.135537955176	-6.096182813207257	57.017244
13783.153244602257	300	5.626095273377283	0.0	139857	2373.9047266227176	-0.15000000000000002	17.596212
13785.348680060648	300	7.43065981498778	0.0	155432	2195.435458389503	0.3	19.997309
13787.417464122955	300	9.361875752680671	0.0	163442	2068.7840623071093	0.3	16.877619
13789.200531988472	300	11.578807887164109	0.0	126289	1783.067865516562	0.3	18.579568
13792.74793468938	300	12.031405186256125	0.0	153295	3547.4027009079846	0.3	42.291519
13795.393671718257	300	13.385668157379197	0.0	173849	2645.737028876928	0.3	35.451274
13797.732806603552	300	15.046533272083998	0.0	150710	2339.1348852952	0.3	28.497356
13799.683956633142	300	17.095383242493128	0.0	139105	1951.1500295908702	0.3	21.660501
13801.499929662603	300	19.279410213032882	0.0	141840	1815.973029460246	0.3	2.177717
13803.504149241737	300	21.275190633898504	0.0	156148	2004.2195791343813	0.3	19.431299
13805.484278304513	300	23.295061571120282	0.0	160746	1980.1290627782216	0.3	21.445722
13807.479888351862	300	25.299451523772404	0.0	179801	1995.6100473478762	0.3	23.726678
13809.571994431453	300	27.20734544418184	0.0	140051	2092.106079590565	0.3	21.119447
13810.974975108651	300	29.804364766983525	0.0	138313	1402.9806771983122	0.3	19.984984
13812.086000472244	300	32.69333940339072	0.0	143509	1111.0253635928004	0.3	18.452936
13813.240509182506	300	35.53883069312862	0.0	150616	1154.5087102621128	0.3	35.116669
13817.381532012289	750	35.397807863345456	0.0	405596	4141.022829783153	0.3	60.564875
13820.599524008458	750	36.17981586717663	0.0	350713	3217.9919961688233	0.75	67.172129
13823.897186245216	750	36.88215363041826	0.0	386472	3297.6622367583664	0.75	62.777649
13826.679614495533	750	38.099725380101546	0.0	399894	2782.428250316715	0.75	55.443233
13829.845735749213	750	38.933604126420875	0.0	401853	3166.1212536806743	0.75	47.960406
13832.403767300779	750	40.37557257485418	0.0	343800	2558.031551566694	0.75	55.451197
13835.30617630055	750	41.473163575083134	0.0	359903	2902.408999771045	0.75	66.786337
13838.36924535708	750	42.410094518553414	0.0	379700	3063.06905652972	0.75	66.676537
13841.971605365177	750	42.807734510456136	0.0	425781	3602.360008097275	0.75	65.665965
13845.217274346825	750	43.562065528809065	0.0	277716	3245.6689816470757	0.75	68.231907
13849.590786273882	750	43.18855360175166	0.0	400396	4373.5119270574105	0.75	69.601487
13854.754014729557	750	42.02532514607521	0.0	400508	5163.2284556764425	0.75	67.821489
13861.169035354562	750	39.610304521069786	0.0	358218	6415.020625005422	0.75	64.789531
13863.705616015368	300	41.07372386026514	0.0	157488	2536.580660804651	-0.15000000000000002	17.795984
13866.333341321366	300	42.44599855426626	0.0	143881	2627.7253059988825	0.3	25.091594
13868.422164793463	300	44.357175082167885	0.0	163444	2088.823472098378	0.3	17.178658
13870.286095068506	300	46.49324480712466	0.0	179328	1863.9302750432264	0.3	28.893466
13871.828010472253	300	48.951329403378594	0.0	159914	1541.9154037460676	0.3	21.738399
13872.917385873438	300	51.86195400219536	0.0	131610	1089.3754011832375	0.3	28.4111
13873.88690778085	300	54.892432094782464	0.0	124011	969.5219074128929	0.3	21.943337
13876.902010836868	750	55.87732903876498	0.0	378327	3015.103056017489	0.3	62.32333
13881.316892428553	750	55.462447447079555	0.0	390680	4414.881591685425	0.75	61.525566
13886.619716367364	750	54.159623508269064	0.0	345516	5302.823938810489	0.75	79.583372
13891.912427452184	750	52.86691242344913	0.0	384505	5292.711084819931	0.75	64.443828
13893.619737737943	300	55.1596021376906	0.0	145210	1707.3102857585363	-0.15000000000000002	23.926655
13895.78792167556	300	56.99141820007422	0.0	172312	2168.183937616374	0.3	26.146503
13897.914689043568	300	58.86465083206544	0.0	167025	2126.7673680087737	0.3	26.908827
13900.861828812871	300	59.917511062762564	0.0	160064	1947.1397693028857	0.3	27.591437
13902.502709298378	300	59.90898937187428	0.0	137507	1508.5216908882883	0.3	25.36694
13904.162450758751	300	59.500298019996606	0.0	118421	1408.691351877668	0.3	36.062877

