8174.207400378841	750	4.0	2.287148895543779	450283	2287.148895543779	-9.084740250838248	64.858346
8175.234075655804	300	6.973324723036945	0.0	155580	1026.6752769630546	-0.15000000000000002	18.412623
8177.314455262115	750	8.892945116725517	0.0	350812	2080.379606311428	0.3	60.430767
8179.237107074716	750	10.970293304124837	0.0	382355	1922.6518126006792	0.75	55.551349
8182.399440004534	1200	11.807960374306699	0.0	652874	3162.3329298181397	0.75	64.23322
8184.93444013104	1200	13.27296024780054	0.0	520315	2535.000126506159	1.2	75.14582
8189.281868171286	1200	12.925532207555399	0.0	561791	4347.428040245141	1.2	89.177904
8197.827631899654	1200	8.379768479187321	0.0	709534	8545.763728368078	1.2	82.426144
8204.422038900682	750	5.785361478159306	0.0	374758	6594.407001028016	0.3	70.789292
8208.000294040949	300	6.207106337892383	0.0	139105	3578.2551402669237	-0.15000000000000002	21.660501
8211.861499420225	300	6.345900958616787	0.0	141840	3861.2053792755955	0.3	2.177717
8214.824017245579	300	7.3833831332631075	0.0	156148	2962.51782535368	0.3	19.431299
8217.596434418312	300	8.610965960529489	0.0	160746	2772.417172733618	0.3	21.445722
8220.4902049968	300	9.717195382040593	0.0	179801	2893.7705784888967	0.3	23.726678
8222.731948800436	300	11.475451578406005	0.0	140051	2241.743803634586	0.3	21.119447
8224.60780895901	300	13.599591419831636	0.0	138313	1875.8601585743693	0.3	19.984984
8226.650024517246	300	15.557375861595343	0.0	143509	2042.2155582362946	0.3	18.452936
8228.485520832812	300	17.72187954602992	0.0	150616	1835.4963155654204	0.3	35.116669
8230.788635817442	300	19.418764561399875	0.0	165384	2303.1149846300445	0.3	26.310814
8235.788813474252	750	18.418586904589894	0.0	350713	5000.177656809982	0.3	67.172129
8244.372833042367	750	13.8345673364734	0.0	386472	8584.019568116495	0.75	62.777649
8252.79749913245	750	9.409901246390588	0.0	399894	8424.666090082812	0.75	55.443233
8256.967194083878	300	9.240206294962075	0.0	163927	4169.6949514285125	-0.15000000000000002	16.837774
8260.500866452367	300	9.706533926472405	0.0	137654	3533.672368489669	0.3	6.466535
8263.542762216666	300	10.664638162172295	0.0	146754	3041.8957643001086	0.3	25.355956
8265.892338475562	300	12.315061903277384	0.0	153938	2349.5762588949137	0.3	22.855883
8267.546939649988	300	14.660460728850515	0.0	181901	1654.6011744268694	0.3	27.469573
8268.56793754654	300	17.639462832299017	0.0	111155	1020.9978965514965	0.3	12.138089
8269.893075531454	300	20.314324847385546	0.0	153605	1325.1379849134717	0.3	28.256686
8271.00786752547	300	23.199532853369057	0.0	149029	1114.7919940164898	0.3	23.365013
8274.851697794558	1200	23.355702584280642	0.0	570392	3843.8302690884134	0.29999999999999993	78.009495
8278.612697862234	1200	23.594702516605306	0.0	620283	3761.000067675336	1.2	72.909556
8282.18472035843	1200	24.022680020410473	0.0	584349	3572.0224961948343	1.2	79.771897
8286.090887812861	1200	24.11651256597786	0.0	670129	3906.1674544326115	1.2	62.28877
8292.539348997658	1200	21.66805138118056	0.0	690253	6448.4611847973	1.2	87.732581
8297.360320662574	1200	20.847079716264933	0.0	598727	4820.97166491563	1.2	77.763467
8302.740173621632	1200	19.46722675720597	0.0	487812	5379.85295905896	1.2	77.846693
8307.693732646994	1200	18.513667731845977	0.0	575591	4953.559025359997	1.2	77.292461
8313.190945380953	1200	17.016454997887315	0.0	605884	5497.212733958662	1.2	74.001829
8317.646787020523	1200	16.56061335831676	0.0	587506	4455.841639570553	1.2	72.886388
8325.487710191177	1200	12.71969018766323	0.0	566904	7840.92317065353	1.2	86.974261
8336.69477440858	1200	5.512625970260443	0.0	641452	11207.064217402787	1.2	75.706383
8339.406066221387	300	6.801334157453427	0.0	145210	2711.291812807017	-0.6000000000000001	23.926655
8342.737085034352	300	7.4703153444874015	0.0	172312	3331.0188129660255	0.3	26.146503
8346.290014877335	300	7.917385501504799	0.0	167025	3552.9298429826026	0.3	26.908827
8348.433413175839	300	9.773987203000233	0.0	160064	2143.3982985045654	0.3	27.591437
8349.676195355487	300	12.5312050233521	0.0	137507	1242.7821796481333	0.3	25.36694
8351.856133768315	750	14.351266610524714	0.0	314107	2179.9384128273864	0.3	75.210559

