8321.198116051788	750	4.0	4.277909780182569	450283	4277.909780182569	-17.64501205478505	64.858346
8325.027363297224	750	4.170752754563993	0.0	398865	3829.2472454360072	0.75	57.017244
8328.41566292131	750	4.782453130478489	0.0	350812	3388.2996240855045	0.75	60.430767
8331.391747741356	750	5.806368310431928	0.0	382355	2976.084820046561	0.75	55.551349
8334.231469242533	750	6.966646809255848	0.0	411561	2839.7215011760795	0.75	51.003805
8335.601282365364	750	9.596833686424695	0.0	318564	1369.813122831151	0.75	62.986308
8337.31532993029	750	11.88278612149863	0.0	352642	1714.0475649260666	0.75	81.00828
8340.23352303013	1200	12.964593021658391	0.0	709534	2918.193099840238	0.75	82.426144
8342.68175667161	1200	14.51635938017832	0.0	584846	2448.233641480071	1.2	82.430225
8345.676735899657	1200	15.52138015213216	0.0	560821	2994.97922804616	1.2	76.960357
8348.549413402543	1200	16.648702649245184	0.0	607410	2872.677502886974	1.2	82.096766
8351.132541917865	1200	18.065574133923572	0.0	594078	2583.128515321613	1.2	70.906301
8353.752235348154	1200	19.4458807036352	0.0	624282	2619.6934302883724	1.2	73.534048
8356.939288805745	1200	20.258827246045026	0.0	687371	3187.0534575901734	1.2	70.998108
8359.033859178364	1200	22.16425687342429	0.0	526950	2094.5703726207394	1.2	67.735752
8362.777272600288	1850	22.42084345150016	0.0	923170	3743.413421924129	1.2000000000000002	83.7301
8366.08596960265	1850	23.112146449138788	0.0	966699	3308.697002361372	1.85	86.226021
8370.03149324112	1850	23.166622810668756	0.0	885714	3945.523638470031	1.85	85.258591
8373.742534813517	1850	23.45558123827334	0.0	987708	3711.041572395419	1.85	79.995224
8377.6372729925	1850	23.560843059289088	0.0	923755	3894.7381789842507	1.85	86.363677
8380.483335710074	1850	24.714780341715347	0.0	891604	2846.0627175737377	1.85	81.773294
8383.063122158519	1850	26.13499389326898	0.0	955231	2579.786448446369	1.85	79.031768
8386.044570258327	1850	27.153545793462463	0.0	968026	2981.4480998065146	1.85	73.123347
8389.101026395321	1850	28.097089656468157	0.0	874175	3056.456136994309	1.85	80.700778
8392.123146837193	1850	29.07496921459531	0.0	897976	3022.1204418728466	1.85	86.994267
8395.06844594915	1850	30.129670102638116	0.0	905935	2945.299111957193	1.85	89.133614
8399.023148893586	1850	30.17496715820349	0.0	1076599	3954.702944434625	1.85	90.791041
8401.051911207607	1850	32.146204844182634	0.0	758197	2028.7623140208568	1.85	87.50057
8404.198612350887	1850	32.99950370090245	0.0	972798	3146.70114328018	1.85	88.832031
8407.50342263345	1850	33.69469341833958	0.0	975811	3304.8102825628685	1.85	89.334885
8410.81859832518	1850	34.37951772660953	0.0	873429	3315.175691730061	1.85	87.120667
8415.246901792065	1850	33.951214259724594	0.0	954453	4428.303466884934	1.85	83.67714
8418.368711405577	1850	34.82940464621226	0.0	885062	3121.8096135123233	1.85	87.533761
8420.933069500059	1850	36.26504655173007	0.0	1035329	2564.358094482184	1.85	71.430146
8424.635725018088	1850	36.562391033701964	0.0	1026056	3702.6555180281093	1.85	97.037422
8428.302147368116	1850	36.89596868367288	0.0	943942	3666.4223500290755	1.85	90.168439
8430.714176087691	1850	38.48393996409942	0.0	728962	2412.028719573466	1.85	86.066994
8433.484474748067	1850	39.7136413037232	0.0	938587	2770.2986603762292	1.85	86.593761
8436.29576959808	1850	40.90234645371142	0.0	908665	2811.294850011775	1.85	82.415248
8439.336284526336	1850	41.86183152545399	0.0	930577	3040.5149282574375	1.85	83.556577
8442.52400133006	1850	42.67411472172947	0.0	858450	3187.7168037245187	1.85	92.068418
8446.962569288706	1850	42.235546763084855	0.0	1025005	4438.567958644605	1.85	85.276808
8450.485334118717	1850	42.712781933074325	0.0	886255	3522.764830010538	1.85	78.86339
8453.881944616625	1850	43.316171435166204	0.0	973972	3396.6104979081197	1.85	84.84845
8457.08506167181	1850	44.11305437998069	0.0	958994	3203.1170551855125	1.85	87.119023
8461.679772398671	1850	43.518343653119835	0.0	982064	4594.710726860855	1.85	86.680563
8465.003364432283	1850	44.19475161950783	0.0	830730	3323.5920336120093	1.85	84.040637
8468.162172720014	1850	45.03594333177587	0.0	846370	3158.808287731958	1.85	92.020773

