14847.839443079061	750	4.0	1.9120480482224669	450283	1912.0480482224668	-7.471806607356607	64.858346
14848.570032259257	300	7.2694108198065255	0.0	155580	730.5891801934749	-0.15000000000000002	18.412623
14850.221237581753	750	9.618205497310392	0.0	350812	1651.2053224961335	0.3	60.430767
14854.552947589893	1200	9.28649548916979	0.0	617681	4331.710008140603	0.75	69.474665
14863.867243530387	1200	4.0	0.02780045132366831	652874	9314.295940493457	1.0804580593082262	64.23322
14864.84213468836	300	7.025108842025739	0.0	126289	974.8911579742605	-0.6000000000000001	18.579568
14867.741521676337	750	8.12572185404831	0.0	352642	2899.386987977429	0.3	81.00828
14871.952875846975	750	7.914367683411678	0.0	437162	4211.354170636632	0.75	69.475262
14874.171053587614	750	9.696189942771898	0.0	374758	2218.17774063978	0.75	70.789292
14877.403825881034	1200	10.46341764935209	0.0	560821	3232.7722934198073	0.75	76.960357
14880.242070692746	1200	11.625172837639544	0.0	607410	2838.2448117125464	1.2	82.096766
14884.926349000283	1850	10.940894530102987	0.0	917428	4684.278307536557	1.2000000000000002	82.202545
14889.891896919757	1200	9.97534661062884	0.0	624282	4965.547919474147	0.5499999999999999	73.534048
14896.371981623877	1200	7.4952619065087545	0.0	687371	6480.084704120085	1.2	70.998108
14901.355745195453	750	6.511498334933429	0.0	337059	4983.763571575326	0.3	54.76216
14904.649705565087	300	7.217537965297558	0.0	138313	3293.960369635871	-0.15000000000000002	19.984984
14912.809463552814	750	4.0	0.9422200224296439	360831	8159.757987727202	-3.751546096447469	60.531124
14915.065439337088	300	5.744024215726216	0.0	150616	2255.9757842737836	-0.15000000000000002	35.116669
14917.018844031401	300	7.79061952141226	0.0	165384	1953.4046943139558	0.3	26.310814
14919.8016344391	750	9.007829113712733	0.0	350713	2782.7904076995283	0.3	67.172129
14924.370157406493	1200	8.439306146319911	0.0	601738	4568.522967392822	0.75	74.235946
14928.361598833573	750	8.44786471923729	0.0	399894	3991.4414270826223	0.3	55.443233
14934.699835045234	750	6.109628507577287	0.0	401853	6338.236211660003	0.75	47.960406
14936.231833358152	300	8.577630194658205	0.0	137654	1531.9983129190819	-0.15000000000000002	6.466535
14940.13565063977	750	8.673812913039736	0.0	359903	3903.8172816184688	0.3	66.786337
14942.90131857378	750	9.908144979030007	0.0	379700	2765.667934009729	0.75	66.676537
14946.201019075002	1200	10.608444477807524	0.0	696376	3299.7005012224845	0.75	80.745588
14948.394433241929	1200	12.415030310882909	0.0	487160	2193.414166924615	1.2	80.893459
14953.166084560155	1850	11.643378992656897	0.0	972798	4771.6513182260105	1.2000000000000002	88.832031
14957.173612111666	1850	11.635851441142808	0.0	975811	4007.52755151409	1.85	89.334885
14960.752803731304	1850	12.056659821506834	0.0	873429	3579.1916196359734	1.85	87.120667
14964.821600228144	1850	11.98786332466654	0.0	954453	4068.796496840294	1.85	83.67714
14968.671486338755	1850	12.137977214055878	0.0	885062	3849.886110610662	1.85	87.533761
14973.236129179886	1850	11.573334372924736	0.0	1035329	4564.642841131143	1.85	71.430146
14987.063233266068	1850	4.0	2.2537697132574777	1026056	13827.104086182213	-7.841209767007154	97.037422
14989.021887440531	300	6.041345825537242	0.0	159914	1958.6541744627586	-1.25	21.738399
14990.461770260854	300	8.601463005213624	0.0	131610	1439.8828203236171	0.3	28.4111
14993.819236475854	750	9.243996790212972	0.0	361565	3357.466215000652	0.3	66.788635
14997.097001212012	1200	9.966232054055302	0.0	605884	3277.7647361576687	0.75	74.001829
15000.3340267834	1200	10.72920648266883	0.0	587506	3237.025571386472	1.2	72.886388
15003.344135737863	1200	11.71909752820561	0.0	566904	3010.1089544632214	1.2	86.974261
15008.379297919495	1850	10.683935346572424	0.0	1025005	5035.162181633186	1.2000000000000002	85.276808
15011.147741741055	1200	11.915491525011888	0.0	599477	2768.4438215605355	0.5499999999999999	71.343181
15016.740833197506	1850	10.322400068561631	0.0	973972	5593.091456450258	1.2000000000000002	84.84845
15020.221575518382	1200	10.841657747685055	0.0	630203	3480.742320876575	0.5499999999999999	77.745919
15023.705519793488	1200	11.357713472580551	0.0	638661	3483.9442751045035	1.2	77.309224
15028.718480821903	1850	10.34475244416755	0.0	830730	5012.961028413001	1.2000000000000002	84.040637
15031.710355999627	1200	11.35287726644336	0.0	550906	2991.87517772419	0.5499999999999999	86.366143

