62384.18668436704	750	4.0	6.865112348267744	450283	6865.11234827	-28.7699830975513	64.858346
62399.58174407165	2850	4.0	11.395059704601557	1431809	15395.0597046	-48.24875672978669	90.683379
62418.31701948554	2850	4.0	14.73527541389419	1300868	18735.2754139	-60.51168427974501	90.483169
62462.232079487985	2850	4.0	39.9150600024458	1520281	43915.0600024	-168.78475801051692	89.788956
62487.33843568787	2850	4.0	21.106356199880743	1472558	25106.3561999	-87.9073316594872	85.928154
62490.188832337255	2850	5.149603350618229	0.0	1224260	2850.39664938	2.85	94.229141
62493.05275270811	2850	6.285682979762754	0.0	1388403	2863.92037086	2.85	97.582873
62496.650224146935	2850	6.688211540939579	0.0	1638769	3597.47143882	2.85	97.908255
62499.7051639964	2850	7.633271691473822	0.0	1348011	3054.93984947	2.85	96.808308
62503.04009067793	2850	8.298345009936986	0.0	1429765	3334.92668154	2.85	94.962414
62505.92040438492	2850	9.418031302946904	0.0	1354548	2880.31370699	2.85	95.957675
62509.16129446113	2850	10.177141226730859	0.0	1519951	3240.89007622	2.85	92.483401
62512.11254140432	2850	11.225894283542544	0.0	1422919	2951.24694319	2.85	93.510922
62515.37091279847	2850	11.967522889392464	0.0	1578343	3258.37139415	2.85	91.568178
62518.181865658116	2850	13.156570029746518	0.0	1231445	2810.95285965	2.85	88.830113
62521.78263170198	2850	13.555803985892608	0.0	1471065	3600.76604385	2.85	93.514387
62525.41618003261	2850	13.92225565525701	0.0	1491626	3633.54833064	2.85	94.650033
62528.41045257851	2850	14.92798310936125	0.0	1358801	2994.2725459	2.85	92.142023
62532.047177270855	2850	15.291258417016959	0.0	1537156	3636.72469234	2.85	89.30989
62534.87477742254	2850	16.463658265330864	0.0	1336050	2827.60015169	2.85	93.680429
62537.943681796605	2850	17.394753891266884	0.0	1415116	3068.90437406	2.85	90.785318
62541.70848767259	2850	17.629948015280444	0.0	1468126	3764.80587599	2.85	89.398189
62545.399900851226	2850	17.93853483664135	0.0	1505760	3691.41317864	2.85	85.954529
62548.83210392601	2850	18.506331761858476	0.0	1323990	3432.20307478	2.85	89.320458
62551.882699899725	2850	19.45573578814586	0.0	1383735	3050.59597371	2.85	93.348429
62554.98017729332	2850	20.358258394551438	0.0	1480464	3097.47739359	2.85	97.271626
62560.201477968745	2850	19.136957719127953	0.0	1547572	5221.30067542	2.85	97.509012
62564.909913465235	2850	18.428522222642474	0.0	1141971	4708.43549649	2.85	93.311238
62572.949120451834	2850	14.389315236038932	0.0	1498470	8039.2069866	2.85	96.041687
62580.0367412071	2850	11.301694480775819	0.0	1561263	7087.62075526	2.85	96.863845
62585.47247139104	2850	9.865964296836031	0.0	1341201	5435.73018394	2.85	94.816085
62590.982008196734	2850	8.356427491139778	0.0	1497683	5509.5368057	2.85	92.910185
62594.72800546014	2850	8.61043022773317	0.0	1358081	3745.99726341	2.85	95.193139
62599.66016137739	2850	7.678274310482087	0.0	1587293	4932.15591725	2.85	81.858634
62604.8180238401	2850	6.520411847776312	0.0	1492672	5157.86246271	2.85	99.177905
62610.4579310253	2850	4.880504662572004	0.0	1439896	5639.9071852	2.85	97.217465
62614.91129050089	2850	4.427145186992462	0.0	1139291	4453.35947558	2.85	93.825455
62627.87490472248	2850	4.0	8.536469034596275	1499009	12963.6142216	-33.85681684876398	93.982147
62643.0384073609	2850	4.0	11.163502638427207	1427478	15163.5026384	-45.153061345236985	90.92969
62670.842800792576	2850	4.0	23.804393431674562	1402287	27804.3934317	-99.50889175620061	91.34334
62705.75751049151	2850	4.0	30.914709698929713	1339500	34914.7096989	-130.08325170539777	97.297482
62728.422789770404	2850	4.0	18.665279278900016	1527299	22665.2792789	-77.41070089927007	92.902955
62731.49519433365	2850	4.927595436749563	0.0	1343002	3072.40456325	2.85	87.659279
62734.761496968255	2850	5.661292802145192	0.0	1587250	3266.3026346	2.85	95.172719
62738.14491676307	2850	6.277873007335054	0.0	1464921	3383.41979481	2.85	96.481395
62741.32939279567	2850	7.093396974732064	0.0	1483527	3184.4760326	2.85	95.602302
62744.25157319075	2850	8.17121657965289	0.0	1231456	2922.18039508	2.85	92.485503
62747.11057512475	2850	9.312214645647208	0.0	1364537	2859.00193401	2.85	97.895096

