10937.700224526332	750	4.0	4.316718207694552	450283	4316.718207694552	-17.81188829308657	64.858346
10938.495632554737	300	7.204591971595131	0.0	155580	795.4080284048688	-0.15000000000000002	18.412623
10942.034381827827	1200	7.665842698505159	0.0	571051	3538.7492730899717	0.29999999999999993	73.587374
10947.302751953433	1200	6.397472572898031	0.0	617681	5268.370125607128	1.2	69.474665
10953.252500927925	1200	4.4477235984062125	0.0	652874	5949.748974491818	1.2	64.23322
10955.157449751328	300	6.542774775002261	0.0	126289	1904.9488234039513	-0.6000000000000001	18.579568
10963.781472910654	1200	4.0	2.081248384322869	561791	8624.02315932513	-8.649368052588336	89.177904
10965.919733126613	300	5.861739784041267	0.0	173849	2138.2602159587327	-0.6000000000000001	35.451274
10967.959766785381	300	7.821706125272913	0.0	150710	2040.0336587683544	0.3	28.497356
10969.440086904571	300	10.341386006084234	0.0	139105	1480.320119188679	0.3	21.660501
10972.88138180047	750	10.900091110185135	0.0	353220	3441.2948958990987	0.3	70.008689
10976.750315843201	750	11.031157067453295	0.0	405134	3868.9340427318416	0.75	59.00323
10978.281025276974	300	13.500447633679736	0.0	160746	1530.7094337735582	-0.15000000000000002	21.445722
10982.423850836638	750	13.3576220740151	0.0	434409	4142.825559664636	0.3	56.692976
10983.821589095583	300	15.959883815070887	0.0	140051	1397.7382589442122	-0.15000000000000002	21.119447
10987.944830562488	750	15.836642348164384	0.0	366214	4123.241466906505	0.3	58.858709
10991.359908511693	300	16.42156439896036	0.0	143509	3415.077949204024	-0.15000000000000002	18.452936
10993.510887872895	300	18.270585037757133	0.0	150616	2150.979361203225	0.3	35.116669
10995.208152344068	300	20.57332056658422	0.0	165384	1697.264471172914	0.3	26.310814
10999.63008159215	750	20.1513913185019	0.0	350713	4421.929248082318	0.3	67.172129
11002.095396853278	300	21.68607605737507	0.0	157671	2465.3152611268297	-0.15000000000000002	28.807059
11004.879908184323	300	22.90156472632845	0.0	157812	2784.511331046624	0.3	21.07483
11007.032421648686	300	24.74905126196459	0.0	163927	2152.5134643638607	0.3	16.837774
11013.668005139258	750	22.113467771392877	0.0	343800	6635.583490571715	0.3	55.451197
11015.409355638074	300	24.37211727257622	0.0	146754	1741.350498816657	-0.15000000000000002	25.355956
11017.273974164813	300	26.507498745836763	0.0	153938	1864.6185267394576	0.3	22.855883
11022.115738433544	750	25.665734477107005	0.0	425781	4841.7642687297575	0.3	65.665965
11025.995289305853	750	25.786183604797216	0.0	277716	3879.55087230979	0.75	68.231907
11030.424972436598	750	25.356500474052798	0.0	400396	4429.683130744419	0.75	69.601487
11033.753429325887	750	26.028043584763687	0.0	400508	3328.45688928911	0.75	67.821489
11036.453563145522	750	27.32790976512797	0.0	358218	2700.1338196357183	0.75	64.789531
11042.134619528666	1200	25.646853381983885	0.0	620283	5681.056383144085	0.75	72.909556
11046.235787371881	1200	25.545685538768353	0.0	584349	4101.167843215532	1.2	79.771897
11051.205970544037	1200	24.575502366612767	0.0	670129	4970.183172155588	1.2	62.28877
11055.710457251038	1200	24.071015659610392	0.0	690253	4504.4867070023765	1.2	87.732581
11059.193661549663	1200	24.587811360986404	0.0	598727	3483.2042986239853	1.2	77.763467
11062.352119617557	1200	25.42935329309215	0.0	487812	3158.4580678942566	1.2	77.846693
11066.111836267391	1200	25.669636643257498	0.0	575591	3759.716649834652	1.2	77.292461
11069.705005395655	1200	26.0764675149939	0.0	605884	3593.1691282635975	1.2	74.001829
11074.55001714292	1850	25.23145576772881	0.0	930577	4845.011747265089	1.2000000000000002	83.556577
11078.98168232097	1850	24.79979058967869	0.0	858450	4431.66517805012	1.85	92.068418
11083.963062516163	1850	23.818410394486563	0.0	1025005	4981.380195192129	1.85	85.276808
11088.095331810982	1850	23.686141099665505	0.0	886255	4132.269294821057	1.85	78.86339
11093.405519708414	1850	22.375953202234257	0.0	973972	5310.1878974312485	1.85	84.84845
11099.619575092338	1850	20.16189781830942	0.0	958994	6214.055383924838	1.85	87.119023
11109.61441633643	1850	14.167056574218078	0.0	982064	9994.84124409134	1.85	86.680563
11114.087534462473	1850	13.69393844817561	0.0	830730	4473.11812604247	1.85	84.040637
11118.01119690481	1850	13.770276005837504	0.0	846370	3923.662442338105	1.85	92.020773

