7400.383166529306	750	4.0	1.4326655545084757	450283	1432.6655545084757	-5.410461884386445	64.858346
7400.938504749522	300	7.444661779784371	0.0	155580	555.3382202156292	-0.15000000000000002	18.412623
7402.230620328158	750	10.152546201148091	0.0	350812	1292.1155786362808	0.3	60.430767
7404.684031636444	1200	11.69913489286229	0.0	617681	2453.4113082858	0.75	69.474665
7409.701278688014	1850	10.681887841291339	0.0	996749	5017.247051570952	1.2000000000000002	75.455188
7411.4602212459	1200	12.922945283405298	0.0	520315	1758.9425578860419	0.5499999999999999	75.14582
7414.239420841491	1850	14.14374568781543	0.0	905515	2779.1995955898683	1.2000000000000002	94.086702
7419.493884441273	2850	12.88928208803387	0.0	1638769	5254.46359978156	1.85	97.908255
7422.426386744886	1850	13.956779784419483	0.0	852833	2932.502303614386	0.8500000000000001	90.218296
7429.044726653065	2850	11.338439876241392	0.0	1429765	6618.339908178093	1.85	94.962414
7432.721940296691	1850	11.661226232615482	0.0	939819	3677.21364362591	0.8500000000000001	89.239922
7436.230232108984	1850	12.152934420322097	0.0	917428	3508.2918122933843	1.85	82.202545
7439.381439349734	1850	13.001727179572061	0.0	946851	3151.207240750036	1.85	83.629776
7444.608242933317	2850	11.774923595988982	0.0	1578343	5226.803583583081	1.85	91.568178
7447.4161536123165	1850	12.96701291698937	0.0	821631	2807.9106789996117	0.8500000000000001	78.494849
7452.507824303792	1850	11.875342225513226	0.0	923170	5091.6706914761435	1.85	83.7301
7455.715088086518	1850	12.668078442787511	0.0	966699	3207.2637827257154	1.85	86.226021
7458.459288683222	1850	13.923877846083306	0.0	885714	2744.200596704205	1.85	85.258591
7463.337245949294	2850	13.045920580012597	0.0	1537156	4877.957266070709	1.85	89.30989
7467.809118353075	2850	12.574048176231177	0.0	1336050	4471.872403781419	2.85	93.680429
7472.260135951922	1850	12.123030577384077	0.0	891604	4451.0175988471	0.8500000000000001	81.773294
7476.405873260717	1850	11.977293268589293	0.0	955231	4145.737308794785	1.85	79.031768
7479.975880091254	1850	12.40728643805259	0.0	968026	3570.0068305367013	1.85	73.123347
7483.0617491516605	1850	13.321417377645938	0.0	874175	3085.869060406653	1.85	80.700778
7487.612244692911	2850	12.770921836394434	0.0	1383735	4550.495541251503	1.85	93.348429
7490.56607355631	1850	13.817092972996251	0.0	905935	2953.8288633981824	0.8500000000000001	89.133614
7497.853664093158	2850	10.529502436147252	0.0	1547572	7287.590536848998	1.85	97.509012
7499.477541453599	1200	12.905625075706846	0.0	487160	1623.8773604404066	-0.44999999999999996	80.893459
7502.560014737609	1850	13.823151791697459	0.0	972798	3082.473284009388	1.2000000000000002	88.832031
7507.467663439358	2850	12.915503089947816	0.0	1561263	4907.648701749643	1.85	96.863845
7510.521901201287	1850	13.861265328020304	0.0	873429	3054.237761927512	0.8500000000000001	87.120667
7516.802707456585	2850	11.580459072721588	0.0	1497683	6280.806255298715	1.85	92.910185
7520.740209603709	1850	11.642956925596996	0.0	885062	3937.5021471245914	0.8500000000000001	87.533761
7524.539525034192	1850	11.843641495113946	0.0	1035329	3799.31543048305	1.85	71.430146
7528.129272108696	1850	12.253894420610877	0.0	1026056	3589.747074503069	1.85	97.037422
7531.161632134161	1850	13.22153439514568	0.0	943942	3032.360025465197	1.85	90.168439
7534.98694376869	2850	13.396222760616743	0.0	1139291	3825.3116345289363	1.85	93.825455
7542.101092270769	2850	10.282074258538074	0.0	1499009	7114.1485020786695	2.85	93.982147
7544.110585843732	1200	12.272580685574443	0.0	605884	2009.4935729636309	-0.44999999999999996	74.001829
7547.0723682275775	1850	13.31079830172931	0.0	930577	2961.7823838451336	1.2000000000000002	83.556577
7551.265252884611	2850	13.117913644695582	0.0	1339500	4192.884657033729	1.85	97.297482
7556.375358199926	2850	12.007808329381117	0.0	1527299	5110.105315314466	2.85	92.902955
7560.2035926202125	1850	12.179573909094831	0.0	886255	3828.234420286284	0.8500000000000001	78.86339
7564.867061054527	1850	11.51610547478102	0.0	973972	4663.468434313813	1.85	84.84845
7568.346821158583	1850	12.036345370724714	0.0	958994	3479.760104056306	1.85	87.119023
7571.958823103115	1850	12.424343426193387	0.0	982064	3612.001944531326	1.85	86.680563
7574.622552370536	1850	13.760614158772636	0.0	830730	2663.7292674207506	1.85	84.040637
7579.192306350342	2850	13.19086017896661	0.0	1364537	4569.753979806025	1.85	97.895096

