13368.400688828713	750	4.0	1.7041197936685797	450283	1704.1197936685796	-6.577715112774892	64.858346
13369.083264047269	300	7.317424781443746	0.0	155580	682.5752185562537	-0.15000000000000002	18.412623
13370.789249160822	750	9.611439667890561	0.0	350812	1705.9851135531835	0.3	60.430767
13373.678570141414	1200	10.722118687299583	0.0	617681	2889.3209805909787	0.75	69.474665
13376.83113069452	1200	11.569558134194425	0.0	652874	3152.5605531051565	1.2	64.23322
13379.955837641763	1850	12.444851186950906	0.0	801058	3124.7069472435205	1.2000000000000002	86.249306
13383.730508898265	1850	12.670179930448663	0.0	905515	3774.671256502242	1.85	94.086702
13388.525819724646	1850	11.874869104068942	0.0	1060487	4795.31082637972	1.85	90.155937
13391.798058302764	1850	12.60263052595006	0.0	852833	3272.2385781188823	1.85	90.218296
13397.323260539883	1850	11.077428288831426	0.0	913888	5525.202237118634	1.85	86.733288
13400.981490718852	1850	11.4191981098615	0.0	939819	3658.2301789699263	1.85	89.239922
13404.760545670411	1850	11.640143158303937	0.0	917428	3779.054951557562	1.85	82.202545
13407.233521958735	1850	13.167166869979186	0.0	946851	2472.9762883247513	1.85	83.629776
13412.089369647449	2850	12.311319181265054	0.0	1578343	4855.847688714133	1.85	91.568178
13414.947984098431	1850	13.45270473028349	0.0	821631	2858.614450981564	0.8500000000000001	78.494849
13421.74894361835	2850	10.65174521036428	0.0	1471065	6800.959519919208	1.85	93.514387
13423.911747116581	1200	12.488941712133295	0.0	617242	2162.8034982309846	-0.44999999999999996	75.662786
13427.005546505748	1850	13.395142322964093	0.0	885714	3093.799389169203	1.2000000000000002	85.258591
13432.744514718617	2850	11.656174110096268	0.0	1537156	5738.968212867824	1.85	89.30989
13436.841904020032	1850	11.55878480868085	0.0	923755	4097.389301415418	0.8500000000000001	86.363677
13440.160700187444	1850	12.239988641269251	0.0	891604	3318.7961674115977	1.85	81.773294
13443.03947190639	1850	13.36121692232133	0.0	955231	2878.771718947922	1.85	79.031768
13448.13466411817	2850	12.266024710540208	0.0	1505760	5095.192211781121	1.85	85.954529
13452.156463176436	1850	12.244225652274743	0.0	874175	4021.799058265466	0.8500000000000001	80.700778
13456.373943100982	1850	12.026745727730766	0.0	897976	4217.479924543976	1.85	86.994267
13463.04639809143	1850	9.35429073728211	0.0	905935	6672.454990448657	1.85	89.133614
13468.098258606567	1200	8.302430222144343	0.0	696376	5051.860515137767	0.5499999999999999	80.745588
13470.667085832252	750	9.73360299645885	0.0	277716	2568.8272256854925	0.3	68.231907
13476.498480470807	1200	7.902208357904539	0.0	622896	5831.394638554312	0.75	80.053124
13480.131241917199	750	8.269446911513414	0.0	400508	3632.7614463911245	0.3	67.821489
13482.442012978383	750	9.95867585032945	0.0	358218	2310.771061183964	0.75	64.789531
13485.954209284426	1200	10.446479544284834	0.0	620283	3512.196306044618	0.75	72.909556
13489.067623708132	1200	11.333065120581017	0.0	584349	3113.414423703817	1.2	79.771897
13494.10383380549	1850	10.296855023220838	0.0	1035329	5036.210097360179	1.2000000000000002	71.430146
13504.344318348198	1200	4.056370480513943	0.0	690253	10240.484542706896	0.5499999999999999	87.732581
13505.67067503316	300	6.730013795551966	0.0	159914	1326.3566849619765	-0.6000000000000001	21.738399
13506.892262965604	300	9.50842586310651	0.0	131610	1221.5879324454575	0.3	28.4111
13510.93713656536	1200	9.463552263349762	0.0	575591	4044.873599756748	0.29999999999999993	77.292461
13515.139457969668	1200	9.261230859043321	0.0	605884	4202.321404306443	1.2	74.001829
13517.649046763083	1200	10.751642065626903	0.0	587506	2509.588793416417	1.2	72.886388
13519.480474036784	1200	12.920214791927773	0.0	566904	1831.427273699131	1.2	86.974261
13523.056093071606	1850	13.344595757105036	0.0	1025005	3575.6190348227356	1.2000000000000002	85.276808
13527.302693395259	2850	13.097995433452049	0.0	1343002	4246.60032365299	1.85	87.659279
13531.124297665321	2850	13.276391163391258	0.0	1587250	3821.6042700607914	2.85	95.172719
13535.448428631495	2850	12.952260197217573	0.0	1464921	4324.130966173684	2.85	96.481395
13539.095565365316	1850	13.305123463394755	0.0	982064	3647.136733822817	0.8500000000000001	86.680563
13543.809208218247	2850	12.591480610464775	0.0	1231456	4713.642852929981	1.85	92.485503
13549.629864436718	1850	10.770824391992868	0.0	846370	5820.656218471905	0.8500000000000001	92.020773

