13510.754505712579	750	4.0	1.6132241480558394	450283	1613.2241480558394	0.5	-6.186863836640109	64.858346
13513.249407791007	1200	5.50509792157064	0.0	611087	2494.90207842936	0.5	0.75	69.839987
13515.80913134355	1200	6.945374369027047	0.0	571051	2559.723552543593	0.5	1.2	73.587374
13518.539081577905	1200	8.215424134673114	0.0	617681	2729.950234353933	0.5	1.2	69.474665
13522.660580569065	1850	8.093925143513003	0.0	996749	4121.4989911601115	0.5	1.2000000000000002	75.455188
13525.098501141523	1850	9.65600457105325	0.0	801058	2437.920572459752	0.5	1.85	86.249306
13527.841656621404	1850	10.912849091173172	0.0	905515	2743.1554798800794	0.5	1.85	94.086702
13531.673299598426	1850	11.08120611415225	0.0	1060487	3831.6429770209215	0.5	1.85	90.155937
13535.658178742053	1850	11.096326970524215	0.0	852833	3984.8791436280353	0.5	1.85	90.218296
13539.944711253362	1850	10.809794459215142	0.0	913888	4286.532511309073	0.5	1.85	86.733288
13547.006489493278	1850	7.748016219299001	0.0	939819	7061.778239916141	0.5	1.85	89.239922
13551.40903465206	1200	7.345471060518009	0.0	594078	4402.545158780992	0.5	0.5499999999999999	70.906301
13554.806008244164	750	7.9484974684139615	0.0	386351	3396.9735921040474	0.5	0.3	59.358241
13558.882926206083	750	7.871579506495256	0.0	434409	4076.9179619187053	0.5	0.75	56.692976
13562.016158544271	750	8.738347168306387	0.0	337059	3133.2323381888687	0.5	0.75	54.76216
13564.922610839369	750	9.831894873208462	0.0	366214	2906.452295097925	0.5	0.75	58.858709
13566.766026897376	750	11.988478815200212	0.0	360831	1843.4160580082523	0.5	0.75	60.531124
13569.079405341752	750	13.67510037082566	0.0	372963	2313.378444374549	0.5	0.75	69.564049
13571.303755494437	750	15.450750218141325	0.0	405596	2224.3501526843356	0.5	0.75	60.564875
13574.055192305195	1200	16.699313407382302	0.0	586839	2751.436810759023	0.5	0.75	79.134663
13577.029081982539	1200	17.72542373003973	0.0	601738	2973.8896773425745	0.5	1.2	74.235946
13586.474962212875	1200	12.279543499702418	0.0	616206	9445.88023033731	0.5	1.2	68.532883
13590.06780646868	750	12.686699243896783	0.0	401853	3592.8442558056354	0.5	0.3	47.960406
13592.32342491076	750	14.431080801815618	0.0	343800	2255.618442081164	0.5	0.75	55.451197
13594.924943604294	750	15.82956210828357	0.0	359903	2601.5186935320494	0.5	0.75	66.786337
13597.756695307862	750	16.99781040471574	0.0	379700	2831.7517035678306	0.5	0.75	66.676537
13599.962531574518	750	18.79197413806105	0.0	425781	2205.8362666546914	0.5	0.75	65.665965
13601.072746874403	750	21.68175883817594	0.0	277716	1110.2152998851107	0.5	0.75	68.231907
13602.379401041835	750	24.37510467074315	0.0	400396	1306.6541674327934	0.5	0.75	69.601487
13605.734500032462	1850	25.02000568011689	0.0	975811	3355.098990626262	0.5	0.75	89.334885
13608.793328047153	1850	25.96117766542635	0.0	873429	3058.828014690536	0.5	1.85	87.120667
13611.52735497637	1850	27.2271507362105	0.0	954453	2734.026929215853	0.5	1.85	83.67714
13614.771181677002	2850	27.98332403557684	0.0	1358081	3243.826700633662	0.5	1.85	95.193139
13619.756338242258	2850	26.99816747032291	0.0	1587293	4985.156565253929	0.5	2.85	81.858634
13625.469212948476	2850	25.28529276410401	0.0	1492672	5712.8747062188995	0.5	2.85	99.177905
13635.343641701204	2850	19.410864011376013	0.0	1439896	9874.428752727998	0.5	2.85	97.217465
13641.929301371154	2850	16.825204341425298	0.0	1139291	6585.659669950712	0.5	2.85	93.825455
13646.299176029439	1850	16.455329683140626	0.0	938587	4369.874658284672	0.5	0.8500000000000001	86.593761
13649.265774740614	1200	17.488730971965378	0.0	605884	2966.598711175245	0.5	0.5499999999999999	74.001829
13651.299897312363	1200	19.454608400216	0.0	587506	2034.122571749379	0.5	1.2	72.886388
13654.02135125294	1200	20.733154459637948	0.0	566904	2721.453940578053	0.5	1.2	86.974261
13658.400129556454	1850	20.35437615612372	0.0	1025005	4378.778303514228	0.5	1.2000000000000002	85.276808
13662.002807514305	1850	20.751698198271836	0.0	886255	3602.677957851884	0.5	1.85	78.86339
13665.993615136604	1850	20.760890575974656	0.0	973972	3990.8076222971804	0.5	1.85	84.84845
13671.45512568732	2850	19.299380025258593	0.0	1464921	5461.510550716063	0.5	1.85	96.481395
13676.732101325057	2850	18.022404387520258	0.0	1483527	5276.975637738335	0.5	2.85	95.602302
13682.80450909827	4300	15.949996614306878	0.0	1961140	6072.40777321338	0.5	2.8499999999999996	99.97428
13689.056512187304	4300	13.697993525273926	0.0	2155012	6252.003089032953	0.5	4.3	99.974274

