12285.248556478653	750	4.0	1.5985734190571195	450283	1598.5734190571195	-6.123865701945613	64.858346
12286.039163110896	300	7.209393367758037	0.0	155580	790.6066322419633	-0.15000000000000002	18.412623
12286.703796392025	300	10.544760086628438	0.0	139857	664.6332811295985	0.3	17.596212
12288.517355435912	750	12.731201042742184	0.0	382355	1813.5590438862544	0.3	55.551349
12291.661050761399	1200	13.587505717255922	0.0	652874	3143.6953254862597	0.75	64.23322
12294.103710738034	1200	15.144845740618763	0.0	520315	2442.6599766371605	1.2	75.14582
12295.916608246458	1200	17.33194823219562	0.0	561791	1812.8975084231415	1.2	89.177904
12298.37533397556	1200	18.873222503093622	0.0	709534	2458.7257291019996	1.2	82.426144
12300.937129933302	1850	20.311426545353854	0.0	852833	2561.7959577397655	1.2000000000000002	90.218296
12304.165592414236	1850	21.082964064418967	0.0	913888	3228.4624809348875	1.85	86.733288
12309.307727111162	2850	19.940829367494093	0.0	1354548	5142.134696924875	1.85	95.957675
12314.55742629288	2850	18.691130185775155	0.0	1519951	5249.69918171894	2.85	92.483401
12320.12632017414	2850	17.122236304514114	0.0	1422919	5568.893881261039	2.85	93.510922
12326.660152307124	2850	14.588404171530517	0.0	1578343	6533.832132983597	2.85	91.568178
12331.26290038155	2850	13.985656097106302	0.0	1231445	4602.748074424215	2.85	88.830113
12336.549276394804	2850	12.699280083849084	0.0	1471065	5286.376013257218	2.85	93.514387
12343.14004816775	2850	10.108508310904634	0.0	1491626	6590.77177294445	2.85	94.650033
12348.89914988553	2850	8.349406593125936	0.0	1358801	5759.101717778698	2.85	92.142023
12352.852310806938	1850	8.39624567171554	0.0	987708	3953.1609214103946	0.8500000000000001	79.995224
12356.543572020493	1850	8.70498445816095	0.0	923755	3691.261213554589	1.85	86.363677
12359.809684376318	1850	9.438872102336505	0.0	891604	3266.112355824446	1.85	81.773294
12363.147956320687	1850	10.100600157967873	0.0	955231	3338.271944368632	1.85	79.031768
12367.661726601915	1850	9.586829876739017	0.0	968026	4513.770281228857	1.85	73.123347
12371.526086566488	1850	9.722469912167208	0.0	874175	3864.35996457181	1.85	80.700778
12374.556752071177	1850	10.691804407477685	0.0	897976	3030.6655046895235	1.85	86.994267
12378.93080777992	1850	10.317748698735375	0.0	905935	4374.055708742309	1.85	89.133614
12385.003016550905	1850	8.245539927748123	0.0	1076599	6072.208770987252	1.85	90.791041
12388.89337136554	1850	8.355185113114358	0.0	758197	3890.3548146337657	1.85	87.50057
12393.687929788983	1850	7.560626689672375	0.0	972798	4794.558423441982	1.85	88.832031
12398.58509985944	1850	6.663456619215567	0.0	975811	4897.170070456808	1.85	89.334885
12401.23335598335	1200	8.015200495304581	0.0	570392	2648.2561239109855	0.5499999999999999	78.009495
12403.840976237025	1200	9.407580241629294	0.0	620283	2607.6202536752885	1.2	72.909556
12406.403189416851	1200	10.845367061801836	0.0	584349	2562.213179827456	1.2	79.771897
12410.237932277552	1850	11.010624201100992	0.0	1035329	3834.742860700845	1.2000000000000002	71.430146
12413.931406163867	1850	11.317150314785573	0.0	1026056	3693.47388631542	1.85	97.037422
12417.185588907561	1850	12.062967571090827	0.0	943942	3254.182743694746	1.85	90.168439
12420.289919541094	1850	12.958636937558033	0.0	728962	3104.3306335327934	1.85	86.066994
12424.060979022626	1850	13.187577456027418	0.0	938587	3771.059481530614	1.85	86.593761
12427.758222725566	1850	13.490333753087372	0.0	908665	3697.243702940047	1.85	82.415248
12431.349759773839	1850	13.898796704815286	0.0	930577	3591.5370482720864	1.85	83.556577
12435.187105362374	1850	14.061451116281134	0.0	858450	3837.345588534152	1.85	92.068418
12439.224173186398	1850	14.024383292258394	0.0	1025005	4037.0678240227403	1.85	85.276808
12443.207984480166	1850	14.040571998489483	0.0	886255	3983.81129376891	1.85	78.86339
12447.355132814397	1850	13.893423664260654	0.0	973972	4147.148334228828	1.85	84.84845
12451.908128488545	1850	13.340427990112358	0.0	958994	4552.995674148294	1.85	87.119023
12458.07013744546	2850	11.178419033196045	0.0	1483527	6162.008956916314	1.85	95.602302
12463.516135709338	2850	9.732420769319882	0.0	1231456	5445.998263876163	2.85	92.485503
12472.215060079767	2850	5.033496398890653	0.0	1364537	8698.92437042923	2.85	97.895096

