15608.876641069024	750	4.0	4.997202366246414	450283	4997.202366246414	-20.73797017485958	64.858346
15611.03000281931	300	5.846638249714482	0.0	155580	2153.3617502855177	-0.15000000000000002	18.412623
15614.148154932798	300	6.728486136226441	0.0	139857	3118.1521134880413	0.3	17.596212
15618.519771689174	300	6.35686937985117	0.0	155432	4371.6167563752715	0.3	19.997309
15622.947994180247	300	5.928646888778943	0.0	163442	4428.222491072226	0.3	16.877619
15625.999351220276	300	6.877289848750208	0.0	126289	3051.3570400287354	0.3	18.579568
15628.62073138963	300	8.255909679394989	0.0	153295	2621.38016935522	0.3	42.291519
15630.324750228492	300	10.551890840533298	0.0	173849	1704.0188388616891	0.3	35.451274
15631.80540035413	300	13.071240714897634	0.0	150710	1480.6501256356646	0.3	28.497356
15633.160416173152	300	15.716224895873086	0.0	139105	1355.0158190245468	0.3	21.660501
15634.662098723204	300	18.214542345823435	0.0	141840	1501.6825500496527	0.3	2.177717
15636.026351281856	300	20.850289787169828	0.0	156148	1364.2525586536055	0.3	19.431299
15637.301767060475	300	23.574874008552413	0.0	160746	1275.4157786174133	0.3	21.445722
15640.798100018003	750	24.078541051026153	0.0	434409	3496.3329575262615	0.3	56.692976
15644.698109972147	1200	24.17853109688081	0.0	526950	3900.009954145343	0.75	67.735752
15648.386211010959	1200	24.490430058069222	0.0	587876	3688.101038811589	1.2	72.569044
15651.294723259187	1200	25.581917809842082	0.0	617242	2908.5122482271413	1.2	75.662786
15654.197349253114	1200	26.679291815914844	0.0	581493	2902.62599392724	1.2	79.137254
15659.70806244772	1850	25.168578621307624	0.0	987708	5510.713194607219	1.2000000000000002	79.995224
15666.314934703247	1850	22.561706365780367	0.0	923755	6606.872255527259	1.85	86.363677
15672.900956815001	1850	19.975684254026593	0.0	891604	6586.022111753773	1.85	81.773294
15682.342594574075	1850	14.53404649495136	0.0	955231	9441.637759075233	1.85	79.031768
15693.029285174342	1200	7.847355894684573	0.0	656471	10686.690600266787	0.5499999999999999	63.455907
15700.60155102301	750	4.275090046016004	0.0	343800	7572.26584866857	0.3	55.451197
15704.158165312927	300	4.718475756098531	0.0	146754	3556.6142899174733	-0.15000000000000002	25.355956
15707.626127132351	300	5.250513936674514	0.0	153938	3467.961819424017	0.3	22.855883
15710.524350661011	300	6.352290408013379	0.0	181901	2898.223528661135	0.3	27.469573
15712.761806929171	300	8.114834139853086	0.0	111155	2237.456268160292	0.3	12.138089
15716.094589886494	300	8.782051182530354	0.0	153605	3332.782957322732	0.3	28.256686
15720.150818326827	300	8.725822742197414	0.0	149029	4056.228440332942	0.3	23.365013
15723.837798352199	300	9.038842716824957	0.0	157421	3686.9800253724557	0.3	25.589487
15726.993303866937	300	9.883337202085356	0.0	157488	3155.5055147396033	0.3	17.795984
15729.298486891137	300	11.578154177885157	0.0	143881	2305.1830242001975	0.3	25.091594
15731.66370213448	300	13.212938934543283	0.0	163444	2365.215243341874	0.3	17.178658
15734.214466310432	300	14.662174758590703	0.0	179328	2550.7641759525804	0.3	28.893466
15736.420169671412	300	16.45647139761082	0.0	159914	2205.7033609798864	0.3	21.738399
15737.830649186495	300	19.04599188252718	0.0	131610	1410.47951508364	0.3	28.4111
15741.808670941493	750	19.067970127531066	0.0	361565	3978.0217549961117	0.3	66.788635
15747.284182257117	750	17.5924588119053	0.0	378327	5475.511315625765	0.75	62.32333
15753.528750406274	750	15.347890662749123	0.0	390680	6244.568149156178	0.75	61.525566
15755.88715867442	750	16.98948239460233	0.0	345516	2358.408268146791	0.75	79.583372
15758.647741622528	750	18.228899446494456	0.0	384505	2760.582948107874	0.75	64.443828
15761.247120043508	750	19.62952102551357	0.0	372093	2599.378420980888	0.75	58.879512
15765.731585874937	1200	19.14505519408498	0.0	634861	4484.465831428589	0.75	75.003938
15772.227045250362	1200	16.649595818660327	0.0	630203	6495.459375424652	1.2	77.745919
15777.484810884001	1200	15.391830185020714	0.0	638661	5257.765633639613	1.2	77.309224
15788.910844803024	1850	7.965796265998226	0.0	830730	11426.033919022488	1.2000000000000002	84.040637
15791.553337796673	750	9.323303272349898	0.0	314107	2642.4929936483277	-0.3500000000000001	75.210559

