18071.346449782715	750	4.0	4.722418988271614	450283	4722.418988271614	-19.55640164956794	64.858346
18072.82205560099	300	6.524394181725228	0.0	155580	1475.6058182747722	-0.15000000000000002	18.412623
18074.022516345445	300	9.323933437271	0.0	139857	1200.460744454228	0.3	17.596212
18076.63790377423	750	10.708546008484845	0.0	382355	2615.387428786154	0.3	55.551349
18079.962730930485	750	11.383718852232567	0.0	411561	3324.8271562522796	0.75	51.003805
18082.361208283386	750	12.985241499331485	0.0	318564	2398.477352901082	0.75	62.986308
18085.107645332442	750	14.238804450279682	0.0	352642	2746.437049051803	0.75	81.00828
18088.624335123353	750	14.72211465936787	0.0	437162	3516.689790911812	0.75	69.475262
18094.277045943178	1200	13.069403839541927	0.0	584846	5652.710819825943	0.75	82.430225
18100.40685075378	1200	10.939599028939554	0.0	560821	6129.8048106023725	1.2	76.960357
18110.222797008984	1200	5.1236527737353885	0.0	607410	9815.946255204166	1.2	82.096766
18112.88947346168	300	6.456976321040025	0.0	156148	2666.676452695363	-0.6000000000000001	19.431299
18115.80298443577	300	7.5434653469495005	0.0	160746	2913.510974090525	0.3	21.445722
18118.066931039062	300	9.279518743657851	0.0	179801	2263.9466032916494	0.3	23.726678
18119.46842022827	300	11.878029554451802	0.0	140051	1401.4891892060505	0.3	21.119447
18120.85907269985	300	14.487377082873387	0.0	138313	1390.6524715784153	0.3	19.984984
18122.14535513751	300	17.20109464521453	0.0	143509	1286.2824376588558	0.3	18.452936
18123.270541993665	300	20.075907789055545	0.0	150616	1125.186856158984	0.3	35.116669
18126.41542204867	750	20.931027734052268	0.0	405596	3144.880055003276	0.3	60.564875
18134.160139170952	1200	17.186310611768953	0.0	586839	7744.717122283318	0.75	79.134663
18142.31764272351	1200	13.028807059212031	0.0	601738	8157.503552556923	1.2	74.235946
18147.30063858019	750	12.045811202533756	0.0	399894	4982.995856678275	0.3	55.443233
18151.83593270302	750	11.510517079703929	0.0	401853	4535.294122829829	0.75	47.960406
18155.66260514274	750	11.68384463997878	0.0	343800	3826.67243972515	0.75	55.451197
18159.766797877382	750	11.57965190533799	0.0	359903	4104.192734640789	0.75	66.786337
18165.42990592674	750	9.916543855983939	0.0	379700	5663.108049354051	0.75	66.676537
18172.248801448877	750	7.097648333845317	0.0	425781	6818.895522138621	0.75	65.665965
18176.03419852709	750	7.3122512556313595	0.0	277716	3785.397078213958	0.75	68.231907
18181.558207938786	750	5.78824184393523	0.0	400396	5524.009411696129	0.75	69.601487
18183.564870326998	300	7.781579455720888	0.0	149029	2006.6623882143424	-0.15000000000000002	23.365013
18185.893304116522	300	9.453145666198868	0.0	157421	2328.43378952202	0.3	25.589487
18187.92764879927	300	11.4188009834529	0.0	157488	2034.344682745969	0.3	17.795984
18189.891356902288	300	13.455092880431922	0.0	143881	1963.7081030209786	0.3	25.091594
18196.449977732787	750	10.896472049930562	0.0	412837	6558.620830501358	0.3	49.996929
18204.17202687965	750	7.174422903068485	0.0	401088	7722.049146862078	0.75	69.915275
18207.89098296758	300	7.455466815139695	0.0	159914	3718.95608792879	-0.15000000000000002	21.738399
18211.805334461438	300	7.541115321277392	0.0	131610	3914.351493862303	0.3	28.4111
18214.850724407886	300	8.495725374832475	0.0	124011	3045.389946444917	0.3	21.943337
18216.883945725254	300	10.462504057461578	0.0	144254	2033.221317370896	0.3	12.774971
18220.238665830413	300	11.10778395230115	0.0	149991	3354.7201051604284	0.3	17.21265
18223.74929593648	300	11.597153846236466	0.0	147968	3510.630106064684	0.3	5.263918
18227.777263006137	300	11.56918677658155	0.0	161857	4027.967069654916	0.3	26.901789
18231.702282110127	300	11.644167672590127	0.0	145210	3925.0191039914234	0.3	23.926655
18236.466640416944	300	10.879809365775117	0.0	172312	4764.358306815012	0.3	26.146503
18240.441893852225	300	10.904555930492016	0.0	167025	3975.2534352831003	0.3	26.908827
18243.324546059288	300	12.021903723431576	0.0	160064	2882.652207060438	0.3	27.591437
18245.542180874123	300	13.804268908594214	0.0	137507	2217.634814837364	0.3	25.36694
18250.261875451335	750	13.084574331384523	0.0	314107	4719.69457720969	0.3	75.210559

