19230.8518352	750	4.0	4.316718207694552	450283	4316.71820769	-17.81188829308657	64.858346
19241.2502191	2850	4.0	6.3983839222517656	1431809	10398.3839223	-26.76305086568259	90.683379
19257.1665413	2850	4.0	11.916322227928783	1300868	15916.3222279	-48.390185580093764	90.483169
19272.3475286	2850	4.0	11.180987307035371	1520281	15180.987307	-45.228245420252094	89.788956
19290.3290314	2850	4.0	13.981502779773935	1472558	17981.5027798	-57.27046195302792	85.928154
19308.9064275	2850	4.0	14.577396081346517	1224260	18577.3960813	-59.83280314979002	94.229141
19324.1266302	2850	4.0	11.220202747973094	1388403	15220.202748	-45.396871816284296	97.582873
19337.1061664	2850	4.0	8.97953620627811	1638769	12979.5362063	-35.76200568699587	97.908255
19346.5190052	2850	4.0	5.412838723253093	1348011	9412.83872325	-20.425206509988296	96.808308
19355.4004872	2850	4.0	4.881482073371535	1429765	8881.48207337	-18.140372915497597	94.962414
19363.0126276	2850	4.0	3.612140353449642	1354548	7612.14035345	-12.682203519833461	95.957675
19370.8569166	2850	4.0	3.8442890243106085	1519951	7844.28902431	-13.680442804535618	92.483401
19377.5945934	2850	4.0	2.7376767945093143	1422919	6737.67679451	-8.922010216390051	93.510922
19386.0456982	2850	4.0	4.4511048238071345	1578343	8451.10482381	-16.289750742370675	91.568178
19397.6924945	2850	4.0	7.646796292225152	1231445	11646.7962922	-30.03122405656815	88.830113
19406.0059618	2850	4.0	4.313467290322572	1471065	8313.46729032	-15.697909348387062	93.514387
19413.6335145	2850	4.0	3.627552700495884	1491626	7627.5527005	-12.7484766121323	94.650033
19426.2099573	2850	4.0	8.576442805198313	1358801	12576.4428052	-34.028704062352745	92.142023
19435.3823595	2850	4.0	5.172402135150411	1537156	9172.40213515	-19.391329181146766	89.30989
19441.5745264	2850	4.0	2.1921669071483847	1336050	6192.16690715	-6.576317700738054	93.680429
19450.2571164	2850	4.0	4.682590045939394	1415116	8682.59004594	-17.28513719753939	90.785318
19460.5792163	2850	4.0	6.3220998621415205	1468126	10322.0998621	-24.335029407208534	89.398189
19476.3637179	2850	4.0	11.784501654536514	1505760	15784.5016545	-47.82335711450701	85.954529
19487.3773488	2850	4.0	7.013630854908252	1323990	11013.6308549	-27.30861267610548	89.320458
19496.6034956	2850	4.0	5.226146781101832	1383735	9226.1467811	-19.622431158737875	93.348429
19506.604249	2850	4.0	6.000753490524047	1480464	10000.7534905	-22.9532400092534	97.271626
19518.7872267	2850	4.0	8.182977646604828	1547572	12182.9776466	-32.33680388040076	97.509012
19525.6679944	2850	4.0	2.880767691311042	1141971	6880.76769131	-9.53730107263748	93.311238
19540.8766364	2850	4.0	11.208642007584194	1498470	15208.6420076	-45.34716063261203	96.041687
19551.9035436	2850	4.0	7.0269072536133805	1561263	11026.9072536	-27.365701190537532	96.863845
19567.5672658	2850	4.0	11.663722198958975	1341201	15663.722199	-47.304005455523594	94.816085
19583.5458998	2850	4.0	11.978633933587583	1497683	15978.6339336	-48.6581259144266	92.910185
19599.6557198	2850	4.0	12.109820040070138	1358081	16109.8200401	-49.22222617230159	95.193139
19622.5007828	2850	4.0	18.84506298980395	1587293	22845.0629898	-78.18377085615698	81.858634
19638.3186559	2850	4.0	11.817873065105234	1492672	15817.8730651	-47.9668541799525	99.177905
19649.6756862	2850	4.0	7.357030294293836	1439896	11357.0302943	-28.785230265463493	97.217465
19657.8243339	2850	4.0	4.148647697845448	1139291	8148.64769785	-14.989185100735424	93.825455
19666.9935228	2850	4.0	5.169188930506031	1499009	9169.18893051	-19.377512401175927	93.982147
19675.3718316	2850	4.0	4.378308811401885	1427478	8378.3088114	-15.976727889028103	90.92969
19682.5606467	2850	4.0	3.188815126365648	1402287	7188.81512637	-10.861905043372287	91.34334
19689.0542466	2850	4.0	2.4935998491793026	1339500	6493.59984918	-7.872479351471	97.297482
19696.8086543	2850	4.0	3.754407680890572	1527299	7754.40768089	-13.293953027829458	92.902955
19706.6815343	2850	4.0	5.87288005715884	1343002	9872.88005716	-22.40338424578301	87.659279
19718.2482212	2850	4.0	7.566686845118051	1587250	11566.6868451	-29.686753434007613	95.172719
19725.3787331	2850	4.0	3.1305119772823145	1464921	7130.51197728	-10.611201502313952	96.481395
19738.8837516	2850	4.0	9.50501844673766	1483527	13505.0184467	-38.02157932097194	95.602302
19746.3973065	2850	4.0	3.5135548805592833	1231456	7513.55488056	-12.258285986404918	92.485503
19753.1676969	2850	4.0	2.7703904154106076	1364537	6770.39041541	-9.062678786265613	97.895096

