8928.131114964175	750	4.0	2.566216384271528	450283	2566.216384271528	-10.28473045236757	64.858346
8930.039881661025	750	6.09123330315046	0.0	398865	1908.7666968495396	0.75	57.017244
8931.257707882303	750	8.873407081871683	0.0	350812	1217.8262212787765	0.75	60.430767
8933.376235095635	1200	10.754879868541119	0.0	617681	2118.5272133305643	0.75	69.474665
8935.396875460996	1200	12.73423950318014	0.0	652874	2020.6403653609782	1.2	64.23322
8937.097438985837	1200	15.03367597834044	0.0	520315	1700.563524839701	1.2	75.14582
8939.256835793158	1200	16.874279171018802	0.0	561791	2159.3968073216365	1.2	89.177904
8942.604036004926	1850	17.52707895924992	0.0	1060487	3347.2002117688808	1.2000000000000002	90.155937
8947.956029487956	2850	16.175085476220744	0.0	1348011	5351.993483029174	1.85	96.808308
8954.0503401854	2850	14.080774778777533	0.0	1429765	6094.310697443212	2.85	94.962414
8959.567141055582	2850	12.56397390859592	0.0	1354548	5516.800870181613	2.85	95.957675
8965.68938512943	2850	10.44172983474851	0.0	1519951	6122.244073847409	2.85	92.483401
8973.017290645146	2850	7.113824319030453	0.0	1422919	7327.905515718057	2.85	93.510922
8978.725846406041	1850	5.405268558137193	0.0	1036454	5708.55576089326	0.8500000000000001	80.875505
8987.546764798028	1850	4.0	3.4156498338511327	821631	8820.918391988325	-12.83729428555987	78.494849
8988.878264468023	300	6.668500330005011	0.0	138313	1331.4996699949888	-1.25	19.984984
8990.081485626302	300	9.465279171726403	0.0	143509	1203.221158278608	0.3	18.452936
8991.303047436226	300	12.243717361802153	0.0	150616	1221.5618099242492	0.3	35.116669
8992.713760170509	300	14.833004627520205	0.0	165384	1410.7127342819483	0.3	26.310814
8994.086930908341	300	17.45983388968696	0.0	140881	1373.1707378332494	0.3	26.782579
8998.163589121894	750	17.38317567613437	0.0	386472	4076.6582135525846	0.3	62.777649
9004.88155590922	1200	14.665208888806976	0.0	616206	6717.966787327396	0.75	68.532883
9009.271445322742	1200	14.275319475284377	0.0	656471	4389.889413522599	1.2	63.455907
9012.276498223739	1200	15.27026657428873	0.0	536667	3005.0529009956485	1.2	68.420849
9015.292312709958	1200	16.25445208806732	0.0	587236	3015.814486221408	1.2	78.698824
9018.087255448045	1200	17.459509349981403	0.0	590335	2794.942738085919	1.2	79.644231
9021.509908620743	1200	18.036856177283525	0.0	696376	3422.653172697879	1.2	80.745588
9023.627182416132	1200	19.9195823818953	0.0	487160	2117.273795388226	1.2	80.893459
9029.20731606094	1850	18.339448737087558	0.0	972798	5580.133644807741	1.2000000000000002	88.832031
9035.179181024227	1850	16.367583773800767	0.0	975811	5971.86496328679	1.85	89.334885
9041.478425412797	1850	14.068339385232088	0.0	873429	6299.244388568682	1.85	87.120667
9052.200131533113	1850	7.346633264916867	0.0	954453	10721.70612031522	1.85	83.67714
9054.601075973156	750	8.945688824873026	0.0	369834	2400.9444400438424	-0.3500000000000001	68.369339
9057.075371631887	750	10.471393166142251	0.0	412837	2474.2956587307744	0.75	49.996929
9060.577397733874	750	10.969367064154953	0.0	401088	3502.026101987295	0.75	69.915275
9063.141934818163	750	12.404829979868634	0.0	365161	2564.5370842863217	0.75	60.276519
9065.621002665921	750	13.925762132110895	0.0	321064	2479.067847757739	0.75	67.040505
9068.703640261807	750	14.843124536224975	0.0	361565	3082.6375958859185	0.75	66.788635
9073.46234267929	1200	14.084422118741765	0.0	605884	4758.702417483212	0.75	74.001829
9079.435924097763	1200	12.110840700268737	0.0	587506	5973.581418473028	1.2	72.886388
9085.916537569492	1200	9.630227228540367	0.0	566904	6480.61347172837	1.2	86.974261
9088.456822294833	750	11.089942503198264	0.0	384505	2540.284725342102	0.3	64.443828
9091.121026920102	750	12.42573787792875	0.0	372093	2664.204625269515	0.75	58.879512
9094.19761254041	750	13.349152257619876	0.0	438281	3076.5856203088747	0.75	62.327504
9099.784069099123	750	11.762695698907669	0.0	398987	5586.456558712206	0.75	63.729239
9104.653174427152	750	10.893590370877757	0.0	393804	4869.105328029911	0.75	62.845425
9107.849803497227	750	11.696961300801867	0.0	331053	3196.6290700758886	0.75	60.678126
9114.052226281248	1200	9.494538516780018	0.0	550906	6202.42278402185	0.75	86.366143

