44373.42380392491	750	4.0	2.184991174137217	450283	2184.99117414	-8.645462048790034	64.858346
44380.110551002006	2850	4.0	2.6867470770917463	1431809	6686.74707709	-10.803012431494508	90.683379
44403.673370175544	2850	4.0	19.562819173536756	1300868	23562.8191735	-81.27012244620805	90.483169
44416.54568080634	2850	4.0	8.872310630801874	1520281	12872.3106308	-35.30093571244805	89.788956
44424.48195955594	2850	4.0	3.9362787496033853	1472558	7936.2787496	-14.075998623294558	85.928154
44436.13464409148	2850	4.0	7.652684535541433	1224260	11652.6845355	-30.056543502828163	94.229141
44444.78176196239	2850	4.0	4.647117870913497	1388403	8647.11787091	-17.132606844928034	97.582873
44452.89843703635	2850	4.0	4.116675073960577	1638769	8116.67507396	-14.85170281803048	97.908255
44459.85839256702	2850	4.0	2.959955530662529	1348011	6959.95553066	-9.877808781848874	96.808308
44465.709051306476	2850	4.0	1.8506587394622303	1429765	5850.65873946	-5.1078325796875905	94.962414
44472.30789722961	2850	4.0	2.5988459231361976	1354548	6598.84592314	-8.325037469485649	95.957675
44478.70538286806	2850	4.0	2.397485638447107	1519951	6397.48563845	-7.45918824532256	92.483401
44483.162698149776	2850	4.0	0.4573152817165628	1422919	4457.31528172	0.8835442886187801	93.510922
44490.32427704797	2850	4.0	3.1615788981901534	1578343	7161.57889819	-10.74478926221766	91.568178
44494.32271516719	2850	4.001561880778885	0.0	1231445	3998.43811922	2.85	88.830113
44498.910152207834	2850	4.0	0.5858751598687076	1471065	4587.43704065	0.33073681256455734	93.514387
44503.9246227834	2850	4.0	1.0144705755603463	1491626	5014.47057556	-1.5122234749094887	94.650033
44510.40221977107	2850	4.0	2.4775969876713715	1358801	6477.59698767	-7.803667046986897	92.142023
44516.29607647479	2850	4.0	1.8938567037220482	1537156	5893.85670372	-5.293583826004808	89.30989
44520.9749840581	2850	4.0	0.6789075833043444	1336050	4678.9075833	-0.06930260820868073	93.680429
44525.747286447055	2850	4.0	0.7723023889595761	1415116	4772.30238896	-0.47090027252617705	90.785318
44534.88746631094	2850	4.0	5.140179863886991	1468126	9140.17986389	-19.25277341471406	89.398189
44541.56590675758	2850	4.0	2.6784404466417064	1505760	6678.44044664	-8.667293920559338	85.954529
44547.808055969675	2850	4.0	2.2421492120950215	1323990	6242.1492121	-6.7912416120085926	89.320458
44562.84027307773	2850	4.0	11.032217108054622	1383735	15032.2171081	-44.58853356463487	93.348429
44576.95587268036	2850	4.0	10.115599602627858	1480464	14115.5996026	-40.647078291299785	97.271626
44588.508622410416	2850	4.0	7.552749730055879	1547572	11552.7497301	-29.62682383924028	97.509012
44600.29813097275	2850	4.0	7.789508562334306	1141971	11789.5085623	-30.644886818037513	93.311238
44611.777781890545	2850	4.0	7.47965091779781	1498470	11479.6509178	-29.31249894653058	96.041687
44624.32368188831	2850	4.0	8.545899997765822	1561263	12545.8999978	-33.89736999039303	96.863845
44634.778694512366	2850	4.0	6.455012624058203	1341201	10455.0126241	-24.906554283450273	94.816085
44644.15990012708	2850	4.0	5.381205614714942	1497683	9381.20561471	-20.289184143274248	92.910185
44649.85161316371	2850	4.0	1.691713036628914	1358081	5691.71303663	-4.424366057504329	95.193139
44659.3906691617	2850	4.0	5.5390559979908796	1587293	9539.05599799	-20.96794079136078	81.858634
44673.82315861421	2850	4.0	10.432489452502802	1492672	14432.4894525	-42.00970464576204	99.177905
44686.69382394178	2850	4.0	8.870665327581435	1439896	12870.6653276	-35.293860908600166	97.217465
44704.51137112486	2850	4.0	13.817547183083109	1139291	17817.5471831	-56.565452887257365	93.825455
44716.326485985264	2850	4.0	7.8151148604035665	1499009	11815.1148604	-30.754993899735332	93.982147
44724.10062040678	2850	4.0	3.7741344215164454	1427478	7774.13442152	-13.378778012520714	90.92969
44737.72654624314	2850	4.0	9.625925836353941	1402287	13625.9258364	-38.541481096321945	91.34334
44744.81088676087	2850	4.0	3.0843405177270653	1339500	7084.34051773	-10.412664226226381	97.297482
44752.63742641465	2850	4.0	3.826539653783853	1527299	7826.53965378	-13.604120511270567	92.902955
44759.58727528452	2850	4.0	2.9498488698600993	1343002	6949.84886986	-9.834350140398428	87.659279
44766.021462649405	2850	4.0	2.4341873648926002	1587250	6434.18736489	-7.61700566903818	95.172719
44773.04719472924	2850	4.0	3.025732079836227	1464921	7025.73207984	-10.160647943295777	96.481395
44779.066705408484	2850	4.0	2.019510679248453	1483527	6019.51067925	-5.833895920768347	95.602302
44782.856557666935	2850	4.210147741548696	0.0	1231456	3789.85225845	2.85	92.485503
44789.30595311638	2850	4.0	2.239247707895846	1364537	6449.39544944	-6.778765143952139	97.895096

