19599.86469396462	750	4.0	4.492096968258112	450283	4492.096968258112	-18.56601696350988	64.858346
19601.263170804148	300	6.6015231604739535	0.0	155580	1398.4768395260464	-0.15000000000000002	18.412623
19602.446509691286	300	9.418184273333548	0.0	139857	1183.3388871404063	0.3	17.596212
19607.688517553943	1200	8.176176410676778	0.0	617681	5242.007862656768	0.29999999999999993	69.474665
19611.431235598884	750	8.433458365737064	0.0	411561	3742.7180449397138	0.3	51.003805
19614.16063347484	750	9.704060489785043	0.0	318564	2729.3978759520205	0.75	62.986308
19618.875404031598	1200	8.989289933024477	0.0	561791	4714.770556760567	0.75	89.177904
19622.64950457882	750	9.21518938579857	0.0	437162	3774.1005472259067	0.3	69.475262
19628.781331806855	1200	7.08336215776708	0.0	584846	6131.827228031491	0.75	82.430225
19633.11375324705	750	6.75094071756999	0.0	362795	4332.421440197089	0.3	64.786022
19634.911370956757	300	8.953323007861055	0.0	141840	1797.617709708934	-0.15000000000000002	2.177717
19639.872366657775	750	7.992327306842877	0.0	405134	4960.995701018179	0.3	59.00323
19647.2780290802	750	4.586664884415627	0.0	386351	7405.66242242725	0.75	59.358241
19650.005928055743	300	5.858765908873713	0.0	179801	2727.8989755419143	-0.15000000000000002	23.726678
19651.61619074527	300	8.248503219351678	0.0	140051	1610.2626895220353	0.3	21.119447
19655.537023442575	750	8.327670522044551	0.0	366214	3920.8326973071266	0.3	58.858709
19659.828894879043	750	8.035799085575928	0.0	360831	4291.871436468623	0.75	60.531124
19664.832216423503	750	7.032477541113712	0.0	372963	5003.321544462216	0.75	69.564049
19670.90195697401	750	4.9627369906108685	0.0	405596	6069.740550502844	0.75	60.564875
19673.123270064938	300	6.74142389967932	0.0	140881	2221.313090931549	-0.15000000000000002	26.782579
19675.957836576436	300	7.906857388182767	0.0	157671	2834.566511496552	0.3	28.807059
19683.159110791898	750	4.705583172719393	0.0	399894	7201.274215463373	0.3	55.443233
19685.240463214308	300	6.624230750309001	0.0	163927	2081.3524224103917	-0.15000000000000002	16.837774
19686.79707791505	300	9.067616049566427	0.0	137654	1556.614700742574	0.3	6.466535
19692.371839503845	1200	7.492854460774705	0.0	587236	5574.761588791721	0.29999999999999993	78.698824
19695.55493903213	750	8.309754932489456	0.0	379700	3183.09952828525	0.3	66.676537
19699.200853467726	750	8.66384049689471	0.0	425781	3645.914435594744	0.75	65.665965
19701.815990785162	750	10.04870317945653	0.0	277716	2615.137317438181	0.75	68.231907
19708.00414008627	1200	7.860553878353542	0.0	622896	6188.149301102988	0.75	80.053124
19712.018766824636	750	7.845927139984351	0.0	400508	4014.626738369191	0.3	67.821489
19714.939627352564	750	8.92506661205745	0.0	358218	2920.860527926902	0.75	64.789531
19718.431129538538	750	9.43356442608265	0.0	400322	3491.5021859747994	0.75	60.651768
19723.53378340343	1200	8.330910561187196	0.0	584349	5102.653864895455	0.75	79.771897
19727.11353185009	750	8.751162114529707	0.0	412837	3579.7484466574892	0.3	49.996929
19730.684485345195	750	9.180208619421835	0.0	401088	3570.953495107872	0.75	69.915275
19735.997642741153	1200	7.867051223466836	0.0	598727	5313.157395955	0.75	77.763467
19739.55052709199	750	8.314166872626025	0.0	321064	3552.8843508408104	0.3	67.040505
19743.819833711485	750	8.044860253132644	0.0	361565	4269.306619493381	0.75	66.788635
19748.435952848107	750	7.428741116513546	0.0	378327	4616.119136619098	0.75	62.32333
19754.25919777223	750	5.6054961923874576	0.0	390680	5823.244924126088	0.75	61.525566
19757.44399884113	300	6.420695123490094	0.0	147968	3184.8010688973636	-0.15000000000000002	5.263918
19760.28839442876	300	7.576299535860915	0.0	161857	2844.395587629179	0.3	26.901789
19764.37797621181	750	7.486717752811362	0.0	372093	4089.581783049552	0.3	58.879512
19769.209073203398	750	6.655620761222461	0.0	438281	4831.096991588902	0.75	62.327504
19771.510726933295	300	8.353967031324995	0.0	167025	2301.653729897466	-0.15000000000000002	26.908827
19776.826887970736	750	7.037805993882628	0.0	393804	5316.161037442367	0.3	62.845425
19781.882195306604	750	5.982498658013325	0.0	331053	5055.307335869303	0.75	60.678126
19783.7621288501	300	8.102565114517715	0.0	118421	1879.9335434956101	-0.15000000000000002	36.062877

