21118.739833349024	750	4.0	3.383176362969059	450283	3383.176362969059	-13.797658360766953	64.858346
21120.865165286225	300	5.874668062799087	0.0	155580	2125.331937200913	-0.15000000000000002	18.412623
21123.205408334466	300	7.534425014556251	0.0	139857	2340.2430482428354	0.3	17.596212
21126.611607922026	750	8.128225426999542	0.0	382355	3406.1995875567086	0.3	55.551349
21129.49943741038	750	9.240395938644319	0.0	411561	2887.829488355224	0.75	51.003805
21133.595935707355	1200	9.143897641669406	0.0	520315	4096.498296974912	0.75	75.14582
21138.31118312049	1200	8.42865022853153	0.0	561791	4715.247413137875	1.2	89.177904
21142.63598295635	750	8.10385039267281	0.0	437162	4324.799835858721	0.3	69.475262
21148.458884769472	750	6.2809485795502615	0.0	374758	5822.901813122548	0.75	70.789292
21149.741051109788	300	8.99878223923807	0.0	139105	1282.1663403121918	-0.15000000000000002	21.660501
21152.280185855976	750	10.459647493049731	0.0	353220	2539.134746188339	0.3	70.008689
21156.299553285487	1200	10.440280063538207	0.0	594078	4019.3674295115247	0.75	70.906301
21160.65851148418	1200	10.081321864845153	0.0	624282	4358.958198693053	1.2	73.534048
21166.326278463745	1200	8.413554885280941	0.0	687371	5667.766979564212	1.2	70.998108
21168.359491034164	750	10.380342314859242	0.0	337059	2033.2125704216994	0.3	54.76216
21172.00308708205	1200	10.736746266977905	0.0	587876	3643.596047881335	0.75	72.569044
21176.281951349447	1200	10.457881999577664	0.0	617242	4278.864267400242	1.2	75.662786
21180.16329111724	1200	10.576542231786874	0.0	581493	3881.3397677907888	1.2	79.137254
21184.601957085746	1200	10.137876263277986	0.0	639204	4438.665968508888	1.2	72.000653
21188.809094750824	1200	9.930738598199687	0.0	586839	4207.1376650783	1.2	79.134663
21193.284755146513	1200	9.455078202511853	0.0	601738	4475.660395687834	1.2	74.235946
21200.061363334058	1200	6.678470014966073	0.0	616206	6776.60818754578	1.2	68.532883
21202.088002234646	300	8.651831114381752	0.0	163927	2026.6389005843214	-0.6000000000000001	16.837774
21204.677658122404	750	10.062175226621644	0.0	343800	2589.655887760107	0.3	55.451197
21211.822932499625	1200	6.916900849401439	0.0	587236	7145.274377220206	0.75	78.698824
21212.995011044157	300	9.744822304871708	0.0	153938	1172.0785445297308	-0.6000000000000001	22.855883
21218.06826376351	1200	8.671569585518126	0.0	696376	5073.252719353583	0.29999999999999993	80.745588
21220.334194175102	750	10.405639173927236	0.0	277716	2265.93041159089	0.3	68.231907
21225.52172215936	1200	9.218111189669077	0.0	622896	5187.527984258159	0.75	80.053124
21234.126849643006	1200	4.612983706020979	0.0	641447	8605.127483648099	1.2	80.154442
21235.687594701983	300	7.052238647044688	0.0	157421	1560.745058976291	-0.6000000000000001	25.589487
21238.58143777262	750	8.15839557640906	0.0	400322	2893.8430706356294	0.3	60.651768
21241.11455326985	750	9.625280079178678	0.0	369834	2533.1154972303807	0.75	68.369339
21245.583815696442	1200	9.1560176525908	0.0	670129	4469.262426587879	0.75	62.28877
21251.31628975279	1200	7.423543596239032	0.0	690253	5732.474056351767	1.2	87.732581
21253.775236644644	750	8.964596704386844	0.0	365161	2458.946891852187	0.3	60.276519
21255.657921346014	750	11.081912003017282	0.0	321064	1882.6847013695635	0.75	67.040505
21261.923302346364	1850	8.816531002666684	0.0	938587	6265.381000350596	0.75	86.593761
21264.639902920404	750	10.099930428629246	0.0	378327	2716.6005740374376	-0.3500000000000001	62.32333
21268.571064867756	1200	10.168768481275162	0.0	587506	3931.161947354084	0.75	72.886388
21272.536712258323	1200	10.203121090707507	0.0	566904	3965.647390567655	1.2	86.974261
21277.24801454259	1200	9.491818806440765	0.0	641452	4711.3022842667415	1.2	75.706383
21281.468317171926	1200	9.271516177102491	0.0	599477	4220.3026293382745	1.2	71.343181
21289.246360460205	1200	5.493472888823576	0.0	634861	7778.043288278915	1.2	75.003938
21290.57108344602	300	8.16874990301248	0.0	167025	1324.7229858110948	-0.6000000000000001	26.908827
21295.947038772036	750	6.792794576996576	0.0	393804	5375.9553260159055	0.3	62.845425
21297.45064752057	300	9.289185828460504	0.0	137507	1503.6087485360706	-0.15000000000000002	25.36694
21301.347182619484	1200	9.392650729549048	0.0	550906	3896.535098911455	0.29999999999999993	86.366143

