41246.180090531794	750	4.0	1.9120480482224669	450283	1912.04804822	-7.471806607356607	64.858346
41258.54577930074	2850	4.0	8.365688768935588	1431809	12365.6887689	-35.222461706423026	90.683379
41270.092083195486	2850	4.0	7.546303894749578	1300868	11546.3038947	-29.599106747423185	90.483169
41278.10707377142	2850	4.0	4.014990575935606	1520281	8014.99057594	-14.414459476523104	89.788956
41286.8374252645	2850	4.0	4.7303514930824875	1472558	8730.35149308	-17.490511420254695	85.928154
41302.436389979564	2850	4.0	11.598964715063047	1224260	15598.9647151	-47.025548274771104	94.229141
41319.4109971908	2850	4.0	12.974607211234769	1388403	16974.6072112	-52.9408110083095	97.582873
41337.914575192575	2850	4.0	14.503578001784867	1638769	18503.5780018	-59.51538540767492	97.908255
41344.710584692584	2850	4.0	2.7960095000024476	1348011	6796.0095	-9.172840850010525	96.808308
41351.59313767031	2850	4.0	2.882552977725005	1429765	6882.55297773	-9.54497780421752	94.962414
41356.88726902877	2850	4.0	1.2941313584624523	1354548	5294.13135846	-2.714764841388545	95.957675
41363.447399223296	2850	4.0	2.5601301945270425	1519951	6560.13019453	-8.158559836466283	92.483401
41369.48044254677	2850	4.0	2.033043323472304	1422919	6033.04332347	-5.892086290930909	93.510922
41389.09938890146	2850	4.0	15.618946354690287	1578343	19618.9463547	-64.31146932516823	91.568178
41395.870526761144	2850	4.0	2.771137859687251	1231445	6771.13785969	-9.065892796655179	88.830113
41403.392142116325	2850	4.0	3.5216153551784193	1471065	7521.61535518	-12.292946027267202	93.514387
41411.03175409377	2850	4.0	3.6396119774411573	1491626	7639.61197744	-12.800331502996976	94.650033
41418.48003846225	2850	4.0	3.448284368484622	1358801	7448.28436848	-11.977622784483875	92.142023
41427.254201498145	2850	4.0	4.774163035890892	1537156	8774.16303589	-17.678901054330833	89.30989
41434.085380427605	2850	4.0	2.8311789294634453	1336050	6831.17892946	-9.324069396692815	93.680429
41443.383286202814	2850	4.0	5.2979057752029055	1415116	9297.9057752	-19.93099483337249	90.785318
41452.42391518348	2850	4.0	5.040628980664755	1468126	9040.62898066	-18.824704616858444	89.398189
41458.23254276157	2850	4.0	1.8086275780956922	1505760	5808.6275781	-4.927098585811477	85.954529
41462.467378594505	2850	4.0	0.23483583293323954	1323990	4234.83583293	1.84020591838707	89.320458
41466.86136912088	2850	4.0	0.3939905263780711	1383735	4393.99052638	1.1558407365742944	93.348429
41472.572811088365	2850	4.0	1.7114419674850743	1480464	5711.44196749	-4.509200460185818	97.271626
41479.45202669593	2850	4.0	2.8792156075594386	1547572	6879.21560756	-9.530627112505586	97.509012
41483.013555009675	2850	4.438471686253245	0.0	1141971	3561.52831375	2.85	93.311238
41488.42626820162	2850	4.0	0.9742415056890213	1498470	5412.71319194	-1.3392384744627912	96.041687
41496.195187607926	2850	4.0	3.7689194063133127	1561263	7768.91940631	-13.356353447147244	96.863845
41503.01259199624	2850	4.0	2.817404388307247	1341201	6817.40438831	-9.264838869721162	94.816085
41510.061285226	2850	4.0	3.0486932297610765	1497683	7048.69322976	-10.259380887972629	92.910185
41519.8364080241	2850	4.0	5.775122798100749	1358081	9775.1227981	-21.983028031833218	95.193139
41532.74670798705	2850	4.0	8.910299962944183	1587293	12910.2999629	-35.46428984065999	81.858634
41541.50712939774	2850	4.0	4.760421410685392	1492672	8760.42141069	-17.619812065947183	99.177905
41554.97249420811	2850	4.0	9.465364810370554	1439896	13465.3648104	-37.85106868459338	97.217465
41564.71099782282	2850	4.0	5.738503614714302	1139291	9738.50361471	-21.825565543271498	93.825455
41572.62347463303	2850	4.0	3.912476810210472	1499009	7912.47681021	-13.973650283905029	93.982147
41579.85851296763	2850	4.0	3.2350383346001608	1427478	7235.0383346	-11.06066483878069	90.92969
41598.29317479058	2850	4.0	14.434661822953618	1402287	18434.661823	-59.21904583870055	91.34334
41614.30829199473	2850	4.0	12.015117204144168	1339500	16015.1172041	-48.81500397781992	97.297482
41631.96819355488	2850	4.0	13.65990156015379	1527299	17659.9015602	-55.88757670866129	92.902955
41639.12043861668	2850	4.0	3.1522450617987388	1343002	7152.2450618	-10.704653765734577	87.659279
41646.71163057279	2850	4.0	3.5911919561110417	1587250	7591.19195611	-12.592125411277479	95.172719
41652.467551404414	2850	4.0	1.7559208316262285	1464921	5755.92083163	-4.700459575992783	96.481395
41658.86230086712	2850	4.0	2.394749462698941	1483527	6394.7494627	-7.447422689605446	95.602302
41664.03423561787	2850	4.0	1.1719347507602134	1231456	5171.93475076	-2.189319428268917	92.485503
41680.70231743569	2850	4.0	12.668081817814015	1364537	16668.0818178	-51.62275181660026	97.895096

