9302.993941233337	750	4.0	2.4304790559882594	450283	2430.4790559882595	-9.701059940749515	64.858346
9304.063829075769	300	6.930112157568032	0.0	155580	1069.8878424319682	-0.15000000000000002	18.412623
9306.570096597367	750	8.423844635969656	0.0	350812	2506.267521598375	0.3	60.430767
9308.9934542678	750	10.000486965536119	0.0	382355	2423.3576704335374	0.75	55.551349
9311.437005790918	750	11.55693544241774	0.0	411561	2443.551523118379	0.75	51.003805
9313.653226636196	750	13.34071459714067	0.0	318564	2216.2208452770706	0.75	62.986308
9318.879473783441	1200	12.114467449895447	0.0	561791	5226.2471472452235	0.75	89.177904
9324.95345919224	1200	10.040482041095183	0.0	709534	6073.985408800263	1.2	82.426144
9336.809785450314	1200	4.0	1.8158442169781193	584846	11856.326258073303	-6.608130133005912	82.430225
9339.782760810076	300	5.02702464023861	0.0	139105	2972.9753597613912	-0.6000000000000001	21.660501
9342.797270987308	300	6.0125144630057	0.0	141840	3014.5101772329085	0.3	2.177717
9346.475045719757	300	6.334739730556556	0.0	156148	3677.7747324491443	0.3	19.431299
9350.347978518741	300	6.461806931572498	0.0	160746	3872.9327989840567	0.3	21.445722
9353.43436467425	300	7.375420776061311	0.0	179801	3086.3861555111866	0.3	23.726678
9354.564014521411	300	10.245770928902406	0.0	140051	1129.6498471589061	0.3	21.119447
9356.013886780189	300	12.795898670123151	0.0	138313	1449.8722587792552	0.3	19.984984
9358.168944717358	300	14.640840732956322	0.0	143509	2155.0579371668305	0.3	18.452936
9360.02678473782	300	16.7830007124927	0.0	150616	1857.840020463622	0.3	35.116669
9361.341710712439	300	19.46807473787334	0.0	165384	1314.9259746193602	0.3	26.310814
9364.298619231413	750	20.5111662188998	0.0	350713	2956.9085189735424	0.3	67.172129
9369.453910465641	750	19.355874984670336	0.0	386472	5155.291234229463	0.75	62.777649
9371.95126810772	750	20.85851734259229	0.0	399894	2497.357642078045	0.75	55.443233
9373.898907275749	750	22.910878174562882	0.0	401853	1947.6391680294116	0.75	47.960406
9377.207875023423	1200	23.601910426889056	0.0	536667	3308.967747673825	0.75	68.420849
9379.810778853966	1200	24.99900659634623	0.0	587236	2602.9038305428253	1.2	78.698824
9382.92689203682	1200	25.882893413492006	0.0	590335	3116.1131828542225	1.2	79.644231
9387.130080387522	1850	25.679705062790763	0.0	1076599	4203.188350701243	1.2000000000000002	90.791041
9390.229165795445	1850	26.580619654867704	0.0	758197	3099.0854079230603	1.85	87.50057
9394.182828414645	1850	26.6269570356673	0.0	972798	3953.6626192004023	1.85	88.832031
9399.295421465773	1850	25.514363984538516	0.0	975811	5112.593051128783	1.85	89.334885
9402.970275335067	1850	25.83951011524499	0.0	873429	3674.8538692935263	1.85	87.120667
9416.31057041652	2850	16.49921503379212	0.0	1497683	13340.295081452872	1.85	92.910185
9430.152897695772	2850	6.656887754538868	0.0	1358081	13842.327279253252	2.85	95.193139
9432.543760558447	750	8.266024891864214	0.0	412837	2390.862862674655	-1.35	49.996929
9434.717146832238	750	10.092638618074638	0.0	401088	2173.3862737895765	0.75	69.915275
9436.812307691265	750	11.997477759046921	0.0	365161	2095.160859027716	0.75	60.276519
9438.804546038637	750	14.005239411674467	0.0	321064	1992.238347372455	0.75	67.040505
9443.04339014542	1200	13.766395304892466	0.0	575591	4238.844106782001	0.75	77.292461
9447.142733792447	1200	13.667051657865512	0.0	605884	4099.343647026955	1.2	74.001829
9450.578638467883	1200	14.231146982427463	0.0	587506	3435.9046754380483	1.2	72.886388
9455.481136765933	1200	13.32864868437816	0.0	566904	4902.498298049303	1.2	86.974261
9460.549871892172	1200	12.25991355814038	0.0	641452	5068.735126237781	1.2	75.706383
9465.345619962753	1200	11.464165487559574	0.0	599477	4795.748070580804	1.2	71.343181
9469.944042458697	1200	10.865742991613017	0.0	634861	4598.422495946557	1.2	75.003938
9474.386788100044	1200	10.422997350268487	0.0	630203	4442.745641344531	1.2	77.745919
9479.337916335915	1200	9.471869114397203	0.0	638661	4951.128235871284	1.2	77.309224
9483.069925941147	1200	9.739859509163884	0.0	538612	3732.0096052333197	1.2	74.51099
9486.290977303714	1200	10.518808146597236	0.0	550906	3221.0513625666476	1.2	86.366143

