13753.364484604032	750	4.0	1.6132241480558394	450283	1613.2241480558394	-6.186863836640109	64.858346
13753.984641672458	300	7.379842931572882	0.0	155580	620.1570684271185	-0.15000000000000002	18.412623
13759.703118523716	2850	5.661366080315877	0.0	1300868	5718.476851257005	0.30000000000000027	90.483169
13762.376470519963	1200	6.988014084068149	0.0	617681	2673.351996247728	-0.44999999999999996	69.474665
13766.09889028861	1850	7.265594315421553	0.0	996749	3722.4197686465964	1.2000000000000002	75.455188
13769.72044257497	2850	7.644042029062037	0.0	1224260	3621.5522863595156	1.85	94.229141
13774.952929457228	2850	6.4115551468061165	0.0	1388403	5232.48688225592	2.85	97.582873
13776.900149799452	750	8.464334804580151	0.0	437162	1947.2203422259672	-1.35	69.475262
13779.531472076358	1200	9.833012527675246	0.0	584846	2631.322276904904	0.75	82.430225
13782.275617300347	1200	11.088867303686895	0.0	560821	2744.1452239883515	1.2	76.960357
13786.718124045648	1200	10.64636055838509	0.0	607410	4442.506745301803	1.2	82.096766
13789.75720471517	750	11.607279888862253	0.0	405134	3039.080669522839	0.3	59.00323
13792.54891173068	750	12.815572873351389	0.0	386351	2791.707015510864	0.75	59.358241
13796.121823143818	750	13.242661460213794	0.0	434409	3572.911413137595	0.75	56.692976
13797.476996849717	300	15.887487754313714	0.0	140051	1355.1737059000804	-0.15000000000000002	21.119447
13800.842510849776	750	16.52197375425644	0.0	366214	3365.514000057274	0.3	58.858709
13804.298882384015	750	17.065602220016455	0.0	360831	3456.3715342399837	0.75	60.531124
13805.70977547726	300	19.654709126771632	0.0	150616	1410.893093244826	-0.15000000000000002	35.116669
13808.443975849592	750	20.92050875444122	0.0	405596	2734.200372330411	0.3	60.564875
13810.337726970776	750	23.02675763325522	0.0	350713	1893.7511211860008	0.75	67.172129
13812.69429451012	750	24.670190093910726	0.0	386472	2356.5675393444935	0.75	62.777649
13814.823933754642	750	26.54055084938883	0.0	399894	2129.639244521896	0.75	55.443233
13816.60814068334	750	28.756343920690693	0.0	401853	1784.206928698138	0.75	47.960406
13819.311683343853	1200	30.05280126017958	0.0	536667	2703.5426605111097	0.75	68.420849
13826.858325990817	1200	26.506158613214705	0.0	587236	7546.642646964874	1.2	78.698824
13831.332127893607	750	26.03235671042268	0.0	379700	4473.801902792028	0.3	66.676537
13834.608656545082	750	26.755828058949483	0.0	425781	3276.5286514731943	0.75	65.665965
13836.622018110396	750	28.742466493636012	0.0	277716	2013.3615653134705	0.75	68.231907
13841.042823947748	1200	28.321660656284283	0.0	622896	4420.8058373517315	0.75	80.053124
13843.881953136382	1200	29.48253146765018	0.0	641447	2839.1291886341037	1.2	80.154442
13845.717359631815	1200	31.647124972216	0.0	570392	1835.4064954341768	1.2	78.009495
13849.111527195433	1850	32.252957408597936	0.0	954453	3394.1675636180703	1.2000000000000002	83.67714
13852.113164245908	1850	33.25132035812427	0.0	885062	3001.6370504736587	1.85	87.533761
13854.969075360901	1850	34.395409243129535	0.0	1035329	2855.9111149947344	1.85	71.430146
13858.592169643434	2850	34.772314960596994	0.0	1492672	3623.094282532545	1.85	99.177905
13863.1417720186	2850	34.22271258543104	0.0	1439896	4549.602375165956	2.85	97.217465
13867.739973301226	2850	33.62451130280517	0.0	1139291	4598.201282625872	2.85	93.825455
13877.788708495436	2850	27.57577610859592	0.0	1499009	10048.73519420925	2.85	93.982147
13885.550093939284	2850	23.81439066474847	0.0	1427478	7761.385443847454	2.85	90.92969
13892.244126544108	2850	21.120358059923262	0.0	1402287	6694.032604825206	2.85	91.34334
13897.981302434644	2850	19.383182169387787	0.0	1339500	5737.175890535478	2.85	97.297482
13904.04704852457	2850	17.317436079461395	0.0	1527299	6065.746089926394	2.85	92.902955
13909.402421540019	2850	15.962063064012279	0.0	1343002	5355.373015449115	2.85	87.659279
13915.27379251356	2850	14.09069209046948	0.0	1587250	5871.370973542798	2.85	95.172719
13920.483364118252	2850	12.881120485778329	0.0	1464921	5209.571604691151	2.85	96.481395
13925.031914055398	2850	12.332570548632638	0.0	1483527	4548.54993714569	2.85	95.602302
13928.901664732372	2850	12.462819871657866	0.0	1231456	3869.750676974773	2.85	92.485503
13932.58818602736	2850	12.77629857666974	0.0	1364537	3686.521294988126	2.85	97.895096

