6969.555587499692	750	4.0	4.043612194844198	450283	4043.6121948441983	-64.17252089601834	64.858346
6973.158084229605	750	4.397503270086706	0.0	398865	3602.496729913294	37.30694774282116	57.017244
6975.358082509973	750	6.197504989719165	0.0	350812	2199.998280367541	49.53439726135709	60.430767
6978.357929290076	750	7.197658209616832	0.0	382355	2999.8467801023326	39.207823032133746	55.551349
6982.803151692214	750	6.752435807479209	0.0	411561	4445.222402137623	35.708620955217725	51.003805
6986.494543836466	750	7.061043663226303	0.0	318564	3691.3921442529067	54.252000083560986	62.986308
6991.213302496905	750	6.3422850027864754	0.0	352642	4718.7586604398275	71.31441799403183	81.00828
6995.285427757877	750	6.270159741814874	0.0	437162	4072.125260971601	43.94053818670605	69.475262
6997.557358561386	750	7.998228938306548	0.0	374758	2271.930803508326	57.681454273815504	70.789292
7000.374144111028	750	9.181443388663931	0.0	362795	2816.785549642618	45.836272051926805	64.786022
7002.98713484264	750	10.568452657051399	0.0	353220	2612.9907316125314	58.18502339881593	70.008689
7007.615129299568	750	9.940458200124155	0.0	405134	4627.994456927246	35.63150226952917	59.00323
7010.413609087774	750	11.141978411918304	0.0	386351	2798.47978820585	47.71472422025977	59.358241
7013.308422084554	750	12.247165415137344	0.0	434409	2894.81299678096	42.523882025230556	56.692976
7017.703992736714	750	11.851594762977577	0.0	337059	4395.570652159768	41.66792139000558	54.76216
7022.863973650178	750	10.691613849513788	0.0	366214	5159.980913463789	48.406541934633836	58.858709
7027.362679994217	750	10.192907505474144	0.0	360831	4498.706344039642	49.100589048161304	60.531124
7031.211864366587	750	10.343723133103904	0.0	372963	3849.1843723702405	58.9438058139744	69.564049
7034.426111173165	750	11.129476326526465	0.0	405596	3214.2468065774397	39.08272725573663	60.564875
7038.372667946876	750	11.182919552815324	0.0	350713	3946.5567737111405	56.195305162945644	67.172129
7044.3457446657785	750	9.209842833912772	0.0	386472	5973.076718902554	45.8423031210838	62.777649
7049.041842981581	750	8.51374451810992	0.0	399894	4696.098315802849	36.51150936895389	55.443233
7058.170316941234	750	4.0	0.6147294415433534	401853	9128.473959653275	12.315135235957495	47.960406
7059.84291244873	300	6.327404492504347	0.0	137654	1672.595507495653	-41.21005319642976	6.466535
7061.105786839978	300	9.064530101256766	0.0	146754	1262.8743912475832	24.440878712625864	25.355956
7064.012764951065	750	10.157551990169189	0.0	379700	2906.978111087576	66.11917195197455	66.676537
7068.777858007488	750	9.392458933746266	0.0	425781	4765.093056422924	51.87874368281537	65.665965
7071.30906891027	750	10.861248030964445	0.0	277716	2531.210902781821	55.88863627581473	68.231907
7078.287429044397	750	7.882887896838063	0.0	400396	6978.360134126383	56.69205323288801	69.601487
7081.260876438534	750	8.909440502700432	0.0	400508	2973.4473941376295	52.88789921294314	67.821489
7082.650919342158	750	11.51939759907642	0.0	358218	1390.0429036240141	48.99180250230414	64.789531
7085.190175585425	1200	12.98014135580956	0.0	620283	2539.256243266859	61.5051011352081	72.909556
7087.727231686031	1200	14.443085255204412	0.0	584349	2537.056100605146	66.94207121321617	79.771897
7092.129749898558	1850	14.040567042677289	0.0	1035329	4402.518212527124	48.982062277546724	71.430146
7095.691537291806	1850	14.478779649429777	0.0	1026056	3561.787393247512	87.14972085184226	97.037422
7098.7498639915375	1850	15.42045294969777	0.0	943942	3058.326699732007	66.4141484151412	90.168439
7101.6449588669975	1850	16.52535807423691	0.0	728962	2895.0948754608617	65.87698482373372	86.066994
7113.875127041555	1850	8.295189899679361	0.0	938587	12230.168174557548	70.83169447059112	86.593761
7116.928401190958	1200	9.24191575027658	0.0	605884	3053.274149402782	46.650586200802564	74.001829
7120.715823368197	1850	9.454493573038114	0.0	930577	3787.4221772384644	70.9495815823091	83.556577
7122.872768392951	1200	11.29754854828358	0.0	566904	2156.945024754536	72.01535138746164	86.974261
7126.615857367191	1850	11.554459574044728	0.0	1025005	3743.0889742388517	67.7584082266182	85.276808
7130.114039065733	1850	12.056277875502953	0.0	886255	3498.181698541774	57.32324393169883	78.86339
7135.048703805032	1850	11.12161313620297	0.0	973972	4934.664739299983	70.98000474499611	84.84845
7142.158426213931	1850	8.011890727304245	0.0	958994	7109.722408898726	71.79614403033668	87.119023
7147.475767448052	1850	6.694549493183424	0.0	982064	5317.3412341208195	70.28304003058662	86.680563
7152.240846869834	1850	5.9294700714019095	0.0	830730	4765.0794217815155	65.71153085892459	84.040637
7154.594856549068	1200	7.575460392167366	0.0	550906	2354.009679234543	71.17489760187416	86.366143

