6896.004587025448	750	4.0	4.043612194844198	450283	4043.6121948441983	-16.63753243783005	64.858346
6897.661045432559	300	6.343541592888147	0.0	155580	1656.458407111853	-0.15000000000000002	18.412623
6898.929736560299	300	9.07485046514876	0.0	139857	1268.6911277393874	0.3	17.596212
6901.482816243541	750	10.521770781907584	0.0	382355	2553.0796832411756	0.3	55.551349
6904.411333747079	750	11.59325327836961	0.0	411561	2928.517503537973	0.75	51.003805
6908.057579909296	750	11.94700711615219	0.0	318564	3646.2461622174214	0.75	62.986308
6911.730004159007	750	12.274582866440628	0.0	352642	3672.42424971156	0.75	81.00828
6917.530564206212	750	10.474022819236144	0.0	437162	5800.560047204485	0.75	69.475262
6921.350751663945	750	10.653835361503113	0.0	374758	3820.187457733032	0.75	70.789292
6923.550170504514	750	12.454416520933254	0.0	362795	2199.418840569858	0.75	64.786022
6926.136071588727	750	13.868515436720928	0.0	353220	2585.901084212325	0.75	70.008689
6929.11462804814	750	14.889958977308188	0.0	405134	2978.556459412741	0.75	59.00323
6933.58315038964	750	14.421436635808142	0.0	386351	4468.522341500045	0.75	59.358241
6936.821701943797	750	15.182885081651145	0.0	434409	3238.551554156996	0.75	56.692976
6940.42284346531	1200	15.58174356013817	0.0	526950	3601.141521512976	0.75	67.735752
6948.648742952383	1200	11.355844073064356	0.0	587876	8225.899487073813	1.2	72.569044
6953.422431549655	750	10.582155475792211	0.0	360831	4773.688597272145	0.3	60.531124
6957.282142205203	750	10.722444820244728	0.0	372963	3859.7106555474825	0.75	69.564049
6960.602019825079	750	11.402567200369404	0.0	405596	3319.8776198753253	0.75	60.564875
6964.118034430019	750	11.886552595428377	0.0	350713	3516.0146049410278	0.75	67.172129
6970.451374149532	750	9.55321287591579	0.0	386472	6333.339719512588	0.75	62.777649
6974.973188318722	750	9.03139870672546	0.0	399894	4521.814169190328	0.75	55.443233
6984.125446877815	750	4.0	0.12085985236711895	401853	9152.25855909258	0.23030263482138857	47.960406
6985.7980423853105	300	6.327404492504347	0.0	137654	1672.595507495653	-0.15000000000000002	6.466535
6987.211522240946	300	8.913924636868966	0.0	146754	1413.4798556353812	0.3	25.355956
6988.454416240821	300	11.671030636994145	0.0	153938	1242.893999874821	0.3	22.855883
6989.878770644687	300	14.246676233127276	0.0	181901	1424.3544038668676	0.3	27.469573
6990.8726747821	300	17.252772095713823	0.0	111155	993.9041374134545	0.3	12.138089
6995.38077293989	750	16.74467393792338	0.0	400396	4508.098157790441	0.3	69.601487
6999.53109074015	750	16.59435613766391	0.0	400508	4150.317800259469	0.75	67.821489
7007.217981170893	1200	12.907465706920812	0.0	570392	7686.890430743101	0.75	78.009495
7008.94042362952	750	15.185023248293193	0.0	400322	1722.4424586276184	0.3	60.651768
7010.404485030037	750	17.72096184777648	0.0	369834	1464.061400516715	0.75	68.369339
7012.185287169989	750	19.94015970782474	0.0	412837	1780.8021399517381	0.75	49.996929
7015.214671158489	1200	20.910775719325077	0.0	690253	3029.383988499663	0.75	87.732581
7017.9134934148415	1200	22.211953462972428	0.0	598727	2698.822256352646	1.2	77.763467
7020.523422151598	1850	23.602024726215685	0.0	728962	2609.9287367567435	1.2000000000000002	86.066994
7023.659716263397	1850	24.465730614416778	0.0	938587	3136.294111798906	1.85	86.593761
7026.693182607254	1850	25.432264270559035	0.0	908665	3033.466343857743	1.85	82.415248
7041.343281843937	2850	14.782165033875948	0.0	1402287	14650.099236683085	1.85	91.34334
7043.813063599956	1200	16.31238327785686	0.0	566904	2469.781756019089	-0.44999999999999996	86.974261
7046.388476045	1200	17.73697083281225	0.0	641452	2575.412445044607	1.2	75.706383
7048.85479266532	1200	19.27065421249257	0.0	599477	2466.3166203196806	1.2	71.343181
7051.193348269096	1200	20.932098608717702	0.0	634861	2338.5556037748693	1.2	75.003938
7053.473803978001	1200	22.651642899811304	0.0	630203	2280.4557089063965	1.2	77.745919
7059.7497271634375	2850	20.375719714375574	0.0	1483527	6275.923185435732	1.2000000000000002	95.602302
7072.591260954505	4300	11.534185923308206	0.0	1961140	12841.533791067368	2.8499999999999996	99.97428
7079.711226197623	2850	8.41422068018989	0.0	1364537	7119.965243118314	1.4000000000000001	97.895096

