24059.542861217684	750	4.0	2.600378850967279	450283	2600.37885097	-10.431629059159299	64.858346
24067.90025102886	2850	4.0	4.357389811174858	1431809	8357.38981117	-17.98677618805189	90.683379
24079.622488637116	2850	4.0	7.722237608258029	1300868	11722.2376083	-30.35562171550952	90.483169
24091.736744505495	2850	4.0	8.114255868380827	1520281	12114.2558684	-32.04130023403755	89.788956
24111.502468961113	2850	4.0	15.765724455618725	1472558	19765.7244556	-64.94261515916052	85.928154
24123.89468965978	2850	4.0	8.392220698668249	1224260	12392.2206987	-33.23654900427346	94.229141
24132.31132034635	2850	4.0	4.416630686571262	1388403	8416.63068657	-16.141511952256423	97.582873
24144.132254098542	2850	4.0	7.82093375219215	1638769	11820.9337522	-30.780015134426243	97.908255
24152.298002004227	2850	4.0	4.165747905686171	1348011	8165.74790569	-15.062715994450533	96.808308
24161.65884040952	2850	4.0	5.360838405291699	1429765	9360.83840529	-20.201605142754303	94.962414
24169.904260355248	2850	4.0	4.245419945729449	1354548	8245.41994573	-15.405305766636628	95.957675
24182.839899780756	2850	4.0	8.935639425506825	1519951	12935.6394255	-35.573249529679345	92.483401
24189.67971457557	2850	4.0	2.8398147948122916	1422919	6839.81479481	-9.361203617692853	93.510922
24196.99152880424	2850	4.0	3.311814228669635	1578343	7311.81422867	-11.390801183279429	91.568178
24201.485562816648	2850	4.0	0.49403401240993755	1231445	4494.03401241	0.7256537466372688	88.830113
24206.818762083763	2850	4.0	1.3331992671167792	1471065	5333.19926712	-2.8827568486021504	93.514387
24211.632108900107	2850	4.0	0.81334681634349	1491626	4813.34681634	-0.647391310277007	94.650033
24216.207651589993	2850	4.0	0.575542689885241	1358801	4575.54268989	0.3751664334934639	92.142023
24220.98797058792	2850	4.0	0.7803189979285416	1537156	4780.31899793	-0.5053716910927291	89.30989
24226.3936311604	2850	4.0	1.4056605724811098	1336050	5405.66057248	-3.1943404616687716	93.680429
24229.91465237313	2850	4.478978787274417	0.0	1415116	3521.02121273	2.85	90.785318
24233.355742128042	2850	5.037889032360174	0.0	1468126	3441.08975491	2.85	89.398189
24237.496260623862	2850	4.89737053653792	0.0	1505760	4140.51849582	2.85	85.954529
24240.572963909337	2850	5.820667251063315	0.0	1323990	3076.70328547	2.85	89.320458
24244.535636419372	2850	5.8579947410271975	0.0	1383735	3962.67251004	2.85	93.348429
24250.488547295397	2850	4.0	0.09491613499919459	1480464	5952.91087603	2.4418606195034633	97.271626
24257.855153676745	2850	4.0	3.3666063813467115	1547572	7366.60638135	-11.62640743979086	97.509012
24264.149084971643	2850	4.0	2.293931294899914	1141971	6293.9312949	-7.013904568069631	93.311238
24269.517295031586	2850	4.0	1.3682100599417335	1498470	5368.21005994	-3.0333032577494534	96.041687
24275.709294935834	2850	4.0	2.1919999042495566	1561263	6191.99990425	-6.575599588273093	96.863845
24280.719039153486	2850	4.0	1.009744217651788	1341201	5009.74421765	-1.491900135902688	94.816085
24286.135443265932	2850	4.0	1.416404112446592	1497683	5416.40411245	-3.2405376835203454	92.910185
24293.83061148735	2850	4.0	3.6951682214130077	1358081	7695.16822141	-13.039223352075933	95.193139
24301.08635499974	2850	4.0	3.2557435123926664	1587293	7255.74351239	-11.149697103288466	81.858634
24308.904022857987	2850	4.0	3.8176678582478134	1492672	7817.66785825	-13.565971790465598	99.177905
24316.708416307516	2850	4.0	3.804393449530853	1439896	7804.39344953	-13.508891832982668	97.217465
24325.930955852888	2850	4.0	5.222539545372216	1139291	9222.53954537	-19.606920045100527	93.825455
24338.449145288378	2850	4.0	8.518189435490832	1499009	12518.1894355	-33.77821457261057	93.982147
24349.609348813523	2850	4.0	7.1602035251462075	1427478	11160.2035251	-27.93887515812869	90.92969
24369.993778316602	2850	4.0	16.384429503078184	1402287	20384.4295031	-67.6030468632362	91.34334
24380.891914682343	2850	4.0	6.898136365740967	1339500	10898.1363657	-26.811986372686157	97.297482
24392.111108884594	2850	4.0	7.219194202253342	1527299	11219.1942023	-28.192535069689367	92.902955
24400.045694836568	2850	4.0	3.934585951972069	1343002	7934.58595197	-14.068719593479896	87.659279
24409.97481240998	2850	4.0	5.929117573412015	1587250	9929.11757341	-22.645205565671663	95.172719
24419.637866769135	2850	4.0	5.663054359156795	1464921	9663.05435916	-21.501133744374215	96.481395
24430.085640404828	2850	4.0	6.447773635693639	1483527	10447.7736357	-24.875426633482643	95.602302
24439.32548270076	2850	4.0	5.2398422959289075	1231456	9239.84229593	-19.6813218724943	92.485503
24445.80067969949	2850	4.0	2.4751969987306985	1364537	6475.19699873	-7.793347094542003	97.895096

