15474.3467689	750	4.0	1.5823407749373364	450283	1582.34077494	-6.054065332230546	64.858346
15479.7835732	2850	4.0	1.4368042293719099	1431809	5436.80422937	-5.428258186299212	90.683379
15484.9105967	2850	4.0	1.127023570682738	1300868	5127.02357068	-1.9962013539357737	90.483169
15491.1303584	2850	4.0	2.219761692356837	1520281	6219.76169236	-6.694975277134398	89.788956
15497.2635935	2850	4.0	2.13323508229457	1472558	6133.23508229	-6.3229108538666505	85.928154
15501.982783	2850	4.0	0.7191894772824317	1224260	4719.18947728	-0.24251475231445596	94.229141
15508.270999	2850	4.0	2.2882160051031097	1388403	6288.2160051	-6.9893288219433725	97.582873
15515.2375792	2850	4.0	2.9665802013831244	1638769	6966.58020138	-9.906294865947435	97.908255
15521.0358648	2850	4.0	1.7982856377083034	1348011	5798.28563771	-4.882628242145705	96.808308
15527.7349887	2850	4.0	2.6991238375850326	1429765	6699.12383759	-8.75623250161564	94.962414
15535.8892523	2850	4.0	4.154263604628651	1354548	8154.26360463	-15.013333499903199	95.957675
15544.1046797	2850	4.0	4.2154274275701304	1519951	8215.42742757	-15.276337938551562	92.483401
15556.0516357	2850	4.0	7.9469560430413075	1422919	11946.956043	-31.321910985077622	93.510922
15569.1673778	2850	4.0	9.115742075237973	1578343	13115.7420752	-36.34769092352328	91.568178
15586.2834841	2850	4.0	13.116106297793719	1231445	17116.1062978	-53.54925708051299	88.830113
15601.276851	2850	4.0	10.993366893971366	1471065	14993.366894	-44.42147764407687	93.514387
15610.4649999	2850	4.0	5.188148850981146	1491626	9188.14885098	-19.459040059218925	94.650033
15620.3858447	2850	4.0	5.920844877360263	1358801	9920.84487736	-22.60963297264913	92.142023
15629.5354626	2850	4.0	5.149617903183238	1537156	9149.61790318	-19.293356983687918	89.30989
15638.0351768	2850	4.0	4.499714197440922	1336050	8499.71419744	-16.498771048995962	93.680429
15646.692303	2850	4.0	4.6571261498559995	1415116	8657.12614986	-17.175642444380795	90.785318
15659.4835058	2850	4.0	8.791202787783321	1468126	12791.2027878	-34.952171987468276	89.398189
15666.9409781	2850	4.0	3.4574723197320574	1505760	7457.47231973	-12.017130974847847	85.954529
15673.1784744	2850	4.0	2.2374963375824026	1323990	6237.49633758	-6.771234251604332	89.320458
15678.472737	2850	4.0	1.2942625358179394	1383735	5294.26253582	-2.7153289040171393	93.348429
15684.0151618	2850	4.0	1.5424247884029	1480464	5542.4247884	-3.7824265901324696	97.271626
15688.9516063	2850	4.0	0.9364445938245999	1547572	4936.44459382	-1.1767117534457792	97.509012
15692.9396849	2850	4.01192147704957	0.0	1141971	3988.07852295	2.85	93.311238
15697.541872	2850	4.0	0.5902656846845061	1498470	4602.18716173	0.31185755585662367	96.041687
15703.7240163	2850	4.0	2.1821442821922155	1561263	6182.14428219	-6.533220413426527	96.863845
15707.0993642	2850	4.624652139951643	0.0	1341201	3375.34786005	2.85	94.816085
15710.6229892	2850	5.101027101043822	0.0	1497683	3523.62503891	2.85	92.910185
15713.7530561	2850	5.97096019278624	0.0	1358081	3130.06690826	2.85	95.193139
15717.9703035	2850	5.753712837349492	0.0	1587293	4217.24735544	2.85	81.858634
15722.4280921	2850	5.29592417148409	0.0	1492672	4457.78866587	2.85	99.177905
15728.0496448	2850	4.0	0.3256285146040445	1439896	5621.55268609	1.4497973872026086	97.217465
15732.3972062	2850	4.0	0.3475613684066584	1139291	4347.56136841	1.355486115851369	93.825455
15738.4078122	2850	4.0	2.010606017186143	1499009	6010.60601719	-5.7956058739004135	93.982147
15744.0987195	2850	4.0	1.690907262594258	1427478	5690.90726259	-4.420901229155309	90.92969
15750.0081964	2850	4.0	1.9094768857225954	1402287	5909.47688572	-5.360750608607161	91.34334
15755.3085646	2850	4.0	1.3003682025970849	1339500	5300.3682026	-2.7415832711674644	97.297482
15761.9554469	2850	4.0	2.6468822869584145	1527299	6646.88228696	-8.531593833921182	92.902955
15767.7554725	2850	4.0	1.8000256851377745	1343002	5800.02568514	-4.8901104460924305	87.659279
15774.4508764	2850	4.0	2.6954038556712603	1587250	6695.40385567	-8.74023657938642	95.172719
15782.8403008	2850	4.0	4.389424426479371	1464921	8389.42442648	-16.02452503386129	96.481395
15790.2711569	2850	4.0	3.430856062085597	1483527	7430.85606209	-11.902681066968066	95.602302
15797.577636	2850	4.0	3.3064791175144066	1231456	7306.47911751	-11.367860205311947	92.485503
15809.9419049	2850	4.0	8.364268942786158	1364537	12364.2689428	-33.11635645398047	97.895096

