18819.9742761	750	4.0	2.7857807865153212	450283	2785.78078652	-11.228857382015882	64.858346
18827.1912274	2850	4.0	3.216951351859512	1431809	7216.95135186	-13.0828908129959	90.683379
18832.7749298	2850	4.0	1.583702378961394	1300868	5583.70237896	-3.9599202295339935	90.483169
18839.9170704	2850	4.0	3.1421405666056024	1520281	7142.14056661	-10.66120443640409	89.788956
18847.561623	2850	4.0	3.6445526855631925	1472558	7644.55268556	-12.821576547921728	85.928154
18854.5244112	2850	4.0	2.962788164473028	1224260	6962.78816447	-9.889989107234019	94.229141
18861.1373991	2850	4.0	2.612987926758401	1388403	6612.98792676	-8.385848085061124	97.582873
18869.1239894	2850	4.0	3.986590317493843	1638769	7986.59031749	-14.292338365223523	97.908255
18875.2266926	2850	4.0	2.1027031425474108	1348011	6102.70314255	-6.191623512953866	96.808308
18882.299684	2850	4.0	3.0729914179625593	1429765	7072.99141796	-10.363863097239005	94.962414
18889.7182546	2850	4.0	3.4185705652898157	1354548	7418.57056529	-11.849853430746208	95.957675
18897.6123915	2850	4.0	3.8941369236108674	1519951	7894.13692361	-13.894788771526729	92.483401
18908.2106936	2850	4.0	6.598302139484165	1422919	10598.3021395	-25.522699199781908	93.510922
18918.1594759	2850	4.0	5.948782306588543	1578343	9948.78230659	-22.72976391833073	91.568178
18923.5961161	2850	4.0	1.4366401305816079	1231445	5436.64013058	-3.3275525615009136	88.830113
18930.4952005	2850	4.0	2.899084410509523	1471065	6899.08441051	-9.616062965190949	93.514387
18937.2875318	2850	4.0	2.792331278863011	1491626	6792.33127886	-9.157024499110946	94.650033
18943.9521411	2850	4.0	2.6646093649184603	1358801	6664.60936492	-8.607820269149379	92.142023
18955.2843154	2850	4.0	7.332174222279036	1537156	11332.1742223	-28.678349155799854	89.30989
18966.3447733	2850	4.0	7.060457900513471	1336050	11060.4579005	-27.509968972207925	93.680429
18981.3745228	2850	4.0	11.029749544117626	1415116	15029.7495441	-44.57792303970579	90.785318
18994.9799624	2850	4.0	9.60543963074849	1468126	13605.4396307	-38.4533904122185	89.398189
19003.9122507	2850	4.0	4.932288319918003	1505760	8932.28831992	-18.35883977564741	85.954529
19011.3932173	2850	4.0	3.4809665707695947	1323990	7480.96657077	-12.118156254309257	89.320458
19020.9872182	2850	4.0	5.594000858877498	1383735	9594.00085888	-21.20420369317324	93.348429
19029.429936	2850	4.0	4.442717796388432	1480464	8442.71779639	-16.253686524470254	97.271626
19038.7750542	2850	4.0	5.345118252902601	1547572	9345.1182529	-20.134008487481182	97.509012
19043.4063853	2850	4.0	0.6313311137669252	1141971	4631.33111377	0.13527621080222207	93.311238
19049.7587754	2850	4.0	2.3523900879495594	1498470	6352.39008795	-7.2652773781831055	96.041687
19057.9240631	2850	4.0	4.165287630144567	1561263	8165.28763014	-15.060736809621636	96.863845
19064.7103901	2850	4.0	2.7863270890813703	1341201	6786.32708908	-9.131206483049892	94.816085
19091.7604897	2850	4.0	23.050099560182478	1497683	27050.0995602	-96.26542810878466	92.910185
19110.3790022	2850	4.0	14.618512524658636	1358081	18618.5125247	-60.00960385603213	95.193139
19118.6536837	2850	4.0	4.274681421681138	1587293	8274.68142168	-15.531130113228892	81.858634
19130.6520158	2850	4.0	7.998332102744562	1492672	11998.3321027	-31.542828041801613	99.177905
19137.2816727	2850	4.0	2.6296569275856374	1439896	6629.65692759	-8.45752478861824	97.217465
19142.2373167	2850	4.0	0.9556440193699609	1139291	4955.64401937	-1.2592692832908319	93.825455
19149.3046059	2850	4.0	3.0672892147353585	1499009	7067.28921474	-10.339343623362042	93.982147
19156.7238755	2850	4.0	3.419269616455238	1427478	7419.26961646	-11.852859350757523	90.92969
19164.4925764	2850	4.0	3.7687008280393113	1402287	7768.70082804	-13.355413560569039	91.34334
19170.8566571	2850	4.0	2.3640807164578637	1339500	6364.08071646	-7.315547080768814	97.297482
19178.3635369	2850	4.0	3.506879801411071	1527299	7506.87980141	-12.229583146067604	92.902955
19184.435417	2850	4.0	2.071880158677207	1343002	6071.88015868	-6.05908468231199	87.659279
19192.1233029	2850	4.0	3.687885814603176	1587250	7687.8858146	-13.007909002793657	95.172719
19200.7834146	2850	4.0	4.660111759833844	1464921	8660.11175983	-17.188480567285527	96.481395
19208.2138736	2850	4.0	3.430458977605168	1483527	7430.45897761	-11.900973603702223	95.602302
19217.8739401	2850	4.0	5.660066510504852	1231456	9660.0665105	-21.488285995170862	92.485503
19226.535117	2850	4.0	4.661176853719966	1364537	8661.17685372	-17.193060470995853	97.895096

