13058.096445898344	750	4.0	1.26305294249572	450283	1263.05294249572	-4.681127652731596	64.858346
13058.537350843322	300	7.559095055021564	0.0	155580	440.9049449784362	-0.15000000000000002	18.412623
13060.01522200818	1200	10.081223890163042	0.0	571051	1477.8711648585222	0.29999999999999993	73.587374
13062.584051113136	1200	11.512394785207508	0.0	617681	2568.8291049555323	1.2	69.474665
13065.261510058452	1200	12.834935839891706	0.0	652874	2677.458945315803	1.2	64.23322
13068.115948452982	1850	13.980497445362019	0.0	801058	2854.4383945296872	1.2000000000000002	86.249306
13071.219542388884	1850	14.87690350945944	0.0	905515	3103.5939359025797	1.85	94.086702
13073.854570840133	1200	16.24187505821029	0.0	709534	2635.028451249148	0.5499999999999999	82.426144
13076.702793694718	1850	17.393652203626036	0.0	852833	2848.222854584254	1.2000000000000002	90.218296
13080.016446964555	1850	18.07999893378977	0.0	913888	3313.653269836264	1.85	86.733288
13083.76512764599	1850	18.331318252353604	0.0	939819	3748.680681436166	1.85	89.239922
13087.416512378457	1850	18.679933519888223	0.0	917428	3651.384732465383	1.85	82.202545
13091.477313075946	1850	18.619132822396985	0.0	946851	4060.8006974912378	1.85	83.629776
13095.568448162245	1850	18.52799773609871	0.0	1036454	4091.1350862982754	1.85	80.875505
13098.487002060456	1850	19.609443837886584	0.0	821631	2918.5538982121225	1.85	78.494849
13102.066550366768	1850	20.02989553157338	0.0	923170	3579.548306313205	1.85	83.7301
13105.460478110546	1850	20.635967787795423	0.0	966699	3393.927743777956	1.85	86.226021
13108.682270052515	1850	21.41417584582616	0.0	885714	3221.7919419692644	1.85	85.258591
13111.908810691059	1850	22.187635207282707	0.0	987708	3226.5406385434553	1.85	79.995224
13117.731802222064	2850	20.364643676278	0.0	1336050	5822.991531004709	1.85	93.680429
13121.483182839153	1850	20.61326305918823	0.0	891604	3751.3806170897706	0.8500000000000001	81.773294
13124.767716134987	1850	21.328729763353873	0.0	955231	3284.5332958343583	1.85	79.031768
13127.810659825243	1850	22.28578607309828	0.0	968026	3042.9436902555917	1.85	73.123347
13132.113395566535	2850	21.983050331805963	0.0	1323990	4302.735741292314	1.85	89.320458
13138.98868351928	2850	19.107762379061707	0.0	1383735	6875.287952744257	2.85	93.348429
13142.388160281633	1850	19.708285616709595	0.0	905935	3399.476762352112	0.8500000000000001	89.133614
13146.775839127477	1850	19.320606770863577	0.0	1076599	4387.678845846018	1.85	90.791041
13152.700175912052	2850	17.396269986288615	0.0	1141971	5924.336784574965	1.85	93.311238
13157.832144107588	1850	16.26430179075338	0.0	972798	5131.968195535236	0.8500000000000001	88.832031
13159.777287492097	1200	18.319158406242465	0.0	641447	1945.1433845109127	0.5499999999999999	80.154442
13164.183640765506	1850	17.912805132834787	0.0	873429	4406.35327340768	1.2000000000000002	87.120667
13168.34874487884	1850	17.74770101950271	0.0	954453	4165.104113332074	1.85	83.67714
13172.712296112857	1850	17.384149785485395	0.0	885062	4363.551234017316	1.85	87.533761
13175.588155044079	1200	18.508290854265123	0.0	670129	2875.8589312202716	0.5499999999999999	62.28877
13179.314116027774	1850	18.782329870569217	0.0	1026056	3725.960983695906	1.2000000000000002	97.037422
13182.597049982964	1850	19.499395915380646	0.0	943942	3282.9339551885723	1.85	90.168439
13186.543293116452	2850	19.553152781892166	0.0	1139291	3946.243133488481	1.85	93.825455
13190.063333611855	1850	20.033112286489178	0.0	938587	3520.0404954029914	0.8500000000000001	86.593761
13195.345463115511	1850	18.750982782832494	0.0	908665	5282.12950365668	1.85	82.415248
13199.1124542689	1850	18.98399162944559	0.0	930577	3766.991153386903	1.85	83.556577
13202.802612402693	1850	19.29383349565154	0.0	858450	3690.1581337940506	1.85	92.068418
13206.751098820327	1850	19.34534707801653	0.0	1025005	3948.48641763501	1.85	85.276808
13210.428965469846	1850	19.66748042849737	0.0	886255	3677.8666495191615	1.85	78.86339
13212.601125087513	1850	21.4953208108312	0.0	973972	2172.1596176661697	1.85	84.84845
13215.615753477488	1850	22.480692420855764	0.0	958994	3014.6283899754344	1.85	87.119023
13219.769555479215	2850	22.326890419127686	0.0	1483527	4153.8020017280805	1.85	95.602302
13223.409063830692	2850	22.687382067650233	0.0	1231456	3639.5083514774515	2.85	92.485503
13227.825125624222	2850	22.271320274119265	0.0	1364537	4416.061793530968	2.85	97.895096

