56489.03914737234	750	4.0	4.3779972098671385	450283	4377.99720987	-18.075388002428696	64.858346
56499.886329124754	2850	4.0	6.847181752415763	1431809	10847.1817524	-28.69288153538778	90.683379
56508.682909261726	2850	4.0	4.796580136970044	1300868	8796.58013697	-17.775294588971185	90.483169
56521.16121617416	2850	4.0	8.478306912429474	1520281	12478.3069124	-33.60671972344674	89.788956
56536.66806976497	2850	4.0	11.506853590817025	1472558	15506.8535908	-46.6294704405132	85.928154
56547.66817493773	2850	4.0	7.0001051727584676	1224260	11000.1051728	-27.250452242861407	94.229141
56559.23751370077	2850	4.0	7.56933876303838	1388403	11569.338763	-29.69815668106503	97.582873
56572.020242842686	2850	4.0	8.782729141919837	1638769	12782.7291419	-34.9157353102553	97.908255
56583.005560743426	2850	4.0	6.985317900740973	1348011	10985.3179007	-27.18686697318618	96.808308
56595.741612390746	2850	4.0	8.736051647322912	1429765	12736.0516473	-34.71502208348851	94.962414
56609.52306633283	2850	4.0	9.781453942084006	1354548	13781.4539421	-39.21025195096122	95.957675
56623.50500311922	2850	4.0	9.981936786392563	1519951	13981.9367864	-40.07232818148802	92.483401
56636.01386076543	2850	4.0	8.508857646207382	1422919	12508.8576462	-33.738087878691736	93.510922
56655.61847067853	2850	4.0	15.6046099131003	1578343	19604.6099131	-64.2498226263313	91.568178
56665.569095877276	2850	4.0	5.950625198743348	1231445	9950.62519874	-22.737688354596393	88.830113
56682.060763313	2850	4.0	12.491667435717169	1471065	16491.6674357	-50.86416997358382	93.514387
56702.84672706475	2850	4.0	16.785963751753233	1491626	20785.9637518	-69.3296441325389	94.650033
56724.27781946338	2850	4.0	17.4310923986296	1358801	21431.0923986	-72.10369731410728	92.142023
56765.674701695774	2850	4.0	37.39688223240019	1537156	41396.8822324	-157.9565935993208	89.30989
56793.72882907782	2850	4.0	24.054127382047994	1336050	28054.127382	-100.58274774280638	93.680429
56807.367370639266	2850	4.0	9.638541561437043	1415116	13638.5415614	-38.59572871417928	90.785318
56818.43266204001	2850	4.0	7.065291400742406	1468126	11065.2914007	-27.530753023192343	89.398189
56828.71903310391	2850	4.0	6.286371063895119	1505760	10286.3710639	-24.18139557474901	85.954529
56840.240069438405	2850	4.0	7.521036334497656	1323990	11521.0363345	-29.490456238339917	89.320458
56855.34549688753	2850	4.0	11.105427449121043	1383735	15105.4274491	-44.903338031220486	93.348429
56867.962034656804	2850	4.0	8.616537769281527	1480464	12616.5377693	-34.201112407910564	97.271626
56880.54202211589	2850	4.0	8.57998745908762	1547572	12579.9874591	-34.043946074076764	97.509012
56889.68706141646	2850	4.0	5.145039300563985	1141971	9145.03930056	-19.273668992425133	93.311238
56901.53889573457	2850	4.0	7.851834318118774	1498470	11851.8343181	-30.91288756791073	96.041687
56916.5048843865	2850	4.0	10.965988651931195	1561263	14965.9886519	-44.30375120330413	96.863845
56929.905678369134	2850	4.0	9.400793982633507	1341201	13400.7939826	-37.57341412532408	94.816085
56943.0300865845	2850	4.0	9.124408215364879	1497683	13124.4082154	-36.384955326068976	92.910185
56955.52224877448	2850	4.0	8.492162189980766	1358081	12492.16219	-33.66629741691729	95.193139
56974.60420552701	2850	4.0	15.08195675252712	1587293	19081.9567525	-62.002414035866614	81.858634
56987.02653931382	2850	4.0	8.422333786806524	1492672	12422.3337868	-33.36603528326805	99.177905
57007.400819985785	2850	4.0	16.374280671965863	1439896	20374.280672	-67.55940688945321	97.217465
57021.16855467884	2850	4.0	9.767734693061316	1139291	13767.7346931	-39.151259180163656	93.825455
57046.76785451732	2850	4.0	21.599299838473037	1499009	25599.2998385	-90.02698930543406	93.982147
57089.307050762516	2850	4.0	38.539196245200415	1427478	42539.1962452	-162.86854385436177	90.92969
57113.2928380848	2850	4.0	19.985787322281986	1402287	23985.7873223	-83.08888548581254	91.34334
57125.373066631386	2850	4.0	8.080228546579097	1339500	12080.2285466	-31.89498275029011	97.297482
57136.94993021069	2850	4.0	7.576863579312707	1527299	11576.8635793	-29.73051339104464	92.902955
57146.07245753633	2850	4.0	5.122527325633327	1343002	9122.52732563	-19.176867500223306	87.659279
57159.88159262048	2850	4.0	9.809135084152091	1587250	13809.1350842	-39.32928086185399	95.172719
57175.7858515914	2850	4.0	11.904258970924687	1464921	15904.2589709	-48.33831357497615	96.481395
57188.17942778516	2850	4.0	8.393576193754276	1483527	12393.5761938	-33.242377633143384	95.602302
57198.06155387904	2850	4.0	5.882126093875795	1231456	9882.12609388	-22.443142203665914	92.485503
57209.9770208368	2850	4.0	7.915466957764877	1364537	11915.4669578	-31.18650791838897	97.895096

