75217.2305165598	750	4.0	2.7039540741785544	450283	2703.95407418	-10.877002518967783	64.858346
75224.25193948064	2850	4.0	3.0214229208496852	1431809	7021.42292085	-12.242118559653646	90.683379
75236.20661031667	2850	4.0	7.95467083602979	1300868	11954.670836	-31.355084594928094	90.483169
75245.88146181277	2850	4.0	5.6748514960863154	1520281	9674.85149609	-21.551861433171155	89.788956
75252.88792147562	2850	4.0	3.0064596628487723	1472558	7006.45966285	-10.077776550249721	85.928154
75259.4061648784	2850	4.0	2.518243402780827	1224260	6518.24340278	-7.978446631957556	94.229141
75270.59254188891	2850	4.0	7.18637701050818	1388403	11186.3770105	-28.051421145185174	97.582873
75287.02448679676	2850	4.0	12.431944907845143	1638769	16431.9449078	-50.60736310373411	97.908255
75298.1196101478	2850	4.0	7.0951233510464355	1348011	11095.123351	-27.65903040949967	96.808308
75307.22700321717	2850	4.0	5.10739306935394	1429765	9107.39306935	-19.111790198221943	94.962414
75316.34504520198	2850	4.0	5.118041984814386	1354548	9118.04198481	-19.157580534701857	95.957675
75327.92432272749	2850	4.0	7.579277525515917	1519951	11579.2775255	-29.74089335971844	92.483401
75337.03142959364	2850	4.0	5.1071068661482	1422919	9107.10686615	-19.11055952443726	93.510922
75358.54270060349	2850	4.0	17.51127100984409	1578343	21511.2710098	-72.4484653423296	91.568178
75368.74002664663	2850	4.0	6.197326043138885	1231445	10197.3260431	-23.798501985497204	88.830113
75376.61894301124	2850	4.0	3.8789163646111446	1471065	7878.91636461	-13.829340367827923	93.514387
75383.66099675372	2850	4.0	3.0420537424878495	1491626	7042.05374249	-10.230831092697754	94.650033
75389.88480170997	2850	4.0	2.223804956244807	1358801	6223.80495624	-6.7123613118526695	92.142023
75398.88831961919	2850	4.0	5.003517909232142	1537156	9003.51790923	-18.665127009698207	89.30989
75407.89261012305	2850	4.0	5.004290503861992	1336050	9004.29050386	-18.668449166606564	93.680429
75422.38275232291	2850	4.0	10.490142199853945	1415116	14490.1421999	-42.257611459371965	90.785318
75434.93039030695	2850	4.0	8.547637984040305	1468126	12547.637984	-33.90484333137331	89.398189
75455.2890440283	2850	4.0	16.358653721352876	1505760	20358.6537214	-67.49221100181737	85.954529
75480.85271855872	2850	4.0	21.563674530414403	1323990	25563.6745304	-89.87380048078194	89.320458
75505.31003598083	2850	4.0	20.45731742212651	1383735	24457.3174221	-85.11646491514401	93.348429
75527.32956066533	2850	4.0	18.01952468448621	1480464	22019.5246845	-74.6339561432907	97.271626
75538.46862689251	2850	4.0	7.139066227177584	1547572	11139.0662272	-27.84798477686361	97.509012
75546.04091583031	2850	4.0	3.5722889378145135	1141971	7572.28893781	-12.510842432602407	93.311238
75558.65589268344	2850	4.0	8.61497685313966	1498470	12614.9768531	-34.19440046850054	96.041687
75567.13904801274	2850	4.0	4.483155329296155	1561263	8483.1553293	-16.427567915973462	96.863845
75573.29088922695	2850	4.0	2.151841214192368	1341201	6151.84121419	-6.402917221027183	94.816085
75585.00099284473	2850	4.0	7.710103617781373	1497683	11710.1036178	-30.3034455564599	92.910185
75592.38830487164	2850	4.0	3.3873120268967223	1358081	7387.3120269	-11.715441715655906	95.193139
75612.02825309176	2850	4.0	15.639948220138704	1587293	19639.9482201	-64.40177734659643	81.858634
75621.68887071629	2850	4.0	5.660617624516506	1492672	9660.61762452	-21.490655785420973	99.177905
75631.26857203578	2850	4.0	5.579701319504433	1439896	9579.7013195	-21.14271567386906	97.217465
75640.39398935172	2850	4.0	5.125417315929673	1139291	9125.41731593	-19.189294458497592	93.825455
75650.76579688596	2850	4.0	6.371807534239519	1499009	10371.8075342	-24.54877239722993	93.982147
75664.64004590645	2850	4.0	9.874249020494036	1427478	13874.2490205	-39.60927078812435	90.92969
75681.4769104113	2850	4.0	12.836864504854798	1402287	16836.8645049	-52.348517370875626	91.34334
75690.03951688434	2850	4.0	4.56260647304904	1339500	8562.60647305	-16.76920783411087	97.297482
75697.67434309545	2850	4.0	3.6348262111052154	1527299	7634.82621111	-12.779752707752426	92.902955
75703.67078533139	2850	4.0	1.9964422359325635	1343002	5996.44223593	-5.734701614510023	87.659279
75711.96008084138	2850	4.0	4.28929550999461	1587250	8289.29550999	-15.593970692976823	95.172719
75720.96383891626	2850	4.0	5.0037580748834385	1464921	9003.75807488	-18.666159721998785	96.481395
75735.01010709512	2850	4.0	10.04626817886859	1483527	14046.2681789	-40.34895316913494	95.602302
75745.27714701663	2850	4.0	6.267039921501453	1231456	10267.0399215	-24.09827166245625	92.485503
75759.64608627436	2850	4.0	10.368939257732366	1364537	14368.9392577	-41.73643880824917	97.895096

