11320.033806201678	750	4.0	6.650702047500183	450283	6650.702047500184	-27.84801880425079	64.858346
11323.242138243055	300	4.7916679586228605	0.0	155580	3208.33204137714	-0.15000000000000002	18.412623
11325.995236022023	300	6.038570179654275	0.0	139857	2753.0977789685853	0.3	17.596212
11329.584725349241	300	6.449080852435839	0.0	155432	3589.4893272184354	0.3	19.997309
11333.079048614372	300	6.9547575873057905	0.0	163442	3494.323265130049	0.3	16.877619
11334.634610690027	300	9.399195511649754	0.0	126289	1555.5620756560363	0.3	18.579568
11343.125780593358	1200	4.908025608318863	0.0	561791	8491.16990333089	0.29999999999999993	89.177904
11346.468289243927	300	5.565516957750524	0.0	173849	3342.508650568339	-0.6000000000000001	35.451274
11349.263955103823	300	6.769851097856452	0.0	150710	2795.6658598940717	0.3	28.497356
11351.189381475004	300	8.844424726675905	0.0	139105	1925.4263711805459	0.3	21.660501
11355.883444660589	750	8.150361541089381	0.0	353220	4694.063185586524	0.3	70.008689
11360.530197412583	750	7.503608789094486	0.0	405134	4646.752751994895	0.75	59.00323
11364.913181683514	750	7.120624518164284	0.0	386351	4382.984270930201	0.75	59.358241
11370.038475415706	750	5.995330785972654	0.0	434409	5125.293732191631	0.75	56.692976
11371.685920523183	300	8.347885678495222	0.0	140051	1647.4451074774304	-0.15000000000000002	21.119447
11376.297203617434	750	7.736602584244381	0.0	366214	4611.283094250841	0.3	58.858709
11381.341991565085	750	6.6918146365948195	0.0	360831	5044.787947649562	0.75	60.531124
11383.250552266174	300	8.783253935503698	0.0	150616	1908.5607010911215	-0.15000000000000002	35.116669
11386.986200708337	750	9.047605493340622	0.0	405596	3735.6484421630735	0.3	60.564875
11391.917118756615	1200	8.116687445062453	0.0	586839	4930.918048278169	0.75	79.134663
11396.633888924245	750	7.399917277432711	0.0	386472	4716.770167629743	0.3	62.777649
11402.017448769253	750	6.01635743242545	0.0	399894	5383.55984500726	0.75	55.443233
11403.990343352521	300	8.043462849157642	0.0	163927	1972.894583267809	-0.15000000000000002	16.837774
11406.88443249275	750	9.14937370892958	0.0	343800	2894.089140228061	0.3	55.451197
11413.021792249885	1200	7.012013951794493	0.0	587236	6137.359757135088	0.75	78.698824
11418.444857430239	750	5.588948771440191	0.0	379700	5423.065180354301	0.3	66.676537
11421.592076164616	300	6.441730037062589	0.0	181901	3147.218734377602	-0.15000000000000002	27.469573
11423.901749395427	300	8.132056806251597	0.0	111155	2309.6732308109918	0.3	12.138089
11428.934470117667	750	7.099336084010905	0.0	400396	5032.720722240692	0.3	69.601487
11432.504034689951	750	7.529771511726557	0.0	400508	3569.5645722843483	0.75	67.821489
11436.616886607531	750	7.416919594147374	0.0	358218	4112.8519175791835	0.75	64.789531
11444.925272188368	750	4.0	0.8914659866875718	400322	8308.385580834945	-3.083303742756559	60.651768
11448.020510952054	300	4.904761236312906	0.0	143881	3095.2387636870944	-0.15000000000000002	25.091594
11451.140349452415	300	5.784922735950462	0.0	163444	3119.838500362443	0.3	17.178658
11455.301323493564	300	5.623948694800852	0.0	179328	4160.9740411496105	0.3	28.893466
11458.127367004105	300	6.797905184260901	0.0	159914	2826.0435105399515	0.3	21.738399
11459.509674772105	300	9.415597416257974	0.0	131610	1382.3077680029276	0.3	28.4111
11464.90056548977	1200	8.024706698593326	0.0	575591	5390.890717664647	0.29999999999999993	77.292461
11467.823370354772	750	9.101901833592486	0.0	378327	2922.804865000842	0.3	62.32333
11472.290821657143	1200	8.634450531220267	0.0	587506	4467.451302372218	0.75	72.886388
11475.945680094022	750	8.97959209434077	0.0	345516	3654.858436879496	0.3	79.583372
11484.743089389263	750	4.182182799100767	0.0	384505	8797.409295240004	0.75	64.443828
11487.591130971201	300	5.334141217162057	0.0	145210	2848.04158193871	-0.15000000000000002	23.926655
11491.565436404522	300	5.359835783841139	0.0	172312	3974.305433320918	0.3	26.146503
11495.76327127755	300	5.162000910812202	0.0	167025	4197.834873028938	0.3	26.908827
11498.794404946186	300	6.130867242177556	0.0	160064	3031.133668634646	0.3	27.591437
11500.525213909359	300	8.400058279003012	0.0	137507	1730.8089631745415	0.3	25.36694
11503.380090878218	750	9.545181310143931	0.0	314107	2854.8769688590814	0.3	75.210559

