20094.7790801	750	4.0	2.731225734575557	450283	2731.22573458	-10.994270658674894	64.858346
20109.6638577	2850	4.0	10.884777617305282	1431809	14884.7776173	-46.05454375441271	90.683379
20122.1716157	2850	4.0	8.507758002772086	1300868	12507.7580028	-33.73335941191996	90.483169
20133.5556315	2850	4.0	7.384015849809115	1520281	11384.0158498	-28.901268154179192	89.788956
20145.897323	2850	4.0	8.341691443656542	1472558	12341.6914437	-33.019273207723124	85.928154
20153.3182067	2850	4.0	3.4208837512163917	1224260	7420.88375122	-11.859800130230484	94.229141
20160.9231276	2850	4.0	3.60492089254438	1388403	7604.92089254	-12.651159837940835	97.582873
20170.8672386	2850	4.0	5.944111025610748	1638769	9944.11102561	-22.70967741012621	97.908255
20177.9854486	2850	4.0	3.118209982547779	1348011	7118.20998255	-10.558302924955449	96.808308
20184.1609105	2850	4.0	2.175461913172655	1429765	6175.46191317	-6.504486226642417	94.962414
20190.1000062	2850	4.0	1.939095675775644	1354548	5939.09567578	-5.488111405835269	95.957675
20195.9864435	2850	4.0	1.8864372735004762	1519951	5886.4372735	-5.261680276052047	92.483401
20201.7813472	2850	4.0	1.7949037585991974	1422919	5794.9037586	-4.868086161976548	93.510922
20207.4281409	2850	4.0	1.6467936779195143	1578343	5646.79367792	-4.231212815053912	91.568178
20212.903936	2850	4.0	1.4757950711086123	1231445	5475.79507111	-3.4959188057670327	88.830113
20220.8621905	2850	4.0	3.9582544879460646	1471065	7958.25448795	-14.170494298168078	93.514387
20228.5525671	2850	4.0	3.690376593878058	1491626	7690.37659388	-13.018619353675648	94.650033
20234.5361515	2850	4.0	1.9835844623395213	1358801	5983.58446234	-5.679413188059941	92.142023
20243.7261847	2850	4.0	5.190033166769616	1537156	9190.03316677	-19.467142617109346	89.30989
20250.596804	2850	4.0	2.870619305349829	1336050	6870.61930535	-9.493663013004264	93.680429
20257.8597543	2850	4.0	3.2629502902548895	1415116	7262.95029025	-11.180686248096025	90.785318
20265.7808528	2850	4.0	3.9210984464154026	1468126	7921.09844642	-14.010723319586232	89.398189
20272.4580365	2850	4.0	2.677183749389822	1505760	6677.18374939	-8.661890122376235	85.954529
20276.4862306	2850	4.0	0.028194115516152123	1323990	4028.19411552	2.728765303280546	89.320458
20281.3280026	2850	4.0	0.8417720303182914	1383735	4841.77203032	-0.7696197303686527	93.348429
20286.3420042	2850	4.0	1.0140015954586388	1480464	5014.00159546	-1.5102068604721466	97.271626
20293.4302453	2850	4.0	3.0882410954222688	1547572	7088.24109542	-10.429436710315755	97.509012
20297.9560315	2850	4.0	0.5257861810910718	1141971	4525.78618109	0.5891194213083915	93.311238
20303.1463281	2850	4.0	1.190296533615403	1498470	5190.29653362	-2.2682750945462327	96.041687
20313.8902327	2850	4.0	6.7439046913294165	1561263	10743.9046913	-26.148790172716488	96.863845
20320.0661532	2850	4.0	2.175920439208876	1341201	6175.92043921	-6.506457888598167	94.816085
20331.2211306	2850	4.0	7.154977394580234	1497683	11154.9773946	-27.916402796695003	92.910185
20344.4412666	2850	4.0	9.220136024217393	1358081	13220.1360242	-36.79658490413478	95.193139
20365.8901037	2850	4.0	17.448837147799953	1587293	21448.8371478	-72.1799997355398	81.858634
20381.756476	2850	4.0	11.866372248090396	1492672	15866.3722481	-48.175400666788704	99.177905
20395.8890904	2850	4.0	10.132614421019163	1439896	14132.614421	-40.7202420103824	97.217465
20408.0501352	2850	4.0	8.161044787959696	1139291	12161.044788	-32.24249258822669	93.825455
20419.3137731	2850	4.0	7.263637853531862	1499009	11263.6378535	-28.383642770187006	93.982147
20431.3766636	2850	4.0	8.062890491435594	1427478	12062.8904914	-31.82042911317305	90.92969
20440.072242	2850	4.0	4.695578467769843	1402287	8695.57846777	-17.34098741141032	91.34334
20447.3732793	2850	4.0	3.301037318375845	1339500	7301.03731838	-11.344460469016132	97.297482
20456.7560444	2850	4.0	5.3827650865738	1527299	9382.76508657	-20.295889872267335	92.902955
20464.0310818	2850	4.0	3.2750374125486523	1343002	7275.03741255	-11.232660873959205	87.659279
20471.0212912	2850	4.0	2.990209398905693	1587250	6990.20939891	-10.007900415294479	95.172719
20477.5202201	2850	4.0	2.4989288876446225	1464921	6498.92888764	-7.8953942168718765	96.481395
20483.2675904	2850	4.0	1.7473702290383009	1483527	5747.37022904	-4.663691984864693	95.602302
20488.5386313	2850	4.0	1.2710409802036502	1231456	5271.0409802	-2.6154762148756956	92.485503
20493.1816593	2850	4.0	0.6430280120601783	1364537	4643.02801206	0.08497954814123343	97.895096

