10938.857232726132	750	4.0	2.7039540741785544	450283	2703.9540741785545	0.5	-10.877002518967783	64.858346
10939.717459602747	300	7.139773123385195	0.0	155580	860.2268766148045	0.5	-0.15000000000000002	18.412623
10942.398450386832	1200	8.45878233930163	0.0	571051	2680.9907840835667	0.5	0.29999999999999993	73.587374
10945.373013350054	1200	9.484219376079222	0.0	617681	2974.5629632224077	0.5	1.2	69.474665
10950.922310522214	1200	7.934922203920767	0.0	652874	5549.2971721584545	0.5	1.2	64.23322
10954.905830342686	1200	7.951402383448925	0.0	520315	3983.5198204718417	0.5	1.2	75.14582
10959.473681809486	750	7.383550916647093	0.0	352642	4567.851466801832	0.5	0.3	81.00828
10962.292844437443	750	8.564388288691188	0.0	437162	2819.162627955906	0.5	0.75	69.475262
10964.664985448038	750	10.192247278095545	0.0	374758	2372.1410105956415	0.5	0.75	70.789292
10966.763581260642	750	12.093651465492101	0.0	362795	2098.595812603444	0.5	0.75	64.786022
10968.85354759613	750	14.003685130004094	0.0	353220	2089.9663354880067	0.5	0.75	70.008689
10970.966293549016	750	15.890939177117707	0.0	405134	2112.745952886387	0.5	0.75	59.00323
10973.882342459472	1200	16.97489026666276	0.0	624282	2916.0489104549447	0.5	0.75	73.534048
10977.054880099073	1200	17.80235262706192	0.0	687371	3172.537639600839	0.5	1.2	70.998108
10981.623342211948	1850	17.233890514189024	0.0	821631	4568.462112872898	0.5	1.2000000000000002	78.494849
10990.021826745042	1850	12.835405981092794	0.0	923170	8398.48453309623	0.5	1.85	83.7301
10995.347416217895	1850	11.509816508240496	0.0	966699	5325.589472852297	0.5	1.85	86.226021
11000.392752071557	1200	10.46448065457793	0.0	581493	5045.335853662566	0.5	0.5499999999999999	79.137254
11010.002714446367	1200	4.854518279768385	0.0	639204	9609.962374809546	0.5	1.2	72.000653
11010.980039750992	300	7.877192975144054	0.0	140881	977.32530462433	0.5	-0.6000000000000001	26.782579
11012.270137685962	300	10.587095040174168	0.0	157671	1290.0979349698866	0.5	0.3	28.807059
11014.122156528472	300	12.735076197663629	0.0	157812	1852.0188425105382	0.5	0.3	21.07483
11016.46809980673	300	14.389132919405911	0.0	163927	2345.943278257718	0.5	0.3	16.837774
11017.539986314634	300	17.317246411502413	0.0	137654	1071.886507903496	0.5	0.3	6.466535
11019.94251305273	750	18.91471967340598	0.0	359903	2402.5267380964324	0.5	0.3	66.786337
11022.639828493115	750	20.21740423302164	0.0	379700	2697.3154403843387	0.5	0.75	66.676537
11025.380070846213	750	21.477161879923507	0.0	425781	2740.242353098134	0.5	0.75	65.665965
11028.871415458801	1200	21.98581726733455	0.0	487160	3491.3446125889577	0.5	0.75	80.893459
11032.25007430992	1200	22.607158416215672	0.0	622896	3378.658851118878	0.5	1.2	80.053124
11036.992067517484	1200	21.865165208653483	0.0	641447	4741.993207562191	0.5	1.2	80.154442
11040.899659214252	1200	21.95757351188446	0.0	570392	3907.5916967690246	0.5	1.2	78.009495
11046.74025088553	1200	20.116981840607142	0.0	620283	5840.591671277312	0.5	1.2	72.909556
11050.357002319182	1200	20.50023040695321	0.0	584349	3616.751433653933	0.5	1.2	79.771897
11055.505815279412	1200	19.351417446724824	0.0	670129	5148.812960228386	0.5	1.2	62.28877
11059.308149730066	1200	19.549082996070275	0.0	690253	3802.334450654549	0.5	1.2	87.732581
11070.844493945107	1850	12.012738781029961	0.0	943942	11536.344215040315	0.5	1.2000000000000002	90.168439
11077.305971816319	1200	9.551260909819076	0.0	487812	6461.477871210885	0.5	0.5499999999999999	77.846693
11084.658509149136	1200	6.198723577000739	0.0	575591	7352.537332818338	0.5	1.2	77.292461
11086.101632350666	300	8.755600375469568	0.0	144254	1443.1232015311707	0.5	-0.6000000000000001	12.774971
11087.489116616005	300	11.368116110131798	0.0	149991	1387.4842653377707	0.5	0.3	17.21265
11088.721425610744	300	14.135807115392877	0.0	147968	1232.3089947389192	0.5	0.3	5.263918
11090.019790889099	300	16.837441837036227	0.0	161857	1298.3652783566533	0.5	0.3	26.901789
11092.477031220491	750	18.38020150564483	0.0	372093	2457.2403313913965	0.5	0.3	58.879512
11096.178833947915	1200	18.678398778218487	0.0	634861	3701.8027274263436	0.5	0.75	75.003938
11099.46603182423	1200	19.391200901903854	0.0	630203	3287.197876314628	0.5	1.2	77.745919
11104.307355640874	1850	18.549877085257343	0.0	982064	4841.323816646511	0.5	1.2000000000000002	86.680563
11108.130632771254	1850	18.726599954878672	0.0	830730	3823.27713037867	0.5	1.85	84.040637
11114.418629609838	2850	16.43860311629403	0.0	1364537	6287.996838584641	0.5	1.85	97.895096

