20133.693513027756	750	4.0	6.212365695121308	450283	6212.365695121308	-25.963172489021623	64.858346
20135.200602281773	300	6.492910745984942	0.0	155580	1507.089254015058	-0.15000000000000002	18.412623
20136.77014978237	300	8.923363245387266	0.0	139857	1569.547500597674	0.3	17.596212
20140.153131004976	300	9.54038202278418	0.0	155432	3382.981222603087	0.3	19.997309
20142.55910404702	300	11.134408980739513	0.0	163442	2405.973042044665	0.3	16.877619
20143.96093314363	300	13.732579884127976	0.0	126289	1401.8290966115378	0.3	18.579568
20145.670679192433	300	16.02283383532257	0.0	153295	1709.746048805408	0.3	42.291519
20148.192565756195	300	17.50094727156205	0.0	173849	2521.88656376052	0.3	35.451274
20152.951784888843	750	16.741728138916027	0.0	374758	4759.2191326460215	0.3	70.789292
20157.061183194473	750	16.632329833284782	0.0	362795	4109.398305631247	0.75	64.786022
20159.337036041343	750	18.356476986415075	0.0	353220	2275.8528468697073	0.75	70.008689
20162.32974747858	750	19.363765549178087	0.0	405134	2992.711437236987	0.75	59.00323
20165.376617514503	750	20.31689551325534	0.0	386351	3046.8700359227455	0.75	59.358241
20172.541924536043	750	17.1515884917158	0.0	434409	7165.307021539538	0.75	56.692976
20177.708241945085	750	15.985271082673284	0.0	337059	5166.317409042516	0.75	54.76216
20186.559684489992	750	11.133828537764735	0.0	366214	8851.442544908548	0.75	58.858709
20190.223860472895	300	11.469652554859396	0.0	143509	3664.175982905339	-0.15000000000000002	18.452936
20194.423674193782	300	11.269838833974147	0.0	150616	4199.81372088525	0.3	35.116669
20197.610992599555	300	12.082520428201851	0.0	165384	3187.318405772295	0.3	26.310814
20198.98620312574	300	14.707309902015925	0.0	140881	1375.2105261859256	0.3	26.782579
20200.383057975447	300	17.31045505231067	0.0	157671	1396.854849705257	0.3	28.807059
20201.81738819076	300	19.87612483699608	0.0	157812	1434.3302153145871	0.3	21.07483
20203.358224067422	300	22.335288960332765	0.0	163927	1540.835876663316	0.3	16.837774
20206.174033854222	750	23.519479173531007	0.0	343800	2815.8097868017594	0.3	55.451197
20209.475536194608	750	24.217976833146146	0.0	359903	3301.5023403848595	0.75	66.786337
20214.273540660237	1200	23.419972367516312	0.0	590335	4798.004465629835	0.75	79.644231
20220.590172144653	1200	21.103340883096806	0.0	696376	6316.631484419505	1.2	80.745588
20228.869846123496	1200	16.823666904253578	0.0	487160	8279.673978843228	1.2	80.893459
20247.5776346238	1200	4.0	1.8841215960511837	622896	18707.788500304763	-6.9017228630200895	80.053124
20251.53020432523	300	4.047430298573712	0.0	149029	3952.569701426288	-0.6000000000000001	23.365013
20254.604690251756	300	4.972944372045709	0.0	157421	3074.485926528003	0.3	25.589487
20257.055213344294	300	6.522421279505992	0.0	157488	2450.5230925397177	0.3	17.795984
20259.262158098165	300	8.315476525634152	0.0	143881	2206.9447538718387	0.3	25.091594
20261.704907708678	300	9.872726915119198	0.0	163444	2442.7496105149544	0.3	17.178658
20264.590977209464	300	10.986657414332138	0.0	179328	2886.069500787061	0.3	28.893466
20268.123523742197	300	11.454110881601784	0.0	159914	3532.5465327303527	0.3	21.738399
20270.28855012158	300	13.289084502217358	0.0	131610	2165.0263793844256	0.3	28.4111
20272.234189763443	300	15.343444860355866	0.0	124011	1945.6396418614918	0.3	21.943337
20274.267849474618	300	17.30978514918247	0.0	144254	2033.6597111733972	0.3	12.774971
20276.30766275174	300	19.269971872056246	0.0	149991	2039.8132771262235	0.3	17.21265
20278.849650557513	300	20.727984066282595	0.0	147968	2541.9878057736496	0.3	5.263918
20282.520036100035	300	21.057598523762564	0.0	161857	3670.3855425200295	0.3	26.901789
20284.87081495412	300	22.70681966967447	0.0	145210	2350.778854088093	0.3	23.926655
20287.645412061105	300	23.93222256268716	0.0	172312	2774.5971069873103	0.3	26.146503
20289.607001168413	300	25.97063345537915	0.0	167025	1961.5891073080104	0.3	26.908827
20292.72917269445	750	26.84846192934399	0.0	393804	3122.1715260351584	0.3	62.845425
20298.40087167465	1200	25.17676294914428	0.0	538612	5671.698980199712	0.75	74.51099
20303.541859517303	1200	24.03577510649018	0.0	550906	5140.987842654096	1.2	86.366143

