14133.406094619157	750	4.0	7.229722006325715	450283	7229.722006325715	-30.337804627200573	64.858346
14135.888662585903	300	5.517432033254713	0.0	155580	2482.567966745287	-0.15000000000000002	18.412623
14138.139340561906	300	7.266754057251941	0.0	139857	2250.6779760027725	0.3	17.596212
14141.423155165985	300	7.982939453173061	0.0	155432	3283.8146040788806	0.3	19.997309
14145.324097665813	300	8.081996953345817	0.0	163442	3900.9424998272434	0.3	16.877619
14148.140882817022	300	9.265211802135669	0.0	126289	2816.785151210147	0.3	18.579568
14151.388080015542	300	10.018014603615459	0.0	153295	3247.1971985202117	0.3	42.291519
14153.949786819565	300	11.456307799592997	0.0	173849	2561.706804022462	0.3	35.451274
14155.873667440781	300	13.532427178375375	0.0	150710	1923.8806212176214	0.3	28.497356
14157.669789610518	300	15.736305008638867	0.0	139105	1796.1221697365083	0.3	21.660501
14159.52002291619	300	17.88607170296915	0.0	141840	1850.2333056697157	0.3	2.177717
14161.118261735839	300	20.287832883318192	0.0	156148	1598.2388196509605	0.3	19.431299
14164.081625060779	750	21.32446955838014	0.0	386351	2963.3633249380505	0.3	59.358241
14167.365547262183	750	22.04054735697608	0.0	434409	3283.922201404062	0.75	56.692976
14171.122474062835	750	22.283620556322344	0.0	337059	3756.926800653735	0.75	54.76216
14174.851240789112	750	22.554853830045516	0.0	366214	3728.766726276831	0.75	58.858709
14177.521826643586	750	23.88426797557013	0.0	360831	2670.5858544753864	0.75	60.531124
14182.605529996552	1200	22.800564622605087	0.0	581493	5083.703352965041	0.75	79.137254
14190.378211895155	1200	19.027882724002183	0.0	639204	7772.681898602907	1.2	72.000653
14200.113346250007	1200	13.29274836915095	0.0	586839	9735.134354851232	1.2	79.134663
14207.77564833488	1200	9.630446284278186	0.0	601738	7662.302084872764	1.2	74.235946
14211.767329720422	750	9.638764898734749	0.0	399894	3991.681385543438	0.3	55.443233
14217.878744752727	750	7.527349866429717	0.0	401853	6111.415032305032	0.75	47.960406
14220.534361877271	300	8.871732741884385	0.0	137654	2655.617124545333	-0.15000000000000002	6.466535
14225.00639883741	300	8.399695781746187	0.0	146754	4472.036960138198	0.3	25.355956
14228.075273793123	300	9.330820826032623	0.0	153938	3068.874955713565	0.3	22.855883
14230.503561298434	300	10.902533320722426	0.0	181901	2428.2875053101966	0.3	27.469573
14232.305093626477	300	13.101000992678692	0.0	111155	1801.532328043736	0.3	12.138089
14235.007645542797	300	14.39844907635915	0.0	153605	2702.551916319542	0.3	28.256686
14237.120311900777	300	16.285782718378474	0.0	149029	2112.6663579806755	0.3	23.365013
14238.758716450875	300	18.647378168280753	0.0	157421	1638.4045500977193	0.3	25.589487
14240.307425723857	300	21.09866889530046	0.0	157488	1548.7092729802935	0.3	17.795984
14243.575513291476	750	21.83058132768099	0.0	369834	3268.087567619469	0.3	68.369339
14248.383331037116	750	21.02276358204258	0.0	412837	4807.817745638411	0.75	49.996929
14252.802542726604	750	20.603551892553977	0.0	401088	4419.211689488601	0.75	69.915275
14256.01519068945	750	21.39090392970864	0.0	365161	3212.647962845337	0.75	60.276519
14259.105358785519	750	22.30073583363865	0.0	321064	3090.16809606999	0.75	67.040505
14265.15170176905	750	20.25439285010801	0.0	361565	6046.342983530638	0.75	66.788635
14271.43588852522	750	17.97020609393855	0.0	378327	6284.186756169461	0.75	62.32333
14280.297762014092	750	13.108332605066273	0.0	390680	8861.87348887228	0.75	61.525566
14285.731661756714	750	11.674432862442494	0.0	345516	5433.899742623778	0.75	79.583372
14287.795470341824	300	13.610624277332851	0.0	161857	2063.8085851096416	-0.15000000000000002	26.901789
14289.68767639047	300	15.718418228687542	0.0	145210	1892.2060486453106	0.3	23.926655
14291.580055128108	300	17.826039491047712	0.0	172312	1892.378737639833	0.3	26.146503
14293.066556303449	300	20.339538315708225	0.0	167025	1486.5011753394858	0.3	26.908827
14295.986799614118	750	21.419295005038858	0.0	393804	2920.2433106693675	0.3	62.845425
14304.271840385534	1850	17.13425423362348	0.0	830730	8285.040771415377	0.75	84.040637
14311.070524999095	1850	14.335569620062921	0.0	846370	6798.684613560558	1.85	92.020773

