11720.134351103494	750	4.0	3.998697299309292	450283	3998.697299309292	-16.444398387029956	64.858346
11721.51632969658	300	6.61802140691262	0.0	155580	1381.9785930873804	-0.15000000000000002	18.412623
11722.955674396524	300	9.178676706968677	0.0	139857	1439.3446999439418	0.3	17.596212
11724.245404832607	300	11.888946270885826	0.0	155432	1289.730436082851	0.3	19.997309
11725.48082113268	300	14.65352997081187	0.0	163442	1235.416300073955	0.3	16.877619
11729.237475364433	750	14.896875739060945	0.0	318564	3756.6542317509243	0.3	62.986308
11737.902974620418	750	10.23137648307479	0.0	352642	8665.499255986157	0.75	81.00828
11741.438789598868	300	10.695561504625188	0.0	173849	3535.8149784496018	-0.15000000000000002	35.451274
11743.626132999321	300	12.50821810417022	0.0	150710	2187.3434004549663	0.3	28.497356
11745.435480410368	300	14.698870693124219	0.0	139105	1809.3474110460002	0.3	21.660501
11747.498277486948	300	16.636073616542937	0.0	141840	2062.7970765812834	0.3	2.177717
11749.721078703966	300	18.413272399525994	0.0	156148	2222.801217016942	0.3	19.431299
11751.797597886138	300	20.3367532173546	0.0	160746	2076.5191821713925	0.3	21.445722
11757.23623203451	750	18.898119068982684	0.0	434409	5438.634148371921	0.3	56.692976
11760.64408281819	750	19.490268285303777	0.0	337059	3407.8507836789054	0.75	54.76216
11764.415564218994	750	19.71878688449902	0.0	366214	3771.4814008047565	0.75	58.858709
11767.502691331543	750	20.631659771950734	0.0	360831	3087.12711254829	0.75	60.531124
11770.965450672336	750	21.168900431157862	0.0	372963	3462.759340792874	0.75	69.564049
11775.410290794012	750	20.72406030948045	0.0	405596	4444.84012167741	0.75	60.564875
11779.238796263002	750	20.89555484049236	0.0	350713	3828.5054689880917	0.75	67.172129
11783.36383542256	750	20.770515680933066	0.0	386472	4125.039159559291	0.75	62.777649
11787.636840429259	750	20.49751067423434	0.0	399894	4273.005006698723	0.75	55.443233
11793.349501477658	750	18.7848496258359	0.0	401853	5712.661048398441	0.75	47.960406
11803.246632084762	1200	12.887719018732946	0.0	536667	9897.130607102954	0.75	68.420849
11810.077515647634	1200	10.056835455860913	0.0	587236	6830.8835628720335	1.2	78.698824
11816.872384179276	750	7.261966924217946	0.0	379700	6794.868531642967	0.3	66.676537
11818.822321275893	300	9.312029827599877	0.0	181901	1949.9370966180684	-0.15000000000000002	27.469573
11820.007096652394	300	12.127254451100232	0.0	111155	1184.7753764996455	0.3	12.138089
11822.031232973206	300	14.103118130288513	0.0	153605	2024.1363208117193	0.3	28.256686
11823.9298827718	300	16.20446833169548	0.0	149029	1898.6497985930314	0.3	23.365013
11825.574479592324	300	18.559871511171114	0.0	157421	1644.5968205243694	0.3	25.589487
11829.146645327099	750	18.98770577639635	0.0	400322	3572.165734774764	0.3	60.651768
11832.509342254956	750	19.625008848538897	0.0	369834	3362.6969278574484	0.75	68.369339
11836.933311652792	750	19.201039450702254	0.0	412837	4423.969397836645	0.75	49.996929
11843.104299294573	750	17.030051808923055	0.0	401088	6170.9876417792	0.75	69.915275
11846.625598138435	750	17.508752965060886	0.0	365161	3521.29884386217	0.75	60.276519
11849.04602237031	750	19.088328733185023	0.0	321064	2420.4242318758634	0.75	67.040505
11851.729762040075	750	20.404589063421323	0.0	361565	2683.739669763699	0.75	66.788635
11854.164139734221	750	21.970211369273976	0.0	378327	2434.377694147347	0.75	62.32333
11856.676330647735	750	23.458020455760263	0.0	390680	2512.190913513712	0.75	61.525566
11859.557751468226	750	24.57659963526911	0.0	345516	2881.4208204911547	0.75	79.583372
11862.629886138579	750	25.504464964917357	0.0	384505	3072.134670351749	0.75	64.443828
11867.13891038502	1200	24.99544071847562	0.0	599477	4509.024246441741	0.75	71.343181
11872.174665393937	1200	23.959685709557466	0.0	634861	5035.755008918155	1.2	75.003938
11877.942510639734	1200	22.19184046376109	0.0	630203	5767.845245796378	1.2	77.745919
11885.241850744047	1850	18.892500359449592	0.0	982064	7299.340104311497	1.2000000000000002	86.680563
11891.15654211809	1850	16.977808985406703	0.0	830730	5914.691374042885	1.85	84.040637
11906.833721614505	2850	5.300629488992196	0.0	1364537	15677.179496414508	1.85	97.895096

