15263.854569860321	750	4.0	6.819045761582508	450283	6819.045761582508	-28.571896774804785	64.858346
15265.801545527434	300	6.053024332886424	0.0	155580	1946.975667113577	-0.15000000000000002	18.412623
15271.60950238345	1200	4.245067476870396	0.0	571051	5807.956856016027	0.29999999999999993	73.587374
15272.791223275588	300	7.063346584731362	0.0	155432	1181.720892139035	-0.6000000000000001	19.997309
15276.225341681371	1200	7.6292281789496466	0.0	652874	3434.1184057817154	0.29999999999999993	64.23322
15278.306294599584	1200	9.54827526073414	0.0	520315	2080.952918215505	1.2	75.14582
15281.282542902914	1200	10.572026957404749	0.0	561791	2976.2483033293915	1.2	89.177904
15286.134010358393	1850	9.720559501927113	0.0	1060487	4851.467455477637	1.2000000000000002	90.155937
15289.367284134578	1850	10.48728572574255	0.0	852833	3233.273776184562	1.85	90.218296
15293.160139211865	1850	10.694430648455429	0.0	913888	3792.8550772871213	1.85	86.733288
15294.762045385625	750	13.0925244746957	0.0	353220	1601.9061737597283	-0.3500000000000001	70.008689
15297.420876153577	1200	14.433693706743878	0.0	594078	2658.830767951823	0.75	70.906301
15300.081893268825	1200	15.772676591494776	0.0	624282	2661.0171152491016	1.2	73.534048
15302.971136412558	1200	16.883433447763185	0.0	687371	2889.243143731591	1.2	70.998108
15305.747500488216	1200	18.10706937210467	0.0	526950	2776.364075658516	1.2	67.735752
15315.948903857072	1200	11.905666003249276	0.0	587876	10201.403368855394	1.2	72.569044
15318.177891951022	300	13.676677909299162	0.0	143509	2228.988093950115	-0.6000000000000001	18.452936
15319.981765824836	300	15.872804035484938	0.0	150616	1803.8738738142242	0.3	35.116669
15321.880547198456	300	17.974022661864698	0.0	165384	1898.7813736202395	0.3	26.310814
15323.350015341304	300	20.504554519015457	0.0	140881	1469.4681428492433	0.3	26.782579
15324.622903498208	300	23.23166636211238	0.0	157671	1272.8881569030739	0.3	28.807059
15326.953540346592	750	24.901029513727167	0.0	399894	2330.636848385213	0.3	55.443233
15333.107663025223	750	22.74690683509643	0.0	401853	6154.122678630739	0.75	47.960406
15334.967651771785	300	24.886918088532965	0.0	137654	1859.9887465634636	-0.15000000000000002	6.466535
15336.68205226173	300	27.172517598588588	0.0	146754	1714.4004899443785	0.3	25.355956
15340.714296490032	750	27.140273370286543	0.0	379700	4032.2442283020437	0.3	66.676537
15343.833346278849	750	28.021223581471272	0.0	425781	3119.049788815271	0.75	65.665965
15345.365868040719	750	30.488701819601932	0.0	277716	1532.5217618693428	0.75	68.231907
15347.767814549912	1200	32.08675531040763	0.0	622896	2401.946509194303	0.75	80.053124
15351.078221996862	1200	32.77634786345625	0.0	641447	3310.407446951377	1.2	80.154442
15355.09635315334	1850	32.758216706978935	0.0	873429	4018.1311564773114	1.2000000000000002	87.120667
15358.860679000836	1850	32.99389085948384	0.0	954453	3764.3258474950903	1.85	83.67714
15362.45391364494	1850	33.4006562153792	0.0	885062	3593.234644104644	1.85	87.533761
15367.04332509278	1850	32.811244767540266	0.0	1035329	4589.411447838938	1.85	71.430146
15371.33808043411	1850	32.516489426209645	0.0	1026056	4294.755341330619	1.85	97.037422
15376.060473336265	1850	31.794096524055853	0.0	943942	4722.392902153792	1.85	90.168439
15388.816600343982	1850	23.037969516338677	0.0	728962	12756.127007717174	1.85	86.066994
15396.322553479184	1850	19.532016381136653	0.0	938587	7505.953135202024	1.85	86.593761
15408.175231368154	1850	11.67933849216638	0.0	908665	11852.677888970275	1.85	82.415248
15414.666692320203	1850	9.187877540117514	0.0	930577	6491.460952048867	1.85	83.556577
15415.967763933057	750	11.886805927264835	0.0	345516	1301.0716128526792	-0.3500000000000001	79.583372
15419.10755493888	1200	12.747014921441261	0.0	641452	3139.7910058235743	0.75	75.706383
15421.951283330938	1200	13.903286529383502	0.0	599477	2843.7283920577584	1.2	71.343181
15424.937693333106	1200	14.916876527215337	0.0	634861	2986.410002168166	1.2	75.003938
15428.572809806446	1850	15.281760053876082	0.0	958994	3635.1164733392548	1.2000000000000002	87.119023
15432.71343661507	1850	15.141133245251849	0.0	982064	4140.626808624233	1.85	86.680563
15436.364158102686	1850	15.490411757636931	0.0	830730	3650.7214876149174	1.85	84.040637
15439.946019520163	1850	15.908550340158756	0.0	846370	3581.861417478175	1.85	92.020773

