25006.74677732038	750	4.0	3.7572090788844412	450283	3757.209078884441	-15.405999039203095	64.858346
25007.977511934303	300	6.76926538607515	0.0	155580	1230.7346139248493	-0.15000000000000002	18.412623
25010.697305127884	750	8.049472192492635	0.0	350812	2719.793193582516	0.3	60.430767
25015.995164211465	750	6.751613108915324	0.0	382355	5297.85908357731	0.75	55.551349
25018.64654110152	300	8.100236218858356	0.0	163442	2651.3768900569676	-0.15000000000000002	16.877619
25020.198587723575	300	10.548189596799995	0.0	126289	1552.0466220583614	0.3	18.579568
25021.523351405714	300	13.223425914660297	0.0	153295	1324.7636821396986	0.3	42.291519
25022.67401480036	300	16.072762520015672	0.0	173849	1150.6633946446261	0.3	35.451274
25023.99894618897	300	18.74783113140308	0.0	150710	1324.9313886125885	0.3	28.497356
25025.24606853261	300	21.50070878776289	0.0	139105	1247.122343640192	0.3	21.660501
25029.38666284454	750	21.360114475836447	0.0	353220	4140.594311926441	0.3	70.008689
25034.086880370505	750	20.65989694986988	0.0	405134	4700.217525966569	0.75	59.00323
25037.414871613197	750	21.33190570717809	0.0	386351	3327.9912426917867	0.75	59.358241
25044.48083045616	750	18.265946864216385	0.0	434409	7065.958842961709	0.75	56.692976
25052.77137487099	750	13.9754024493866	0.0	337059	8290.544414829785	0.75	54.76216
25056.950921701697	300	13.795855618679786	0.0	138313	4179.546830706814	-0.15000000000000002	19.984984
25060.95408270699	300	13.792694613385304	0.0	143509	4003.1610052944834	0.3	18.452936
25064.055769180257	300	14.691008140121438	0.0	150616	3101.686473263866	0.3	35.116669
25067.839252443544	300	14.907524876832648	0.0	165384	3783.4832632887906	0.3	26.310814
25072.577327174793	300	14.169450145582251	0.0	140881	4738.074731250395	0.3	26.782579
25078.213564583173	300	12.533212737203089	0.0	157671	5636.237408379164	0.3	28.807059
25083.735411173304	300	11.01136614707438	0.0	157812	5521.846590128709	0.3	21.07483
25088.626793030842	300	10.119984289535074	0.0	163927	4891.381857539306	0.3	16.837774
25091.804678955024	300	10.942098365352152	0.0	137654	3177.885924182922	0.3	6.466535
25094.81577726401	300	11.931000056368063	0.0	146754	3011.0983089840893	0.3	25.355956
25097.80254653753	300	12.944230782846898	0.0	153938	2986.769273521164	0.3	22.855883
25100.021670398	300	14.725106922376911	0.0	181901	2219.1238604699856	0.3	27.469573
25101.61167950148	300	17.13509781890097	0.0	111155	1590.009103475942	0.3	12.138089
25104.882469638073	300	17.86430768230655	0.0	153605	3270.7901365944176	0.3	28.256686
25108.075279895093	300	18.671497425284915	0.0	149029	3192.8102570216315	0.3	23.365013
25111.35356673404	300	19.39321058633544	0.0	157421	3278.286838949482	0.3	25.589487
25115.850486485404	300	18.89629083497473	0.0	157488	4496.919751360709	0.3	17.795984
25120.486133337927	300	18.260643982450137	0.0	143881	4635.646852524593	0.3	25.091594
25125.613178109605	300	17.133599210770345	0.0	163444	5127.04477167979	0.3	17.178658
25132.559320696735	300	14.187456623642804	0.0	179328	6946.142587127541	0.3	28.893466
25136.10964457124	300	14.637132749135818	0.0	159914	3550.323874506986	0.3	21.738399
25140.427409225485	300	14.319368094892317	0.0	131610	4317.7646542435	0.3	28.4111
25144.8736119578	300	13.873165362580439	0.0	124011	4446.202732311878	0.3	21.943337
25150.000176809728	300	12.746600510652303	0.0	144254	5126.564851928134	0.3	12.774971
25154.54921299626	300	12.19756432412082	0.0	149991	4549.036186531484	0.3	17.21265
25157.886164846368	300	12.860612474012923	0.0	147968	3336.951850107896	0.3	5.263918
25159.80871166523	300	14.938065655150098	0.0	161857	1922.546818862825	0.3	26.901789
25161.259687349517	300	17.48708997086551	0.0	145210	1450.9756842845845	0.3	23.926655
25162.81457472875	300	19.93220259163137	0.0	172312	1554.887379234143	0.3	26.146503
25164.13910357181	300	22.607673748572587	0.0	167025	1324.5288430587814	0.3	26.908827
25166.93805588278	750	23.808721437606074	0.0	393804	2798.952310966514	0.3	62.845425
25172.20171587692	1850	22.545061443464242	0.0	830730	5263.659994141833	0.75	84.040637
25181.589214868578	2850	17.157562451802907	0.0	1364537	9387.498991661334	1.85	97.895096

