65878.58630830311	750	4.0	3.998697299309292	450283	3998.69729931	-16.444398387029956	64.858346
65899.01267578699	2850	4.0	16.42636748386639	1431809	20426.3674839	-69.88338018062547	90.683379
65915.83696424369	2850	4.0	12.82428845669737	1300868	16824.2884567	-52.29444036379869	90.483169
65930.23687832458	2850	4.0	10.399914080896606	1520281	14399.9140809	-41.8696305478554	89.788956
65945.91851591154	2850	4.0	11.681637586966934	1472558	15681.637587	-47.38104162395781	85.928154
65964.80389427983	2850	4.0	14.885378368281625	1224260	18885.3783683	-61.157126983610986	94.229141
65982.59454647313	2850	4.0	13.790652193309906	1388403	17790.6521933	-56.44980443123259	97.582873
66000.66750778543	2850	4.0	14.072961312293678	1638769	18072.9613123	-57.663733642862816	97.908255
66010.40567894111	2850	4.0	5.738171155677143	1348011	9738.17115568	-21.82413596941171	96.808308
66021.04680773744	2850	4.0	6.64112879633213	1429765	10641.1287963	-25.70685382422816	94.962414
66032.23297586088	2850	4.0	7.186168123436136	1354548	11186.1681234	-28.050522930775383	95.957675
66043.24054527689	2850	4.0	7.00756941600039	1519951	11007.569416	-27.282548488801673	92.483401
66055.97598307277	2850	4.0	8.73543779588909	1422919	12735.4377959	-34.71238252232309	93.510922
66075.09964328381	2850	4.0	15.123660211052059	1578343	19123.6602111	-62.181738907523844	91.568178
66082.42485957133	2850	4.0	3.325216287504378	1231445	7325.2162875	-11.448430036268824	88.830113
66092.33219750259	2850	4.0	5.907337931262804	1471065	9907.33793126	-22.551553104430052	93.514387
66104.22224658931	2850	4.0	7.890049086727098	1491626	11890.0490867	-31.077211072926517	94.650033
66115.99883538426	2850	4.0	7.776588794950661	1358801	11776.588795	-30.58933181828784	92.142023
66130.83756518201	2850	4.0	10.83872979774823	1537156	14838.7297977	-43.75653813031739	89.30989
66149.73614354269	2850	4.0	14.898578360670115	1336050	18898.5783607	-61.213886950881495	93.680429
66161.95288851946	2850	4.0	8.216744976773356	1415116	12216.7449768	-32.48200340012543	90.785318
66172.42788982535	2850	4.0	6.475001305900181	1468126	10475.0013059	-24.992505615370778	89.398189
66182.61791262834	2850	4.0	6.190022802986241	1505760	10190.022803	-23.767098052840833	85.954529
66191.88343852856	2850	4.0	5.265525900206009	1323990	9265.52590021	-19.791761370885833	89.320458
66206.47378128894	2850	4.0	10.590342760374686	1383735	14590.3427604	-42.688473869611144	93.348429
66229.34687942901	2850	4.0	18.873098140072717	1480464	22873.0981401	-78.30432200231269	97.271626
66244.38383895335	2850	4.0	11.036959524339107	1547572	15036.9595243	-44.608925954658154	97.509012
66256.6106491318	2850	4.0	8.226810178459568	1141971	12226.8101785	-32.52528376737614	93.311238
66278.51844175447	2850	4.0	17.907792622666413	1498470	21907.7926227	-74.15350827746558	96.041687
66298.19256757971	2850	4.0	15.674125825239436	1561263	19674.1258252	-64.54874104852958	96.863845
66311.43179517878	2850	4.0	9.239227599075601	1341201	13239.2275991	-36.87867867602508	94.816085
66325.30197818714	2850	4.0	9.870183008356856	1497683	13870.1830084	-39.59178693593448	92.910185
66335.12243119645	2850	4.0	5.8204530093085705	1358081	9820.45300931	-22.17794794002685	95.193139
66347.88209537264	2850	4.0	8.759664176189006	1587293	12759.6641762	-34.81655595761272	81.858634
66358.92826989215	2850	4.0	7.046174519498762	1492672	11046.1745195	-27.448550433844673	99.177905
66371.36617465015	2850	4.0	8.437904758007894	1439896	12437.904758	-33.432990459433945	97.217465
66387.89691878213	2850	4.0	12.53074413198085	1139291	16530.744132	-51.03219976751765	93.825455
66397.14134455971	2850	4.0	5.2444257775780425	1499009	9244.42577758	-19.70103084358558	93.982147
66406.40201124456	2850	4.0	5.260666684853228	1427478	9260.66668485	-19.77086674486888	90.92969
66416.72844772767	2850	4.0	6.326436483112084	1402287	10326.4364831	-24.353676877381957	91.34334
66429.28262133287	2850	4.0	8.554173605198155	1339500	12554.1736052	-33.93294650235207	97.297482
66442.69030286834	2850	4.0	9.407681535472822	1527299	13407.6815355	-37.60303060253313	92.902955
66462.00321908604	2850	4.0	15.312916217688791	1343002	19312.9162177	-62.995539736061794	87.659279
66476.1763712392	2850	4.0	10.173152153154923	1587250	14173.1521532	-40.89455425856617	95.172719
66487.24380042047	2850	4.0	7.067429181287744	1464921	11067.4291813	-27.539945479537295	96.481395
66497.55213499548	2850	4.0	6.308334575001188	1483527	10308.334575	-24.275838672505106	95.602302
66504.99724899538	2850	4.0	3.4451139998948754	1231456	7445.11399989	-11.963990199547965	92.485503
66516.48432707305	2850	4.0	7.487078077664986	1364537	11487.0780777	-29.344435733959436	97.895096

