21302.24570810108	750	4.0	3.5949223786930258	450283	3594.9223786930256	-14.70816622838001	64.858346
21303.630029785007	300	6.615678316071856	0.0	155580	1384.3216839281442	-0.15000000000000002	18.412623
21304.744827617422	300	9.50088048365893	0.0	139857	1114.7978324129251	0.3	17.596212
21306.157338087894	300	12.088370013187337	0.0	155432	1412.510470471593	0.3	19.997309
21307.758192274672	300	14.487515826408966	0.0	163442	1600.854186778372	0.3	16.877619
21310.847947383772	750	15.397760717306015	0.0	318564	3089.755109102951	0.3	62.986308
21313.65617318462	750	16.58953491645874	0.0	352642	2808.2258008472763	0.75	81.00828
21317.583251684122	750	16.6624564169559	0.0	437162	3927.0784995028366	0.75	69.475262
21320.36122021541	750	17.88448788566821	0.0	374758	2777.9685312876923	0.75	70.789292
21323.06647163937	750	19.179236461709515	0.0	362795	2705.2514239586944	0.75	64.786022
21325.928595144924	750	20.3171129561542	0.0	353220	2862.123505555316	0.75	70.008689
21330.824735377297	1200	19.420972723779684	0.0	594078	4896.140232374519	0.75	70.906301
21334.145865706367	750	20.099842394711025	0.0	386351	3321.1303290686596	0.3	59.358241
21337.531765730822	750	20.7139423702574	0.0	434409	3385.9000244536273	0.75	56.692976
21341.877049372364	1200	20.36865872871356	0.0	526950	4345.28364154384	0.75	67.735752
21346.705090602998	1200	19.54061749807838	0.0	587876	4828.04123063518	1.2	72.569044
21350.23475355473	750	20.01095454634411	0.0	360831	3529.662951734268	0.3	60.531124
21355.584111250362	1200	18.661596850714165	0.0	581493	5349.357695629942	0.75	79.137254
21359.69507597044	750	18.550632130635197	0.0	405596	4110.964720078968	0.3	60.564875
21363.88869486178	750	18.357013239293817	0.0	350713	4193.618891341378	0.75	67.172129
21368.06813282444	750	18.17757527663414	0.0	386472	4179.437962659677	0.75	62.777649
21371.576327849667	750	18.669380251406984	0.0	399894	3508.1950252271545	0.75	55.443233
21375.117529626023	750	19.12817847505263	0.0	401853	3541.2017763543568	0.75	47.960406
21378.374316706526	750	19.87139139454937	0.0	343800	3256.7870805032576	0.75	55.451197
21382.034145936497	750	20.211562164578208	0.0	359903	3659.829229971159	0.75	66.786337
21385.735011221397	750	20.510696879676427	0.0	379700	3700.8652849017803	0.75	66.676537
21389.595914769787	750	20.649793331287793	0.0	425781	3860.9035483886314	0.75	65.665965
21394.731956271364	1200	19.513751829710017	0.0	487160	5136.041501577778	0.75	80.893459
21400.577395883032	750	17.668312218044132	0.0	400396	5845.439611665885	0.3	69.601487
21404.888104558475	750	17.357603542598152	0.0	400508	4310.708675445976	0.75	67.821489
21408.233398731674	750	18.012309369397318	0.0	358218	3345.2941732008376	0.75	64.789531
21412.027366390983	750	18.21834171008825	0.0	400322	3793.9676593090676	0.75	60.651768
21415.845465227303	750	18.40024287376943	0.0	369834	3818.098836318824	0.75	68.369339
21420.109058630125	750	18.13664947094739	0.0	412837	4263.59340282204	0.75	49.996929
21423.10384238693	750	19.14186571414426	0.0	401088	2994.783756803127	0.75	69.915275
21426.341433920585	750	19.904274180488372	0.0	365161	3237.5915336558855	0.75	60.276519
21431.287788850583	1200	18.95791925049107	0.0	487812	4946.354929997302	0.75	77.846693
21435.17238634585	750	19.07332175522761	0.0	361565	3884.5974952634606	0.3	66.788635
21441.17319578242	750	17.072512318657655	0.0	378327	6000.809436569958	0.75	62.32333
21447.125538648666	750	15.120169452411472	0.0	390680	5952.342866246182	0.75	61.525566
21450.035622515796	300	16.21008558528174	0.0	147968	2910.0838671297324	-0.15000000000000002	5.263918
21453.280016063156	300	16.96569203791859	0.0	161857	3244.393547363148	0.3	26.901789
21455.742368106137	300	18.503339994939363	0.0	145210	2462.3520429792247	0.3	23.926655
21458.906164861688	300	19.3395432393901	0.0	172312	3163.7967555492664	0.3	26.146503
21461.965783017513	300	20.279925083563473	0.0	167025	3059.6181558266253	0.3	26.908827
21464.053565421567	300	22.192142679510873	0.0	160064	2087.7824040525984	0.3	27.591437
21465.36819402777	300	24.877514073307402	0.0	137507	1314.6286062034703	0.3	25.36694
21468.63377831454	750	25.611929786539758	0.0	314107	3265.584286767648	0.3	75.210559

