19943.068151813328	750	4.0	6.275717151967713	450283	6275.717151967713	-26.235583753461167	64.858346
19945.242834531684	300	5.825317281643536	0.0	155580	2174.6827183564637	-0.15000000000000002	18.412623
19947.32875903608	300	7.7393927772440305	0.0	139857	2085.924504399506	0.3	17.596212
19951.255724871884	300	7.812426941441434	0.0	155432	3926.9658358025963	0.3	19.997309
19953.061068861192	300	10.00708295213319	0.0	163442	1805.343989308242	0.3	16.877619
19954.548574529694	300	12.519577283635904	0.0	126289	1487.5056684972856	0.3	18.579568
19956.56223421514	300	14.505917598187823	0.0	153295	2013.6596854480813	0.3	42.291519
19959.88358301903	300	15.184568794298952	0.0	173849	3321.3488038888718	0.3	35.451274
19962.626914143835	300	16.441237669495035	0.0	150710	2743.3311248039176	0.3	28.497356
19964.581839597176	300	18.48631221615171	0.0	139105	1954.9254533433261	0.3	21.660501
19966.886270627063	300	20.18188118626581	0.0	141840	2304.4310298859023	0.3	2.177717
19969.446254589777	300	21.621897223552516	0.0	156148	2559.9839627132924	0.3	19.431299
19971.661845464074	300	23.406306349255672	0.0	160746	2215.5908742968422	0.3	21.445722
19976.56933929963	750	22.49881251369983	0.0	434409	4907.493835555845	0.3	56.692976
19979.819633801882	750	23.248518011450532	0.0	337059	3250.294502249298	0.75	54.76216
19983.862808253616	750	23.205343559715423	0.0	366214	4043.1744517351053	0.75	58.858709
19991.316731287643	750	19.75142052568996	0.0	360831	7453.923034025464	0.75	60.531124
19999.31298114867	750	15.755170664664503	0.0	372963	7996.249861025454	0.75	69.564049
20007.81514216107	750	11.253009652260005	0.0	405596	8502.161012404498	0.75	60.564875
20011.179520500715	300	11.888631312616544	0.0	140881	3364.378339643462	-0.15000000000000002	26.782579
20014.778517449635	300	12.289634363698067	0.0	157671	3598.9969489184778	0.3	28.807059
20017.753888233754	300	13.314263579580379	0.0	157812	2975.3707841176897	0.3	21.07483
20019.967581059303	300	15.100570754032567	0.0	163927	2213.69282554781	0.3	16.837774
20022.559204866706	300	16.508946946628864	0.0	137654	2591.623807403703	0.3	6.466535
20025.67011204118	300	17.398039772152003	0.0	146754	3110.9071744768626	0.3	25.355956
20028.854705455524	300	18.21344635781153	0.0	153938	3184.593414340469	0.3	22.855883
20033.070731877564	300	17.997419935767542	0.0	181901	4216.0264220439885	0.3	27.469573
20035.54405227471	300	19.52409953862449	0.0	111155	2473.3203971430507	0.3	12.138089
20038.503399083136	300	20.564752730196304	0.0	153605	2959.346808428183	0.3	28.256686
20042.421392940585	300	20.646758872748865	0.0	149029	3917.993857447441	0.3	23.365013
20044.8629165382	300	22.20523527513103	0.0	157421	2441.523597617832	0.3	25.589487
20046.807069732244	300	24.2610820810855	0.0	157488	1944.1531940455307	0.3	17.795984
20048.422013830237	300	26.646137983092256	0.0	143881	1614.944097993245	0.3	25.091594
20049.981265193877	300	29.086886619454575	0.0	163444	1559.251363637684	0.3	17.178658
20054.273467727045	750	28.79468408628222	0.0	401088	4292.202533172352	0.3	69.915275
20059.307568895318	750	27.760582918011714	0.0	365161	5034.101168270505	0.75	60.276519
20068.92085642257	1200	22.147295390760636	0.0	487812	9613.28752725108	0.75	77.846693
20078.908025916033	1200	16.16012589729639	0.0	575591	9987.169493464246	1.2	77.292461
20089.2871903242	1200	9.780961489127643	0.0	605884	10379.164408168746	1.2	74.001829
20091.4322830361	300	11.635868777228701	0.0	149991	2145.092711898941	-0.6000000000000001	17.21265
20093.340653413405	300	13.727498399925738	0.0	147968	1908.3703773029638	0.3	5.263918
20095.475825464186	300	15.592326349143855	0.0	161857	2135.172050781882	0.3	26.901789
20097.11112397941	300	17.95702783391715	0.0	145210	1635.2985152267056	0.3	23.926655
20102.185114677563	750	16.883037135767	0.0	438281	5073.990698150149	0.3	62.327504
20107.14688850018	750	15.921263313151853	0.0	398987	4961.77382261515	0.75	63.729239
20112.099305787928	750	14.968846025404323	0.0	393804	4952.417287747529	0.75	62.845425
20119.833199867404	1200	11.234951945926223	0.0	538612	7733.894079478102	0.75	74.51099
20127.481147332634	1200	7.587004480694762	0.0	550906	7647.947465231461	1.2	86.366143

