33668.84552985143	750	4.0	5.259051639025879	450283	5259.05163903	-21.86392204781128	64.858346
33682.004172193825	2850	4.0	9.158642342399018	1431809	13158.6423424	-38.63216207231577	90.683379
33691.02362528627	2850	4.0	5.019453092437941	1300868	9019.45309244	-18.733648297483146	90.483169
33699.54764125365	2850	4.0	4.5240159673873	1520281	8524.01596739	-16.60326865976539	89.788956
33708.902102231434	2850	4.0	5.354460977785368	1472558	9354.46097779	-20.17418220447708	85.928154
33715.33201500663	2850	4.0	2.4299127751955822	1224260	6429.9127752	-7.598624933341004	94.229141
33722.69450896969	2850	4.0	3.362493963053107	1388403	7362.49396305	-11.608724041128362	97.582873
33730.98395280983	2850	4.0	4.289443840148077	1638769	8289.44384015	-15.59460851263673	97.908255
33740.10216616778	2850	4.0	5.1182133579510065	1348011	9118.21335795	-19.158317439189325	96.808308
33750.287579441836	2850	4.0	6.185413274057566	1429765	10185.4132741	-23.747277078447528	94.962414
33759.9361381384	2850	4.0	5.6485586965642325	1354548	9648.55869656	-21.438802395226197	95.957675
33768.19203682257	2850	4.0	4.255898684170832	1519951	8255.89868417	-15.450364341934579	92.483401
33778.338568794905	2850	4.0	6.146531972335988	1422919	10146.5319723	-23.580087481044746	93.510922
33792.47600700997	2850	4.0	10.137438215070167	1578343	14137.4382151	-40.740984324801715	91.568178
33803.82877619536	2850	4.0	7.352769185386749	1231445	11352.7691854	-28.766907497163018	88.830113
33818.27316115931	2850	4.0	10.444384963953622	1471065	14444.384964	-42.06085534500057	93.514387
33834.27636294012	2850	4.0	12.003201780807505	1491626	16003.2017808	-48.763767657472265	94.650033
33848.68284318962	2850	4.0	10.406480249492823	1358801	14406.4802495	-41.89786507281914	92.142023
33872.78339736134	2850	4.0	20.10055417171974	1537156	24100.5541717	-83.58238293839489	89.30989
33895.63122327636	2850	4.0	18.847825915025314	1336050	22847.825915	-78.19565143460885	93.680429
33907.279084615635	2850	4.0	7.647861339268849	1415116	11647.8613393	-30.035803758856048	90.785318
33916.7643458781	2850	4.0	5.485261262465739	1468126	9485.26126247	-20.736623428602677	89.398189
33932.80618896695	2850	4.0	12.041843088845095	1505760	16041.8430888	-48.929925282033906	85.954529
33948.13557610081	2850	4.0	11.329387133864037	1323990	15329.3871339	-45.86636467561536	89.320458
33960.05048204178	2850	4.0	7.9149059409654585	1383735	11914.905941	-31.184095546151468	93.348429
33970.05735546413	2850	4.0	6.0068734223572084	1480464	10006.8734224	-22.979555716135994	97.271626
33988.02724747366	2850	4.0	13.969892009533028	1547572	17969.8920095	-57.22053564099202	97.509012
33998.284668108754	2850	4.0	6.2574206350893435	1141971	10257.4206351	-24.056908730884174	93.311238
34008.132293055925	2850	4.0	5.84762494716712	1498470	9847.62494717	-22.294787272818613	96.041687
34017.11847624379	2850	4.0	4.986183187872149	1561263	8986.18318787	-18.59058770785024	96.863845
34025.257936752925	2850	4.0	4.139460509130123	1341201	8139.46050913	-14.949680189259526	94.816085
34033.62398931272	2850	4.0	4.366052559799977	1497683	8366.0525598	-15.924026007139899	92.910185
34040.512224604085	2850	4.0	2.8882352913648037	1358081	6888.23529136	-9.569411752868655	95.193139
34048.719685160024	2850	4.0	4.207460555940412	1587293	8207.46055594	-15.242080390543771	81.858634
34059.28160351846	2850	4.0	6.561918358428235	1492672	10561.9183584	-25.36624894124141	99.177905
34070.21316230874	2850	4.0	6.93155879028424	1439896	10931.5587903	-26.955702798222227	97.217465
34077.61004323606	2850	4.0	3.3968809273243914	1139291	7396.88092732	-11.756587987494882	93.825455
34085.84178094896	2850	4.0	4.231737712896607	1499009	8231.7377129	-15.346472165455411	93.982147
34096.665864913564	2850	4.0	6.824083964610469	1427478	10824.0839646	-26.49356104782501	90.92969
34109.435596943935	2850	4.0	8.76973203036798	1402287	12769.7320304	-34.85984773058231	91.34334
34121.82790568366	2850	4.0	8.392308739721896	1339500	12392.3087397	-33.23692758080415	97.297482
34138.17478689116	2850	4.0	12.346881207504127	1527299	16346.8812075	-50.241589192267746	92.902955
34151.46990868776	2850	4.0	9.29512179659676	1343002	13295.1217966	-37.11902372536606	87.659279
34169.687246268	2850	4.0	14.217337580241594	1587250	18217.3375802	-58.28455159503885	95.172719
34194.539882539175	2850	4.0	20.85263627118138	1464921	24852.6362712	-86.81633596607995	96.481395
34216.79550762415	2850	4.0	18.255625084977574	1483527	22255.625085	-75.64918786540358	95.602302
34223.94959195882	2850	4.0	3.154084334673954	1231456	7154.08433467	-10.712562639098001	92.485503
34234.39845087548	2850	4.0	6.4488589166628865	1364537	10448.8589167	-24.880093341650408	97.895096

