62043.959837771785	750	4.0	2.148641230861048	450283	2148.64123086	-8.489157292702506	64.858346
62053.943436249974	2850	4.0	5.983598478185933	1431809	9983.59847819	-24.97947345619951	90.683379
62060.03249211898	2850	4.0	2.0890558690163314	1300868	6089.05586902	-6.132940236770224	90.483169
62067.61998316329	2850	4.0	3.5874910443050902	1520281	7587.49104431	-12.576211490511888	89.788956
62073.96178366586	2850	4.0	2.341800502567311	1472558	6341.80050257	-7.219742161039438	85.928154
62079.538687204	2850	4.0	1.5769035381437744	1224260	5576.90353814	-3.93068521401823	94.229141
62085.49327155115	2850	4.0	1.9545843471501165	1388403	5954.58434715	-5.5547126927455	97.582873
62095.321825542684	2850	4.0	5.828553991523807	1638769	9828.55399152	-22.21278216355237	97.908255
62100.2259254996	2850	4.0	0.9040999569233773	1348011	4904.09995692	-1.037629814770522	96.808308
62106.85664840911	2850	4.0	2.630722909509648	1429765	6630.72290951	-8.462108510891486	94.962414
62111.75729136988	2850	4.0	0.9006429607718064	1354548	4900.64296077	-1.0227647313187673	95.957675
62117.68691843456	2850	4.0	1.9296270646765816	1519951	5929.62706468	-5.4473963781093016	92.483401
62125.321688455704	2850	4.0	3.634770021141896	1422919	7634.77002114	-12.779511090910152	93.510922
62137.38788892267	2850	4.0	8.066200466964977	1578343	12066.200467	-31.834662007949397	91.568178
62153.01555309091	2850	4.0	11.62766416824168	1231445	15627.6641682	-47.14895592343922	88.830113
62159.57279893994	2850	4.0	2.5572458490308754	1471065	6557.24584903	-8.146157150832764	93.514387
62169.38511847752	2850	4.0	5.812319537583076	1491626	9812.31953758	-22.142974011607226	94.650033
62172.896195668014	2850	4.48892280950398	0.0	1358801	3511.0771905	2.85	92.142023
62176.976645936345	2850	4.40847254117204	0.0	1537156	4080.45026833	2.85	89.30989
62180.75521309363	2850	4.629905383888974	0.0	1336050	3778.56715728	2.85	93.680429
62188.870148317	2850	4.0	3.4850298394782713	1415116	8114.93522337	-12.135628309756566	90.785318
62209.220233133485	2850	4.0	16.35008481648711	1468126	20350.0848165	-67.45536471089459	89.398189
62222.30577626517	2850	4.0	9.085543131687293	1505760	13085.5431317	-36.21783546625536	85.954529
62227.1658957361	2850	4.0	0.8601194709278162	1323990	4860.11947093	-0.8485137249896093	89.320458
62233.5524114703	2850	4.0	2.3865157342010432	1383735	6386.5157342	-7.412017657064485	93.348429
62239.65706614444	2850	4.0	2.104654674145616	1480464	6104.65467415	-6.200015098826148	97.271626
62245.50903790538	2850	4.0	1.8519717609375956	1547572	5851.97176094	-5.11347857203166	97.509012
62251.047358002936	2850	4.0	1.538320097556495	1141971	5538.32009756	-3.7647764194929283	93.311238
62256.79282739025	2850	4.0	1.7454693873124216	1498470	5745.46938731	-4.655518365443413	96.041687
62261.960555830556	2850	4.0	1.1677284402971182	1561263	5167.7284403	-2.171232293277608	96.863845
62267.49235477176	2850	4.0	1.5317989412081725	1341201	5531.79894121	-3.7367354471951413	94.816085
62274.67255193916	2850	4.0	3.180197167397931	1497683	7180.1971674	-10.824847819811103	92.910185
62280.12323487675	2850	4.0	1.4506829375933286	1358081	5450.68293759	-3.387936631651313	95.193139
62285.285199081874	2850	4.0	1.1619642051214751	1587293	5161.96420512	-2.146446082022343	81.858634
62291.03963129737	2850	4.0	1.7544322154881893	1492672	5754.43221549	-4.694058526599214	99.177905
62297.289893709014	2850	4.0	2.25026241164333	1439896	6250.26241164	-6.826128370066318	97.217465
62305.15176398138	2850	4.0	3.86187027236863	1139291	7861.87027237	-13.75604217118511	93.825455
62312.966406793406	2850	4.0	3.8146428120307028	1499009	7814.64281203	-13.55296409173202	93.982147
62320.31227165651	2850	4.0	3.3458648631040804	1427478	7345.8648631	-11.537218911347546	90.92969
62326.45841844926	2850	4.0	2.146146792750298	1402287	6146.14679275	-6.378431208826282	91.34334
62332.273046042494	2850	4.0	1.8146275932340123	1339500	5814.62759323	-4.952898650906253	97.297482
62338.863025215	2850	4.0	2.589979172505171	1527299	6589.97917251	-8.286910441772235	92.902955
62346.68428222204	2850	4.0	3.821257007041172	1343002	7821.25700704	-13.581405130277039	87.659279
62353.48491964038	2850	4.0	2.8006374183422866	1587250	6800.63741834	-9.192740898871833	95.172719
62360.11360433376	2850	4.0	2.6286846933715187	1464921	6628.68469337	-8.45334418149753	96.481395
62365.47536843253	2850	4.0	1.3617640987758404	1483527	5361.76409878	-3.005585624736113	95.602302
62370.03489974739	2850	4.0	0.5595313148539781	1231456	4559.53131485	0.4440153461278942	92.485503
62377.32157201878	2850	4.0	3.28667227138656	1364537	7286.67227139	-11.282690766962208	97.895096

