8705.414480560888	750	4.0	4.236019030700693	450283	4236.019030700693	-17.46488183201298	64.858346
8706.557189578472	300	6.857290982416554	0.0	155580	1142.7090175834455	-0.15000000000000002	18.412623
8708.03511964668	300	9.379360914208803	0.0	139857	1477.9300682077526	0.3	17.596212
8713.028695215395	1200	8.385785345493561	0.0	617681	4993.575568715241	0.29999999999999993	69.474665
8717.266118304295	750	8.148362256593213	0.0	411561	4237.4230889003475	0.3	51.003805
8721.515353320228	750	7.899127240661131	0.0	318564	4249.235015932083	0.75	62.986308
8727.995724373504	750	5.418756187384682	0.0	352642	6480.371053276448	0.75	81.00828
8731.729709206904	300	5.684771353985266	0.0	173849	3733.984833399417	-0.15000000000000002	35.451274
8733.868967201332	300	7.545513359557398	0.0	150710	2139.2579944278677	0.3	28.497356
8740.061871460892	750	5.352609099996984	0.0	362795	6192.904259560414	0.3	64.786022
8742.873187785923	300	6.541292774965185	0.0	141840	2811.316325031799	-0.15000000000000002	2.177717
8745.74274264874	300	7.671737912150056	0.0	156148	2869.554862815128	0.3	19.431299
8748.996192302067	750	8.41828825882217	0.0	386351	3253.4496533278866	0.3	59.358241
8751.960443908074	750	9.454036652815025	0.0	434409	2964.251606007144	0.75	56.692976
8755.202366450185	1200	10.212114110704501	0.0	526950	3241.9225421105266	0.75	67.735752
8757.7191779474	1200	11.695302613489591	0.0	587876	2516.8114972149087	1.2	72.569044
8766.572341169349	1850	6.842139391541008	0.0	966699	8853.163221948584	1.2000000000000002	86.226021
8767.842073098385	300	9.572407462502715	0.0	150616	1269.7319290382927	-1.25	35.116669
8772.92148164766	1200	8.492998913229016	0.0	639204	5079.4085492736995	0.29999999999999993	72.000653
8776.072689431889	750	9.341791128999738	0.0	350713	3151.2077842292783	0.3	67.172129
8782.25820757942	1200	7.156272981468824	0.0	601738	6185.518147530914	0.75	74.235946
8786.549560442765	750	6.8649201181229405	0.0	399894	4291.352863345884	0.3	55.443233
8787.591355354674	300	9.823125206213481	0.0	163927	1041.7949119094585	-0.15000000000000002	16.837774
8790.210103991949	1200	11.204376568940006	0.0	536667	2618.748637273474	0.29999999999999993	68.420849
8793.941839444273	1850	11.47264111661513	0.0	897976	3731.7354523248755	1.2000000000000002	86.994267
8799.318838980533	1850	10.09564158035357	0.0	905935	5376.99953626156	1.85	89.133614
8804.523183646641	1200	8.891296914244947	0.0	696376	5204.344666108625	0.5499999999999999	80.745588
8807.240322420434	750	10.174158140452912	0.0	277716	2717.138773792036	0.3	68.231907
8812.932364053677	1200	8.482116507210383	0.0	622896	5692.0416332425275	0.75	80.053124
8815.95127914559	750	9.463201415294556	0.0	400508	3018.915091915827	0.3	67.821489
8821.892234440018	1200	7.522246120868554	0.0	570392	5940.955294426001	0.75	78.009495
8827.860864137641	750	5.553616423244363	0.0	400322	5968.629697624191	0.3	60.651768
8832.110783346414	300	5.303697214471281	0.0	143881	4249.919208773083	-0.15000000000000002	25.091594
8837.17671803245	300	4.237762528436674	0.0	163444	5065.934686034607	0.3	17.178658
8842.516265804355	300	4.0	1.1017852434692086	179328	5339.547771905883	-4.437676546917597	28.893466
8847.611870250494	300	4.0	1.0956044461382144	159914	5095.604446138214	-4.411099118394322	21.738399
8852.055925772542	300	4.0	0.44405552204857396	131610	4444.055522048574	-1.6094387448088678	28.4111
8855.893285957532	300	4.162639815009482	0.0	124011	3837.360184990518	0.3	21.943337
8860.600799994378	300	4.0	0.5448742218358921	144254	4707.514036845374	-2.042959153894336	12.774971
8864.96927084772	300	4.0	0.3684708533417279	149991	4368.470853341728	-1.28442466936943	17.21265
8869.342306164832	300	4.0	0.3730353171110464	147968	4373.035317111046	-1.3040518635774996	5.263918
8873.961001149553	300	4.0	0.6186949847228715	161857	4618.694984722872	-2.360388434308348	26.901789
8878.142482647314	300	4.0	0.18148149776109404	145210	4181.481497761094	-0.4803704403727043	23.926655
8883.198984291334	300	4.0	1.0565016440199333	172312	5056.501644019933	-4.242957069285713	26.146503
8887.946838308026	300	4.0	0.7478540166918146	167025	4747.854016691815	-2.9157722717748027	26.908827
8890.961894753644	300	4.984943554380146	0.0	160064	3015.0564456198545	0.3	27.591437
8892.468907018616	300	7.477931289406733	0.0	137507	1507.0122649734124	0.3	25.36694
8894.607015048288	750	9.339823259736582	0.0	314107	2138.108029670151	0.3	75.210559

