9463.945036134619	750	4.0	4.277909780182569	450283	4277.909780182569	0.5	-17.64501205478505	64.858346
9465.194022434736	300	6.75101369988408	0.0	155580	1248.98630011592	0.5	-0.15000000000000002	18.412623
9469.042303010412	750	6.902733124208192	0.0	350812	3848.280575675888	0.5	0.3	60.430767
9472.428581098868	750	7.5164550357525	0.0	382355	3386.278088455691	0.5	0.75	55.551349
9475.434391151162	750	8.510644983458501	0.0	411561	3005.810052293998	0.5	0.75	51.003805
9477.457174439754	750	10.487861694866814	0.0	318564	2022.7832885916876	0.5	0.75	62.986308
9478.99604387231	750	12.948992262311757	0.0	352642	1538.8694325550564	0.5	0.75	81.00828
9481.014253067051	750	14.930783067571632	0.0	437162	2018.209194740125	0.5	0.75	69.475262
9483.292332046027	1200	16.65270408859476	0.0	584846	2278.0789789768714	0.5	0.75	82.430225
9485.71708873438	1200	18.22794740024059	0.0	560821	2424.756688354171	0.5	1.2	76.960357
9490.568993539093	1850	17.376042595528837	0.0	939819	4851.904804711755	0.5	1.2000000000000002	89.239922
9494.453676762465	1850	17.491359372156694	0.0	917428	3884.6832233721416	0.5	1.85	82.202545
9498.556095094385	1850	17.388941040237476	0.0	946851	4102.418331919214	0.5	1.85	83.629776
9502.880244558004	1850	17.064791576616788	0.0	1036454	4324.14946362069	0.5	1.85	80.875505
9506.030940103716	1850	17.914096030905654	0.0	821631	3150.6955457111303	0.5	1.85	78.494849
9509.240860521077	1850	18.70417561354476	0.0	923170	3209.9204173608937	0.5	1.85	83.7301
9515.4897451948	2850	16.45529093982128	0.0	1491626	6248.88467372348	0.5	1.85	94.650033
9520.864936604205	2850	15.080099530417225	0.0	1358801	5375.191409404056	0.5	2.85	92.142023
9525.259620639992	2850	14.685415494627552	0.0	1537156	4394.6840357896735	0.5	2.85	89.30989
9529.373667394368	2850	14.571368740252492	0.0	1336050	4114.046754375061	0.5	2.85	93.680429
9534.225203546894	2850	13.719832587728263	0.0	1415116	4851.53615252423	0.5	2.85	90.785318
9538.959447924315	2850	12.985588210305556	0.0	1468126	4734.244377422708	0.5	2.85	89.398189
9543.750311891516	2850	12.194724243106194	0.0	1505760	4790.863967199362	0.5	2.85	85.954529
9548.115025948458	2850	11.830010186162278	0.0	1323990	4364.714056943914	0.5	2.85	89.320458
9553.171127798834	2850	10.773908335786139	0.0	1383735	5056.101850376141	0.5	2.85	93.348429
9559.470020650471	2850	8.475015484150555	0.0	1480464	6298.892851635583	0.5	2.85	97.271626
9563.706024755993	2850	8.239011378627245	0.0	1547572	4236.0041055233105	0.5	2.85	97.509012
9567.98794006291	2850	7.95709607171121	0.0	1141971	4281.915306916035	0.5	2.85	93.311238
9573.139522840449	2850	6.805513294171868	0.0	1498470	5151.582777539343	0.5	2.85	96.041687
9575.943374039645	1850	8.001662094977831	0.0	975811	2803.8511991940363	0.5	0.8500000000000001	89.334885
9578.774561223481	1850	9.17047491114139	0.0	873429	2831.1871838364405	0.5	1.85	87.120667
9581.982843771193	1850	9.962192363428969	0.0	954453	3208.2825477124225	0.5	1.85	83.67714
9585.369926197502	1850	10.575109937120803	0.0	885062	3387.082426308164	0.5	1.85	87.533761
9589.692431302265	1850	10.252604832357887	0.0	1035329	4322.505104762916	0.5	1.85	71.430146
9595.238165341136	2850	8.70687079348702	0.0	1492672	5545.734038870867	0.5	1.85	99.177905
9600.27459459688	2850	7.670441537742248	0.0	1439896	5036.429255744772	0.5	2.85	97.217465
9605.523354742629	2850	6.421681391993121	0.0	1139291	5248.760145749127	0.5	2.85	93.825455
9609.065829207786	1850	6.8792069268370195	0.0	938587	3542.474465156102	0.5	0.8500000000000001	86.593761
9612.1221853651	1850	7.822850769520214	0.0	908665	3056.356157316806	0.5	1.85	82.415248
9614.83086687441	1850	9.114169260210812	0.0	930577	2708.6815093094015	0.5	1.85	83.556577
9617.713483183146	1850	10.231552951474367	0.0	858450	2882.616308736446	0.5	1.85	92.068418
9621.65886751753	1850	10.286168617091151	0.0	1025005	3945.3843343832154	0.5	1.85	85.276808
9624.32442204511	1850	11.62061408951045	0.0	886255	2665.554527580701	0.5	1.85	78.86339
9627.027725803984	1850	12.917310330635885	0.0	973972	2703.3037588745656	0.5	1.85	84.84845
9630.390645492826	1850	13.554390641794058	0.0	958994	3362.919688841828	0.5	1.85	87.119023
9633.708389067508	1850	14.23664706711162	0.0	982064	3317.743574682437	0.5	1.85	86.680563
9639.620365032559	4300	12.324671102061014	0.0	1961140	5911.975965050606	0.5	1.8499999999999996	99.97428
9645.12590430374	4300	10.819131830879375	0.0	2155012	5505.539271181641	0.5	4.3	99.974274

