13214.801066564822	750	4.0	1.9602828539084163	450283	1960.2828539084162	-7.67921627180619	64.858346
13217.877610802396	1200	4.92345576242782	0.0	611087	3076.54423757218	0.75	69.839987
13220.078452532714	1200	6.722614032108695	0.0	571051	2200.8417303191254	1.2	73.587374
13222.740199349606	1200	8.06086721521592	0.0	617681	2661.7468168927758	1.2	69.474665
13226.13835996029	1200	8.662706604532739	0.0	652874	3398.1606106831805	1.2	64.23322
13228.253179369787	1200	10.547887195035306	0.0	520315	2114.8194094974324	1.2	75.14582
13231.2138405492	1850	11.587226015622006	0.0	905515	2960.661179413301	1.2000000000000002	94.086702
13237.816075742627	1850	8.984990822196202	0.0	1060487	6602.235193425802	1.85	90.155937
13245.04660939174	1850	5.754457173083719	0.0	852833	7230.5336491124835	1.85	90.218296
13249.462289529787	1200	5.338777035036158	0.0	560821	4415.680138047562	0.5499999999999999	76.960357
13252.344817390212	750	6.456249174610857	0.0	353220	2882.5278604253012	0.3	70.008689
13256.03134508218	750	6.769721482644518	0.0	405134	3686.5276919663393	0.75	59.00323
13259.906218495555	750	6.894848069268359	0.0	386351	3874.8734133761595	0.75	59.358241
13261.4577403574	300	9.343326207423473	0.0	179801	1551.5218618448848	-0.15000000000000002	23.726678
13263.798040215497	750	11.003026349327275	0.0	337059	2340.2998580962	0.3	54.76216
13266.243265076286	750	12.557801488539457	0.0	366214	2445.2248607878173	0.75	58.858709
13268.130378724756	750	14.670687840068497	0.0	360831	1887.1136484709584	0.75	60.531124
13269.691986576414	750	17.10907998840981	0.0	372963	1561.6078516586895	0.75	69.564049
13271.453552141753	750	19.347514423072134	0.0	405596	1761.5655653376746	0.75	60.564875
13274.509261755547	1200	20.29180480927801	0.0	586839	3055.7096137941257	0.75	79.134663
13278.60499850019	1850	20.196068064633867	0.0	891604	4095.7367446441413	1.2000000000000002	81.773294
13283.814397018927	1850	18.986669545898412	0.0	955231	5209.398518735456	1.85	79.031768
13289.129430422385	1850	17.671636142440757	0.0	968026	5315.03340345765	1.85	73.123347
13292.920392511709	1850	17.880674053116334	0.0	874175	3790.9620893244237	1.85	80.700778
13297.11498196876	1850	17.686084596064088	0.0	897976	4194.589457052245	1.85	86.994267
13301.164512272411	1850	17.636554292413255	0.0	905935	4049.530303650833	1.85	89.133614
13307.788514795437	1850	15.012551769386828	0.0	1076599	6624.002523026426	1.85	90.791041
13311.824192430106	1850	14.976874134720088	0.0	758197	4035.67763466674	1.85	87.50057
13315.61911976423	1850	15.181946800595906	0.0	972798	3794.9273341241815	1.85	88.832031
13319.350827927536	1850	15.450238637290074	0.0	975811	3731.708163305831	1.85	89.334885
13322.00162628016	1850	16.799440284664023	0.0	873429	2650.798352626052	1.85	87.120667
13325.243234111456	1850	17.557832453368718	0.0	954453	3241.6078312953036	1.85	83.67714
13329.02472105268	1850	17.776345512144214	0.0	885062	3781.4869412245057	1.85	87.533761
13332.843150856983	1850	17.95791570784188	0.0	1035329	3818.4298043023346	1.85	71.430146
13334.576459919053	1850	20.22460664577136	0.0	1026056	1733.3090620705195	1.85	97.037422
13338.07815267571	2850	20.722913889117226	0.0	1439896	3501.692756654133	1.85	97.217465
13341.294747135655	2850	21.506319429171253	0.0	1139291	3216.5944599459713	2.85	93.825455
13345.484516635539	2850	21.316549929285916	0.0	1499009	4189.769499885335	2.85	93.982147
13349.521875017084	2850	21.279191547741114	0.0	1427478	4037.358381544805	2.85	90.92969
13353.20435370039	2850	21.596712864435222	0.0	1402287	3682.478683305889	2.85	91.34334
13357.960066220292	4300	20.841000344532652	0.0	2108491	4755.71251990257	2.8499999999999996	99.974276
13362.980353399807	4300	19.820713165017658	0.0	2184571	5020.287179514996	4.3	99.974116
13368.82098122743	4300	17.980085337394154	0.0	2121928	5840.627827623502	4.3	99.974273
13374.716795937638	4300	16.08427062718621	0.0	2219102	5895.814710207944	4.3	99.974276
13382.7197092225	4300	12.08135734232475	0.0	2124950	8002.91328486146	4.3	99.974279
13392.975588818143	4300	5.825477746682516	0.0	2246506	10255.879595642235	4.3	99.97428
13395.896208151491	1850	6.904858413333488	0.0	830730	2920.619333349028	-0.6000000000000001	84.040637
13398.77116038974	1850	8.029906175085669	0.0	846370	2874.9522382478185	1.85	92.020773

