19612.593693290095	750	4.0	4.549356298858494	450283	4549.356298858494	-18.812232085091523	64.858346
19614.080502366083	300	6.513190924009408	0.0	155580	1486.8090759905917	-0.15000000000000002	18.412623
19615.001445329577	300	9.59224796051802	0.0	139857	920.942963491389	0.3	17.596212
19616.157822976613	300	12.435870313484033	0.0	155432	1156.3776470339874	0.3	19.997309
19617.454346444563	300	15.139346845534478	0.0	163442	1296.5234679495547	0.3	16.877619
19619.909454147197	750	16.684239142898143	0.0	318564	2455.1077026363323	0.3	62.986308
19622.937728679237	750	17.655964610858522	0.0	352642	3028.274532039621	0.75	81.00828
19627.03001451517	750	17.563678774924878	0.0	437162	4092.285835933648	0.75	69.475262
19630.21483824017	750	18.378855049923885	0.0	374758	3184.82372500099	0.75	70.789292
19633.425786433032	750	19.167906857058195	0.0	362795	3210.9481928656905	0.75	64.786022
19636.53077628454	750	20.062917005551274	0.0	353220	3104.989851506923	0.75	70.008689
19640.23262511342	750	20.361068176672067	0.0	405134	3701.848828879208	0.75	59.00323
19643.87893162591	750	20.714761664182728	0.0	386351	3646.3065124893383	0.75	59.358241
19648.780105305235	750	19.813587984857534	0.0	434409	4901.173679325189	0.75	56.692976
19652.91618822004	750	19.67750507005303	0.0	337059	4136.082914804504	0.75	54.76216
19656.038301642875	750	20.555391647214662	0.0	366214	3122.1134228383685	0.75	58.858709
19658.956628304735	750	21.637064985356755	0.0	360831	2918.3266618579087	0.75	60.531124
19663.12397223207	750	21.469721058021285	0.0	372963	4167.3439273354725	0.75	69.564049
19667.816057406304	750	20.777635883789003	0.0	405596	4692.08517423228	0.75	60.564875
19671.717238797653	750	20.876454492438462	0.0	350713	3901.181391350544	0.75	67.172129
19678.336254209127	1850	18.257439080965757	0.0	891604	6619.015411472705	0.75	81.773294
19685.417004152598	1850	15.176689137497245	0.0	955231	7080.7499434685105	1.85	79.031768
19692.68456822503	1850	11.909125065062605	0.0	968026	7267.564072434639	1.85	73.123347
19695.209136341473	750	13.384556948623015	0.0	343800	2524.568116439592	-0.3500000000000001	55.451197
19698.059669732877	750	14.53402355721893	0.0	359903	2850.533391404083	0.75	66.786337
19701.148244577722	750	15.445448712373778	0.0	379700	3088.574844845152	0.75	66.676537
19705.18767839378	750	15.406014896313787	0.0	425781	4039.433816059991	0.75	65.665965
19707.491117864185	750	17.10257542591026	0.0	277716	2303.4394704035276	0.75	68.231907
19710.679116878768	750	17.914576411327143	0.0	400396	3187.999014583116	0.75	69.601487
19715.147282776612	750	17.446410513481034	0.0	400508	4468.165897846108	0.75	67.821489
19721.654077637144	750	14.939615652949636	0.0	358218	6506.7948605313995	0.75	64.789531
19727.018703644306	750	13.57498964578759	0.0	400322	5364.626007162045	0.75	60.651768
19732.03315722805	750	12.560536062042313	0.0	369834	5014.453583745277	0.75	68.369339
19736.470421846152	750	12.123271443940357	0.0	412837	4437.264618101956	0.75	49.996929
19740.95114131888	750	11.642551971213363	0.0	401088	4480.719472726994	0.75	69.915275
19744.210981304535	750	12.382711985558824	0.0	365161	3259.8399856545393	0.75	60.276519
19746.716949865357	750	13.876743424735803	0.0	321064	2505.96856082302	0.75	67.040505
19749.579680590243	750	15.0140126998483	0.0	361565	2862.730724887505	0.75	66.788635
19753.101148923455	750	15.492544366635084	0.0	378327	3521.468333213216	0.75	62.32333
19757.12871041105	750	15.464982879043964	0.0	390680	4027.5614875911206	0.75	61.525566
19760.420377940067	750	16.1733153500257	0.0	345516	3291.6675290182657	0.75	79.583372
19765.06739295576	750	15.526300334329418	0.0	384505	4647.015015696281	0.75	64.443828
19770.267996728402	750	14.325696561689885	0.0	372093	5200.6037726395325	0.75	58.879512
19778.549591581384	750	10.0441017087056	0.0	438281	8281.594852984284	0.75	62.327504
19782.024561199803	300	10.56913209028949	0.0	167025	3474.9696184161107	-0.15000000000000002	26.908827
19783.907436340953	300	12.686256949139418	0.0	160064	1882.8751411500707	0.3	27.591437
19785.428981805977	300	15.164711484118003	0.0	137507	1521.545465021416	0.3	25.36694
19788.762499999495	750	15.831193290601574	0.0	314107	3333.5181935164287	0.3	75.210559

