36337.12342106488	750	4.0	2.1451274043719923	450283	2145.12740437	-8.474047838799567	64.858346
36351.093922754524	2850	4.0	9.970501689639972	1431809	13970.5016896	-42.12315726545188	90.683379
36362.13665120925	2850	4.0	7.042728454727581	1300868	11042.7284547	-27.433732355328598	90.483169
36376.038395919095	2850	4.0	9.901744709838207	1520281	13901.7447098	-39.727502252304284	89.788956
36390.13533315108	2850	4.0	10.096937231997723	1472558	14096.937232	-40.566830097590206	85.928154
36399.622715542646	2850	4.0	5.487382391558163	1224260	9487.38239156	-20.7457442837001	94.229141
36410.71540729423	2850	4.0	7.092691751582064	1388403	11092.6917516	-27.648574531802875	97.582873
36425.86214686609	2850	4.0	11.146739571863513	1638769	15146.7395719	-45.0809801590131	97.908255
36435.36412416159	2850	4.0	5.501977295506058	1348011	9501.97729551	-20.808502370676045	96.808308
36446.06332711659	2850	4.0	6.6992029550001915	1429765	10699.202955	-25.956572706500822	94.962414
36457.43487395403	2850	4.0	7.371546837436723	1354548	11371.5468374	-28.847651400977906	95.957675
36474.787124871145	2850	4.0	13.352250917111371	1519951	17352.2509171	-54.56467894357889	92.483401
36491.62984931136	2850	4.0	12.842724440218394	1422919	16842.7244402	-52.373715092939086	93.510922
36536.32414150436	2850	4.0	40.69429219300448	1578343	44694.292193	-172.13545642991926	91.568178
36564.17791004719	2850	4.0	23.853768542827076	1231445	27853.7685428	-99.72120473415643	88.830113
36570.05797031836	2850	4.0	1.8800602711728016	1471065	5880.06027117	-5.2342591660430475	93.514387
36573.36875979967	2850	4.6892105186954955	0.0	1491626	3310.7894813	2.85	94.650033
36576.3199752994	2850	5.7379950189669655	0.0	1358801	2951.21549973	2.85	92.142023
36579.861331596534	2850	6.196638721833869	0.0	1537156	3541.35629713	2.85	89.30989
36582.75750715844	2850	7.300463159920848	0.0	1336050	2896.17556191	2.85	93.680429
36585.92176744963	2850	8.136202868733182	0.0	1415116	3164.26029119	2.85	90.785318
36588.97906229294	2850	9.078908025425696	0.0	1468126	3057.29484331	2.85	89.398189
36592.20826144099	2850	9.849708877380962	0.0	1505760	3229.19914804	2.85	85.954529
36594.928153878674	2850	11.129816439688925	0.0	1323990	2719.89243769	2.85	89.320458
36597.89928348416	2850	12.158686834202689	0.0	1383735	2971.12960549	2.85	93.348429
36601.50345447387	2850	12.554515844492087	0.0	1480464	3604.17098971	2.85	97.271626
36605.405352187445	2850	12.652618130915503	0.0	1547572	3901.89771358	2.85	97.509012
36608.004950442155	2850	14.053019876206385	0.0	1141971	2599.59825471	2.85	93.311238
36611.48673803547	2850	14.571232282890618	0.0	1498470	3481.78759332	2.85	96.041687
36614.851940696426	2850	15.206029621937668	0.0	1561263	3365.20266095	2.85	96.863845
36617.646155731985	2850	16.411814586377805	0.0	1341201	2794.21503556	2.85	94.816085
36621.36459281262	2850	16.693377505739463	0.0	1497683	3718.43708064	2.85	92.910185
36624.59330764312	2850	17.464662675245624	0.0	1358081	3228.71483049	2.85	95.193139
36628.79399265755	2850	17.263977660812927	0.0	1587293	4200.68501443	2.85	81.858634
36632.22174485751	2850	17.83622546084749	0.0	1492672	3427.75219997	2.85	99.177905
36635.14018363605	2850	18.917786682303298	0.0	1439896	2918.43877854	2.85	97.217465
36638.38023404543	2850	19.67773627292714	0.0	1139291	3240.05040938	2.85	93.825455
36651.42116648172	2850	10.636803836638476	0.0	1499009	13040.9324363	2.85	93.982147
36663.499574635855	2850	4.0	1.441604317496158	1427478	12078.4081541	-3.3488985652334784	90.92969
36675.84390171122	2850	4.0	8.34432707536124	1402287	12344.3270754	-33.03060642405333	91.34334
36689.73101160255	2850	4.0	9.887109891335227	1339500	13887.1098913	-39.664572532741474	97.297482
36701.42454255867	2850	4.0	7.693530956122815	1527299	11693.5309561	-30.232183111328098	92.902955
36712.23528666513	2850	4.0	6.810744106454853	1343002	10810.7441065	-26.436199657755864	87.659279
36726.46259163105	2850	4.0	10.22730496592238	1587250	14227.3049659	-41.127411353466236	95.172719
36737.387421364016	2850	4.0	6.924829732966609	1464921	10924.829733	-26.926767851756416	96.481395
36748.547657032694	2850	4.0	7.160235668672858	1483527	11160.2356687	-27.939013375293285	95.602302
36758.597856030225	2850	4.0	6.050198997534856	1231456	10050.1989975	-23.165855689399876	92.485503
36774.24727538515	2850	4.0	11.649419354925772	1364537	15649.4193549	-47.242503226180816	97.895096

