13682.4090661	750	4.0	3.995068697861578	450283	3995.06869786	-16.428795400804784	64.858346
13694.3490359	2850	4.0	7.939969766941369	1431809	11939.9697669	-33.391869997847884	90.683379
13712.7951892	2850	4.0	14.446153298034446	1300868	18446.153298	-59.26845918154811	90.483169
13729.5247995	2850	4.0	12.729610269866155	1520281	16729.6102699	-51.88732416042446	89.788956
13750.860965	2850	4.0	17.3361655230206	1472558	21336.165523	-71.69551174898858	85.928154
13776.4115884	2850	4.0	21.550623432604624	1224260	25550.6234326	-89.81768076019989	94.229141
13807.4051008	2850	4.0	26.993512365983758	1388403	30993.512366	-113.22210317373016	97.582873
13834.3016719	2850	4.0	22.896571123552594	1638769	26896.5711236	-95.60525583127615	97.908255
13845.9419882	2850	4.0	7.640316316408767	1348011	11640.3163164	-30.003360160557698	96.808308
13864.5460083	2850	4.0	14.604020049301413	1429765	18604.0200493	-59.94728621199607	94.962414
13880.5731638	2850	4.0	12.02715551289077	1354548	16027.1555129	-48.86676870543031	95.957675
13898.7875052	2850	4.0	14.21434142142448	1519951	18214.3414214	-58.27166811212526	92.483401
13927.5309025	2850	4.0	24.743397330652012	1422919	28743.3973307	-103.54660852180365	93.510922
13963.0039264	2850	4.0	31.473023895490428	1578343	35473.0238955	-132.48400275060885	91.568178
13985.030669	2850	4.0	18.026742543836257	1231445	22026.7425438	-74.6649929384959	88.830113
13998.4479269	2850	4.0	9.417257887674127	1471065	13417.2578877	-37.64420891699874	93.514387
14016.3635787	2850	4.0	13.915651801924753	1491626	17915.6518019	-56.987302748276434	94.650033
14033.3312822	2850	4.0	12.967703552315873	1358801	16967.7035523	-52.91112527495825	92.142023
14050.1419153	2850	4.0	12.810633110695726	1537156	16810.6331107	-52.235722375991614	89.30989
14075.85453	2850	4.0	21.71261470322083	1336050	25712.6147032	-90.51424322384956	93.680429
14109.8955386	2850	4.0	30.041008567173805	1415116	34041.0085672	-126.32633683884737	90.785318
14137.2870842	2850	4.0	23.391545553970122	1468126	27391.545554	-97.73364588207153	89.398189
14151.8402796	2850	4.0	10.553195430739699	1505760	14553.1954307	-42.5287403521807	85.954529
14164.9933775	2850	4.0	9.153097889253242	1323990	13153.0978893	-36.508320923788936	89.320458
14184.9678516	2850	4.0	15.974474104556895	1383735	19974.4741046	-65.84023864959465	93.348429
14200.027024	2850	4.0	11.059172437457393	1480464	15059.1724375	-44.70444148106679	97.271626
14227.0716672	2850	4.0	23.044643218416006	1547572	27044.6432184	-96.24196583918882	97.509012
14254.9077154	2850	4.0	23.836048138104918	1141971	27836.0481381	-99.64500699385114	93.311238
14285.4177831	2850	4.0	26.510067752039323	1498470	30510.067752	-111.14329133376908	96.041687
14303.7353898	2850	4.0	14.317606711265492	1561263	18317.6067113	-58.715708858441616	96.863845
14315.4377302	2850	4.0	7.70234034406132	1341201	11702.3403441	-30.270063479463673	94.816085
14337.4414665	2850	4.0	18.003736372362074	1497683	22003.7363724	-74.56606640115692	92.910185
14351.3400183	2850	4.0	9.898551761673046	1358081	13898.5517617	-39.71377257519409	95.193139
14375.6054203	2850	4.0	20.26540201278161	1587293	24265.4020128	-84.29122865496093	81.858634
14411.5678666	2850	4.0	31.962446326284763	1492672	35962.4463263	-134.58851920302448	99.177905
14441.2529126	2850	4.0	25.685045983782583	1439896	29685.0459838	-107.59569773026512	97.217465
14454.8185347	2850	4.0	9.565622061098054	1139291	13565.6220611	-38.28217486272163	93.825455
14467.3086945	2850	4.0	8.490159812311083	1499009	12490.1598123	-33.65768719293765	93.982147
14488.3858103	2850	4.0	17.07711578687033	1427478	21077.1157869	-70.58159788354241	90.92969
14502.9047189	2850	4.0	10.518908560252576	1402287	14518.9085603	-42.38130680908608	91.34334
14522.9327135	2850	4.0	16.027994607192937	1339500	20027.9946072	-66.07037681092963	97.297482
14555.8540173	2850	4.0	28.921303863191753	1527299	32921.3038632	-121.51160661172453	92.902955
14583.8765047	2850	4.0	24.022487350119093	1343002	28022.4873501	-100.4466956055121	87.659279
14608.1646368	2850	4.0	20.288132159503245	1587250	24288.1321595	-84.38896828586395	95.172719
14620.3417386	2850	4.0	8.17710174425354	1464921	12177.1017443	-32.311537500290214	96.481395
14641.6989594	2850	4.0	17.35722086809265	1483527	21357.2208681	-71.7860497327984	95.602302
14654.6425389	2850	4.0	8.943579431555934	1231456	12943.5794316	-35.60739155569051	92.485503
14673.777194	2850	4.0	15.13465512202384	1364537	19134.655122	-62.22901702470251	97.895096

