42718.99123766415	750	4.0	1.9680897620528024	450283	1968.08976205	-7.71278597682705	64.858346
42725.16977112862	2850	4.0	2.178533464468493	1431809	6178.53346447	-8.617693897214519	90.683379
42729.435488661125	2850	4.0	0.2657175325053131	1300868	4265.71753251	1.7074146102271537	90.483169
42741.4151273916	2850	4.0	7.979638730474269	1520281	11979.6387305	-31.462446541039355	89.788956
42750.26496862428	2850	4.0	4.849841232678551	1472558	8849.84123268	-18.004317300517766	85.928154
42754.95850721322	2850	4.0	0.6935385889426597	1224260	4693.53858894	-0.13221593245343666	94.229141
42760.151305343155	2850	4.0	1.1927981299367238	1388403	5192.79812994	-2.2790319587279124	97.582873
42769.61813891176	2850	4.0	5.466833568603626	1638769	9466.8335686	-20.657384344995588	97.908255
42777.69022072958	2850	4.0	4.072081817817174	1348011	8072.08181782	-14.659951816613846	96.808308
42785.15144262222	2850	4.0	3.4612218926398817	1429765	7461.22189264	-12.033254138351491	94.962414
42792.114327313466	2850	4.0	2.9628846912457156	1354548	6962.88469125	-9.890404172356577	95.957675
42800.1515083056	2850	4.0	4.037180992133067	1519951	8037.18099213	-14.509878266172185	92.483401
42807.37936488025	2850	4.0	3.227856574655603	1422919	7227.85657466	-11.029783271019094	93.510922
42814.8500109788	2850	4.0	3.4706460985459535	1578343	7470.64609855	-12.073778223747599	91.568178
42824.04316481864	2850	4.0	5.193153839841261	1231445	9193.15383984	-19.480561511317422	88.830113
42831.0802503508	2850	4.0	3.0370855321555448	1471065	7037.08553216	-10.209467788268842	93.514387
42840.91357452597	2850	4.0	5.83332417516653	1491626	9833.32417517	-22.233293953216076	94.650033
42846.59700735878	2850	4.0	1.6834328328115697	1358801	5683.43283281	-4.38876118108975	92.142023
42855.11497900798	2850	4.0	4.517971649202207	1537156	8517.9716492	-16.577278091569486	89.30989
42861.191143409604	2850	4.0	2.0761644016191494	1336050	6076.16440162	-6.077506926962343	93.680429
42867.00488996191	2850	4.0	1.813746552305136	1415116	5813.74655231	-4.949110174912084	90.785318
42873.91700602925	2850	4.0	2.9121160673476707	1468126	6912.11606735	-9.672099089594983	89.398189
42880.159088782915	2850	4.0	2.2420827536554127	1505760	6242.08275366	-6.790955840718274	85.954529
42886.0741070327	2850	4.0	1.9150182497856258	1323990	5915.01824979	-5.384578474078191	89.320458
42891.202353707886	2850	4.0	1.1282466751864295	1383735	5128.24667519	-2.0014607033016465	93.348429
42895.73811217178	2850	4.0	0.5357584638859143	1480464	4535.75846389	0.5462386052905686	97.271626
42900.83678568532	2850	4.0	1.098673513548427	1547572	5098.67351355	-1.874296108258235	97.509012
42904.88685119497	2850	4.0	0.05006550964455528	1141971	4050.06550964	2.6347183085284125	93.311238
42910.734730982134	2850	4.0	1.8478797871591588	1498470	5847.87978716	-5.095883084784383	96.041687
42916.190386228154	2850	4.0	1.4556552460168997	1561263	5455.65524602	-3.409317557872668	96.863845
42921.187021445134	2850	4.0	0.9966352169789979	1341201	4996.63521698	-1.4355314330096909	94.816085
42926.54436996089	2850	4.0	1.3573485157576752	1497683	5357.34851576	-2.9865986177580033	92.910185
42930.89830241085	2850	4.0	0.3539324499663144	1358081	4353.93244997	1.3280904651448482	95.193139
42935.718603555935	2850	4.0	0.8203011450758749	1587293	4820.30114508	-0.677294923826262	81.858634
42940.50213425465	2850	4.0	0.7835306987272679	1492672	4783.53069873	-0.5191820045272517	99.177905
42945.11767844506	2850	4.0	0.6155441903988212	1439896	4615.5441904	0.20315998128506862	97.217465
42950.35446897672	2850	4.0	1.2367905316679353	1139291	5236.79053167	-2.4681992861721214	93.825455
42955.31126985443	2850	4.0	0.9568008777017821	1499009	4956.8008777	-1.2642437741176633	93.982147
42964.65486777802	2850	4.0	5.343597923596759	1427478	9343.5979236	-20.12747107146606	90.92969
42975.437201816676	2850	4.0	6.782334038653871	1402287	10782.3340387	-26.314036366211642	91.34334
42980.588323956195	2850	4.0	1.1511221395220173	1339500	5151.12213952	-2.0998251999446738	97.297482
42986.28865043406	2850	4.0	1.7003264778585017	1527299	5700.32647786	-4.461403854791557	92.902955
42993.15317966333	2850	4.0	2.8645292292789954	1343002	6864.52922928	-9.46747568589968	87.659279
43003.439049559245	2850	4.0	6.285869895911245	1587250	10285.8698959	-24.17924055241835	95.172719
43011.19499646939	2850	4.0	3.7559469101504566	1464921	7755.94691015	-13.300571713646962	96.481395
43018.642085597865	2850	4.0	3.447089128471117	1483527	7447.08912847	-11.972483252425803	95.602302
43025.439571602634	2850	4.0	2.7974860047705925	1231456	6797.48600477	-9.179189820513548	92.485503
43032.29401790981	2850	4.0	2.8544463071769943	1364537	6854.44630718	-9.424119120861075	97.895096

