3165.8817063848865	750	4.0	4.034106319630938	450283	4034.106319630938	-16.596657174413032	64.858346
3166.998007723574	300	6.883698661312633	0.0	155580	1116.3013386873674	-0.15000000000000002	18.412623
3169.1289576662593	750	8.752748718627645	0.0	350812	2130.949942684988	0.3	60.430767
3171.193506015749	750	10.68820036913806	0.0	382355	2064.5483494895834	0.75	55.551349
3174.832014296721	750	11.049692088166061	0.0	411561	3638.508280972001	0.75	51.003805
3176.6520262324225	750	13.229680152464669	0.0	318564	1820.011935701391	0.75	62.986308
3179.5498507922675	1200	14.33185559261946	0.0	561791	2897.8245598452086	0.75	89.177904
3183.3870802764136	1200	14.49462610847283	0.0	709534	3837.2294841466314	1.2	82.426144
3187.045232659091	1200	14.836473725795178	0.0	584846	3658.1523826776497	1.2	82.430225
3190.0766865781384	1200	15.805019806748373	0.0	560821	3031.453919046805	1.2	76.960357
3192.2077473333393	1200	17.67395905154731	0.0	607410	2131.0607552010633	1.2	82.096766
3195.194071393158	1850	18.687634991728384	0.0	917428	2986.324059818925	1.2000000000000002	82.202545
3198.9344351849327	1850	18.947271199954027	0.0	946851	3740.36379177436	1.85	83.629776
3203.026071465981	1850	18.855634918905558	0.0	1036454	4091.6362810484675	1.85	80.875505
3206.28638176763	1850	19.595324617257287	0.0	821631	3260.3103016482714	1.85	78.494849
3210.780930243964	1850	19.100776140922594	0.0	923170	4494.548476334695	1.85	83.7301
3216.9936865909367	1850	16.888019793950345	0.0	966699	6212.756346972247	1.85	86.226021
3220.409055803806	1850	17.472650581080973	0.0	885714	3415.3692128693733	1.85	85.258591
3223.9760900163433	1850	17.905616368543953	0.0	987708	3567.03421253702	1.85	79.995224
3229.6273513523743	1850	16.25435503251304	0.0	923755	5651.261336030915	1.85	86.363677
3233.1948544268685	1850	16.68685195801886	0.0	891604	3567.503074494179	1.85	81.773294
3236.960980986924	1850	16.920725397963352	0.0	955231	3766.126560055503	1.85	79.031768
3240.9345635310206	1850	16.94714285386674	0.0	968026	3973.582544096615	1.85	73.123347
3243.809831655423	1850	18.07187472946448	0.0	874175	2875.2681244022597	1.85	80.700778
3245.8393628577505	1850	20.042343527136595	0.0	897976	2029.5312023278832	1.85	86.994267
3248.2352444023672	1850	21.64646198251997	0.0	905935	2395.881544616627	1.85	89.133614
3253.322239727523	2850	20.55946665736401	0.0	1547572	5086.99532515596	1.85	97.509012
3256.6151139197123	2850	21.266592465174945	0.0	1141971	3292.8741921890637	2.85	93.311238
3260.4032945115214	2850	21.478411873366046	0.0	1498470	3788.180591808897	2.85	96.041687
3263.7554685791442	2850	22.126237805743035	0.0	1561263	3352.1740676230124	2.85	96.863845
3267.758893114896	4300	22.12281326999103	0.0	2113193	4003.424535752006	2.8499999999999996	99.974279
3272.7341581441888	4300	21.147548240698466	0.0	2147852	4975.265029292564	4.3	99.974277
3281.696572373738	4300	16.185134011148975	0.0	2191074	8962.414229549493	4.3	99.974275
3289.5820536534457	4300	12.299652731441459	0.0	2286761	7885.481279707516	4.3	99.974277
3292.7294226214494	2850	13.152283763437492	0.0	1492672	3147.3689680039656	1.4000000000000001	99.177905
3296.238884571644	2850	13.64282181324288	0.0	1439896	3509.4619501946113	2.85	97.217465
3298.9375123384257	2850	14.944194046461226	0.0	1139291	2698.6277667816553	2.85	93.825455
3302.743124697618	2850	15.138581687268692	0.0	1499009	3805.6123591925334	2.85	93.982147
3306.53828385557	2850	15.343422529316985	0.0	1427478	3795.1591579517058	2.85	90.92969
3310.9656329730055	2850	14.916073411881294	0.0	1402287	4427.349117435692	2.85	91.34334
3316.55277441271	2850	13.32893197217698	0.0	1339500	5587.141439704315	2.85	97.297482
3322.5872972566326	2850	11.294409128253955	0.0	1527299	6034.522843923022	2.85	92.902955
3327.462604694357	2850	10.419101690529589	0.0	1343002	4875.3074377243665	2.85	87.659279
3330.713364744333	1850	11.168341640553482	0.0	973972	3250.760049976106	0.8500000000000001	84.84845
3334.8033463883708	1850	11.078359996515637	0.0	958994	4089.981644037845	1.85	87.119023
3339.9971153037923	1850	9.884591081094257	0.0	982064	5193.76891542138	1.85	86.680563
3344.270471417941	1850	9.611234966945498	0.0	830730	4273.356114148759	1.85	84.040637
3355.0398981059952	2850	4.0	1.158191721109195	1364537	10769.426688054693	-3.130224400769538	97.895096

