11341.304615687082	750	4.0	6.650702047500183	450283	6650.702047500184	-27.84801880425079	64.858346
11344.512947728459	300	4.7916679586228605	0.0	155580	3208.33204137714	-0.15000000000000002	18.412623
11347.266045507427	300	6.038570179654275	0.0	139857	2753.0977789685853	0.3	17.596212
11350.855534834645	300	6.449080852435839	0.0	155432	3589.4893272184354	0.3	19.997309
11354.349858099775	300	6.9547575873057905	0.0	163442	3494.323265130049	0.3	16.877619
11355.905420175432	300	9.399195511649754	0.0	126289	1555.5620756560363	0.3	18.579568
11358.15900887981	300	11.145606807272678	0.0	153295	2253.5887043770767	0.3	42.291519
11360.734242691573	300	12.570372995509178	0.0	173849	2575.233811763499	0.3	35.451274
11363.143940711352	300	14.16067497572826	0.0	150710	2409.6980197809194	0.3	28.497356
11365.671891272526	300	15.632724414555573	0.0	139105	2527.950561172686	0.3	21.660501
11368.398639483288	300	16.905976203793937	0.0	141840	2726.7482107616383	0.3	2.177717
11371.277962754326	300	18.02665293275635	0.0	156148	2879.3232710375887	0.3	19.431299
11373.3103808165	300	19.99423487058342	0.0	160746	2032.4180621729286	0.3	21.445722
11375.754384560374	300	21.550231126707583	0.0	179801	2444.003743875837	0.3	23.726678
11377.698834221626	300	23.605781465455838	0.0	140051	1944.4496612517448	0.3	21.119447
11381.88546355573	750	23.419152131350156	0.0	366214	4186.629334105685	0.3	58.858709
11385.894602445776	750	23.41001324130564	0.0	360831	4009.138890044513	0.75	60.531124
11390.368971764854	750	22.935643922228962	0.0	372963	4474.36931907668	0.75	69.564049
11395.127893705623	750	22.176721981459774	0.0	405596	4758.921940769188	0.75	60.564875
11399.965244316185	750	21.339371370898043	0.0	350713	4837.350610561729	0.75	67.172129
11404.91200789965	750	20.392607787432578	0.0	386472	4946.763583465463	0.75	62.777649
11408.581301068418	750	20.723314618664258	0.0	399894	3669.29316876832	0.75	55.443233
11412.049307548834	750	21.25530813824843	0.0	401853	3468.006480415827	0.75	47.960406
11415.229077848657	750	22.075537838427124	0.0	343800	3179.770299821305	0.75	55.451197
11420.137693204435	750	21.166922482649216	0.0	359903	4908.615355777907	0.75	66.786337
11425.065435850356	750	20.239179836728084	0.0	379700	4927.742645921135	0.75	66.676537
11428.72063384809	750	20.58398183899465	0.0	425781	3655.1979977334327	0.75	65.665965
11431.227742179852	750	22.076873507232104	0.0	277716	2507.1083317625466	0.75	68.231907
11436.400182634887	750	20.904433052197447	0.0	400396	5172.4404550346535	0.75	69.601487
11442.504351406593	750	18.80026428049071	0.0	400508	6104.16877170674	0.75	67.821489
11449.084713349686	750	16.21990233739611	0.0	358218	6580.361943094598	0.75	64.789531
11452.167840422764	750	17.136775264319024	0.0	400322	3083.1270730770825	0.75	60.651768
11455.85521449864	750	17.449401188442817	0.0	369834	3687.374075876208	0.75	68.369339
11462.55497265744	750	14.749643029642648	0.0	412837	6699.758158800171	0.75	49.996929
11471.21657543031	750	10.088040256774137	0.0	401088	8661.602772868511	0.75	69.915275
11478.914902944653	750	6.389712742430749	0.0	365161	7698.3275143433875	0.75	60.276519
11480.393894052942	300	8.910721634140744	0.0	131610	1478.9911082900064	-0.15000000000000002	28.4111
11481.688616171648	300	11.615999515434666	0.0	124011	1294.7221187060795	0.3	21.943337
11483.181624086365	300	14.122991600718818	0.0	144254	1493.0079147158463	0.3	12.774971
11486.725160646438	750	14.579455040645856	0.0	390680	3543.536560072962	0.3	61.525566
11489.341305944943	750	15.963309742139726	0.0	345516	2616.145298506129	0.75	79.583372
11492.279430194736	750	17.02518549234724	0.0	384505	2938.1242497924845	0.75	64.443828
11495.534654532581	750	17.76996115450176	0.0	372093	3255.224337845481	0.75	58.879512
11503.911151514007	750	13.393464173076573	0.0	438281	8376.496981425189	0.75	62.327504
11512.203092798596	750	9.101522888487013	0.0	398987	8291.94128458956	0.75	63.729239
11516.188284334141	300	9.116331352941586	0.0	160064	3985.1915355454257	-0.15000000000000002	27.591437
11519.282489220514	300	10.022126466570368	0.0	137507	3094.2048863712184	0.3	25.36694
11521.061142282151	300	12.243473404932612	0.0	118421	1778.6530616377554	0.3	36.062877

