12269.512705894942	750	4.0	1.5985734190571195	450283	1598.5734190571195	-6.123865701945613	64.858346
12270.303312527183	300	7.209393367758037	0.0	155580	790.6066322419633	-0.15000000000000002	18.412623
12271.892655045584	750	9.620050849358384	0.0	350812	1589.342518399653	0.3	60.430767
12274.819020137556	1200	10.693685757386284	0.0	617681	2926.3650919720994	0.75	69.474665
12278.006165791568	1200	11.506540103372037	0.0	652874	3187.145654014246	1.2	64.23322
12280.554024550504	1850	12.958681344437363	0.0	801058	2547.8587589346753	1.2000000000000002	86.249306
12283.7029157335	1850	13.80979016144165	0.0	905515	3148.8911829957096	1.85	94.086702
12289.022294746854	2850	12.490411148087764	0.0	1638769	5319.379013353888	1.85	97.908255
12292.48141528902	1850	13.03129060592031	0.0	852833	3459.1205421674526	0.8500000000000001	90.218296
12297.506112199502	2850	12.006593695438168	0.0	1429765	5024.696910482142	1.85	94.962414
12300.969956775481	1850	12.542749119458689	0.0	939819	3463.844575979479	0.8500000000000001	89.239922
12304.567251955881	1850	12.945453939058247	0.0	917428	3597.2951804004433	1.85	82.202545
12308.5781017977	1850	12.93460409723969	0.0	946851	4010.8498418185577	1.85	83.629776
12312.715351753346	1850	12.797354141592962	0.0	1036454	4137.249955646728	1.85	80.875505
12315.689257606064	1850	13.823448288875962	0.0	821631	2973.905852716999	1.85	78.494849
12321.097909976947	2850	12.414795917993338	0.0	1471065	5408.6523708826235	1.85	93.514387
12325.472225500842	1850	12.04048039409664	0.0	966699	4374.315523896699	0.8500000000000001	86.226021
12329.397830270165	1850	12.114875624772827	0.0	885714	3925.6047693238115	1.85	85.258591
12333.480070240073	1850	12.032635654865922	0.0	987708	4082.239969906905	1.85	79.995224
12337.18250991127	1850	12.330195983667677	0.0	923755	3702.439671198247	1.85	86.363677
12340.819680114635	1850	12.693025780303811	0.0	891604	3637.1702033638658	1.85	81.773294
12344.27400178315	1850	13.238704111788772	0.0	955231	3454.3216685150383	1.85	79.031768
12349.18095801091	2850	12.331747884028102	0.0	1505760	4906.956227760671	1.85	85.954529
12354.672265655001	1850	10.840440239936143	0.0	874175	5491.307644091959	0.8500000000000001	80.700778
12356.503691895328	1200	13.009013999609978	0.0	587236	1831.4262403261628	0.5499999999999999	78.698824
12362.625120469447	2850	10.887585425492045	0.0	1480464	6121.428574117934	1.2000000000000002	97.271626
12366.60551081346	1200	10.90719508148004	0.0	696376	3980.3903440120043	-0.44999999999999996	80.745588
12369.242326056166	1200	12.270379838774897	0.0	487160	2636.8152427051423	1.2	80.893459
12374.172894145151	1850	11.339811749788502	0.0	972798	4930.568088986395	1.2000000000000002	88.832031
12379.010306292072	1850	10.502399602868502	0.0	975811	4837.412146920002	1.85	89.334885
12382.110359348493	1200	11.402346546447601	0.0	570392	3100.0530564209002	0.5499999999999999	78.009495
12386.32619416149	1850	11.186511733451265	0.0	954453	4215.834812996335	1.2000000000000002	83.67714
12390.04939245108	1850	11.46331344386141	0.0	885062	3723.1982895898564	1.85	87.533761
12394.00764868852	1850	11.505057206422334	0.0	1035329	3958.256237439074	1.85	71.430146
12397.650226178721	1850	11.862479716220994	0.0	1026056	3642.57749020134	1.85	97.037422
12400.939390914122	1850	12.573314980819978	0.0	943942	3289.164735401016	1.85	90.168439
12403.985651962179	1850	13.527053932762046	0.0	728962	3046.2610480579315	1.85	86.066994
12410.053409413244	2850	11.459296481698727	0.0	1499009	6067.7574510633185	1.85	93.982147
12413.495933690894	1850	12.016772204047896	0.0	908665	3442.5242776508308	0.8500000000000001	82.415248
12417.492525812262	1850	12.020180082680374	0.0	930577	3996.5921213675224	1.85	83.556577
12420.945841133507	1850	12.566864761435335	0.0	858450	3453.3153212450384	1.85	92.068418
12425.404627532638	1850	12.108078362303353	0.0	1025005	4458.786399131983	1.85	85.276808
12429.397707103586	1850	12.114998791355472	0.0	886255	3993.0795709478803	1.85	78.86339
12433.543421518807	1850	11.969284376134366	0.0	973972	4145.714415221106	1.85	84.84845
12437.253003543694	1850	12.25970235124762	0.0	958994	3709.5820248867453	1.85	87.119023
12442.014337328419	1850	11.49836856652301	0.0	982064	4761.33378472461	1.85	86.680563
12445.311836275903	1850	12.200869619039027	0.0	830730	3297.498947483984	1.85	84.040637
12450.260965104027	1850	11.251740790915534	0.0	846370	4949.128828123495	1.85	92.020773

