11133.52886876991	750	4.0	3.998697299309292	450283	3998.697299309292	-16.444398387029956	64.858346
11134.910847362997	300	6.61802140691262	0.0	155580	1381.9785930873804	-0.15000000000000002	18.412623
11136.35019206294	300	9.178676706968677	0.0	139857	1439.3446999439418	0.3	17.596212
11137.639922499024	300	11.888946270885826	0.0	155432	1289.730436082851	0.3	19.997309
11138.875338799096	300	14.65352997081187	0.0	163442	1235.416300073955	0.3	16.877619
11142.631993030847	750	14.896875739060945	0.0	318564	3756.6542317509243	0.3	62.986308
11151.297492286834	750	10.23137648307479	0.0	352642	8665.499255986157	0.75	81.00828
11154.833307265284	300	10.695561504625188	0.0	173849	3535.8149784496018	-0.15000000000000002	35.451274
11157.020650665738	300	12.50821810417022	0.0	150710	2187.3434004549663	0.3	28.497356
11158.829998076784	300	14.698870693124219	0.0	139105	1809.3474110460002	0.3	21.660501
11160.892795153364	300	16.636073616542937	0.0	141840	2062.7970765812834	0.3	2.177717
11163.115596370382	300	18.413272399525994	0.0	156148	2222.801217016942	0.3	19.431299
11165.192115552554	300	20.3367532173546	0.0	160746	2076.5191821713925	0.3	21.445722
11167.292010936471	300	22.2368578334384	0.0	179801	2099.895383916203	0.3	23.726678
11171.64955116089	750	21.879317609018827	0.0	337059	4357.540224419572	0.3	54.76216
11174.983693601036	750	22.545175168873328	0.0	366214	3334.142440145501	0.75	58.858709
11178.949696959073	750	22.579171810836584	0.0	360831	3966.003358036741	0.75	60.531124
11181.895210975157	750	23.633657794751898	0.0	372963	2945.5140160846877	0.75	69.564049
11186.132406986684	750	23.396461783224805	0.0	405596	4237.196011527094	0.75	60.564875
11189.96561033124	750	23.563258438667972	0.0	350713	3833.2033445568286	0.75	67.172129
11194.01145228198	750	23.51741648792983	0.0	386472	4045.841950738144	0.75	62.777649
11198.028449575779	750	23.500419194131364	0.0	399894	4016.9972937984644	0.75	55.443233
11202.860992268494	750	22.667876501416117	0.0	401853	4832.542692715247	0.75	47.960406
11208.500885054873	750	21.027983715035468	0.0	343800	5639.892786380649	0.75	55.451197
11215.384846323383	750	18.144022446525838	0.0	359903	6883.961268509628	0.75	66.786337
11217.73028425344	300	19.79858451646812	0.0	153938	2345.437930057718	-0.15000000000000002	22.855883
11220.14523304877	300	21.383635721136205	0.0	181901	2414.948795331919	0.3	27.469573
11222.971278994994	750	22.55758977491289	0.0	277716	2826.045946223311	0.3	68.231907
11225.89067954591	300	23.638189223997305	0.0	153605	2919.4005509155854	-0.15000000000000002	28.256686
11228.73644918061	300	24.7924195892978	0.0	149029	2845.7696346995026	0.3	23.365013
11232.914503057787	750	24.61436571211938	0.0	358218	4178.053877178424	0.3	64.789531
11237.776720265005	750	23.75214850490221	0.0	400322	4862.217207217172	0.75	60.651768
11241.189726956136	750	24.339141813770986	0.0	369834	3413.0066911312206	0.75	68.369339
11245.104228972103	750	24.424639797804563	0.0	412837	3914.502015966422	0.75	49.996929
11248.491837558462	750	25.037031211447115	0.0	401088	3387.608586357448	0.75	69.915275
11257.332898373543	1200	20.19597039636523	0.0	598727	8841.060815081888	0.75	77.763467
11260.259189841792	750	21.269678928116097	0.0	321064	2926.29146824913	0.3	67.040505
11262.971335798844	750	22.557532971063072	0.0	361565	2712.145957053024	0.75	66.788635
11265.729302173177	750	23.799566596731594	0.0	378327	2757.9663743314763	0.75	62.32333
11269.40714358728	1200	24.121725182628644	0.0	587506	3677.8414141029484	0.75	72.886388
11274.022500473477	1200	23.50636829643199	0.0	566904	4615.356886196654	1.2	86.974261
11278.791145032556	1200	22.737723737353267	0.0	641452	4768.6445590787225	1.2	75.706383
11283.618926379528	1200	21.909942390380348	0.0	599477	4827.78134697292	1.2	71.343181
11288.944760061591	1200	20.584108708316524	0.0	634861	5325.833682063822	1.2	75.003938
11294.289936716315	1200	19.238932053592332	0.0	630203	5345.176654724193	1.2	77.745919
11297.17463310991	750	20.35423565999957	0.0	393804	2884.696393592765	0.3	62.845425
11300.735305508028	1200	20.793563261881513	0.0	538612	3560.672398118054	0.75	74.51099
11304.98032547616	1200	20.548543293750516	0.0	550906	4245.019968130998	1.2	86.366143

