3890.2566642764973	750	4.0	3.13772266060829	450283	3137.72266060829	0.5	-12.742207440615646	64.858346
3891.226513934455	300	7.0301503420424005	0.0	155580	969.8496579575992	0.5	-0.15000000000000002	18.412623
3892.9506480108494	750	9.306016265647779	0.0	350812	1724.1340763946218	0.5	0.3	60.430767
3894.3133885101865	750	11.943275766310693	0.0	382355	1362.7404993370853	0.5	0.75	55.551349
3895.62394997306	750	14.632714303437371	0.0	411561	1310.5614628733215	0.5	0.75	51.003805
3896.906312606099	1200	17.35035167039827	0.0	520315	1282.3626330391025	0.5	0.75	75.14582
3898.2400074084226	1200	20.01665686807494	0.0	561791	1333.6948023233258	0.5	1.2	89.177904
3901.086365373285	1850	21.17029890321219	0.0	1060487	2846.357964862754	0.5	1.2000000000000002	90.155937
3906.894098616006	2850	19.362565660491185	0.0	1348011	5807.733242721001	0.5	1.85	96.808308
3920.568838932567	2850	9.687825343930182	0.0	1429765	13674.740316561003	0.5	2.85	94.962414
3923.526339017802	750	10.730325258695284	0.0	353220	2957.500085234899	0.5	-1.35	70.008689
3927.0065767466976	750	11.25008752979988	0.0	405134	3480.237728895406	0.5	0.75	59.00323
3928.4572872744725	750	13.799377002025011	0.0	386351	1450.7105277748694	0.5	0.75	59.358241
3930.1847100800146	750	16.07195419648285	0.0	434409	1727.4228055421602	0.5	0.75	56.692976
3931.4137054425346	750	18.842958833962552	0.0	337059	1228.9953625202984	0.5	0.75	54.76216
3933.2306477105903	1200	21.026016565907174	0.0	587876	1816.9422680553748	0.5	0.75	72.569044
3936.3861076413523	1850	21.87055663514497	0.0	966699	3155.4599307622093	0.5	1.2000000000000002	86.226021
3940.8952060854704	2850	21.361458191027012	0.0	1358801	4509.098444117953	0.5	1.85	92.142023
3945.8703487697358	2850	20.386315506761953	0.0	1537156	4975.1426842650635	0.5	2.85	89.30989
3949.9181315809656	2850	20.338532695532024	0.0	1336050	4047.782811229929	0.5	2.85	93.680429
3955.188781168833	2850	19.067883107664805	0.0	1415116	5270.649587867217	0.5	2.85	90.785318
3959.964553836732	2850	18.292110439765544	0.0	1468126	4775.772667899264	0.5	2.85	89.398189
3963.7437799807158	2850	18.512884295781745	0.0	1505760	3779.2261439837966	0.5	2.85	85.954529
3966.9552318025417	2850	19.301432473955654	0.0	1323990	3211.4518218260946	0.5	2.85	89.320458
3970.7834869661797	2850	19.47317731031784	0.0	1383735	3828.255163637813	0.5	2.85	93.348429
3974.7537351221067	2850	19.502929154391218	0.0	1480464	3970.248155926624	0.5	2.85	97.271626
3979.1771901198936	2850	19.079474156603805	0.0	1547572	4423.454997787411	0.5	2.85	97.509012
3984.245712918608	4300	18.010951357889585	0.0	1972048	5068.522798714222	0.5	2.8499999999999996	99.974279
3989.1592266346006	4300	17.097437641896764	0.0	2134614	4913.513715992822	0.5	4.3	99.969028
3995.0212368679013	4300	15.235427408595923	0.0	2164140	5862.010233300843	0.5	4.3	99.974275
4000.0209093548965	4300	14.235754921601197	0.0	2113193	4999.672486994725	0.5	4.3	99.974279
4006.8648831487967	4300	11.391781127700847	0.0	2147852	6843.973793900349	0.5	4.3	99.974277
4014.621700877114	4300	7.634963399383727	0.0	2191074	7756.817728317121	0.5	4.3	99.974275
4019.5162670989525	1850	6.740397177545329	0.0	1035329	4894.566221838398	0.5	-0.6000000000000001	71.430146
4023.891898627316	1850	6.364765649181629	0.0	1026056	4375.6315283637	0.5	1.85	97.037422
4026.629611345435	1850	7.627052931062817	0.0	943942	2737.712718118811	0.5	1.85	90.168439
4028.8729576806463	1850	9.383706595851313	0.0	728962	2243.346335211503	0.5	1.85	86.066994
4031.7597564894872	1850	10.496907787010176	0.0	938587	2886.7988088411394	0.5	1.85	86.593761
4034.4104237105967	1850	11.846240565900837	0.0	908665	2650.6672211093382	0.5	1.85	82.415248
4037.180522869843	1850	13.076141406654637	0.0	930577	2770.0991592461996	0.5	1.85	83.556577
4041.982630623677	2850	12.274033652820984	0.0	1339500	4802.107753833652	0.5	1.85	97.297482
4047.701061359294	2850	10.555602917203807	0.0	1527299	5718.430735617178	0.5	2.85	92.902955
4052.595856088088	2850	9.660808188409614	0.0	1343002	4894.794728794194	0.5	2.85	87.659279
4057.146628425085	2850	9.11003585141271	0.0	1587250	4550.7723369969035	0.5	2.85	95.172719
4061.903536645341	2850	8.353127631156898	0.0	1464921	4756.908220255812	0.5	2.85	96.481395
4067.5360853537913	2850	6.72057892270628	0.0	1483527	5632.5487084506185	0.5	2.85	95.602302
4073.4645268211975	2850	4.792137455300126	0.0	1231456	5928.441467406154	0.5	2.85	92.485503
4075.6510094763416	1850	6.605654800155619	0.0	846370	2186.482655144507	0.5	0.8500000000000001	92.020773

