6312.984988774958	750	4.0	3.252274383373264	450283	3252.2743833732643	0.5	-13.234779848505035	64.858346
6313.958848694119	300	7.026140080838887	0.0	155580	973.8599191611128	0.5	-0.15000000000000002	18.412623
6315.714771846368	750	9.270216928590129	0.0	350812	1755.923152248758	0.5	0.3	60.430767
6317.167926154257	750	11.817062620701272	0.0	382355	1453.154307888858	0.5	0.75	55.551349
6319.682397076187	1200	13.302591698771016	0.0	652874	2514.470921930256	0.5	0.75	64.23322
6321.39399923896	1200	15.590989535997819	0.0	520315	1711.6021627731964	0.5	1.2	75.14582
6325.029621811383	1850	15.955366963574882	0.0	905515	3635.622572422936	0.5	1.2000000000000002	94.086702
6329.929082761455	1850	15.055906013501676	0.0	1060487	4899.460950073203	0.5	1.85	90.155937
6333.298979710635	1850	15.686009064322262	0.0	852833	3369.8969491794164	0.5	1.85	90.218296
6336.909981448959	1850	16.075007325997856	0.0	913888	3611.0017383244044	0.5	1.85	86.733288
6342.294088539029	1850	14.690900235929313	0.0	939819	5384.107090068545	0.5	1.85	89.239922
6346.503532515648	1850	14.481456259310017	0.0	917428	4209.443976619296	0.5	1.85	82.202545
6350.41066916274	1850	14.574319612218211	0.0	946851	3907.136647091806	0.5	1.85	83.629776
6354.489647282976	1850	14.495341491982565	0.0	1036454	4078.978120235646	0.5	1.85	80.875505
6357.624551928626	1850	15.360436846332627	0.0	821631	3134.904645649938	0.5	1.85	78.494849
6361.69833342666	1850	15.286655348297803	0.0	923170	4073.7814980348235	0.5	1.85	83.7301
6367.20723288418	1850	13.777755890778197	0.0	966699	5508.899457519607	0.5	1.85	86.226021
6373.625925781542	1850	11.359062993416813	0.0	885714	6418.692897361384	0.5	1.85	85.258591
6378.49265662609	1200	10.49233214886762	0.0	639204	4866.730844549195	0.5	0.5499999999999999	72.000653
6382.156649295234	1200	10.828339479723516	0.0	586839	3663.9926691441033	0.5	1.2	79.134663
6384.731213137607	1200	12.253775637351872	0.0	601738	2574.5638423716446	0.5	1.2	74.235946
6387.711414521517	1200	13.273574253440495	0.0	616206	2980.2013839113765	0.5	1.2	68.532883
6391.188182898979	1200	13.796805875979043	0.0	656471	3476.76837746145	0.5	1.2	63.455907
6396.298261837504	1200	12.68672693745359	0.0	536667	5110.078938525455	0.5	1.2	68.420849
6400.845460600272	1200	12.139528174684527	0.0	587236	4547.198762769063	0.5	1.2	78.698824
6403.412858595398	1200	13.572130179560302	0.0	590335	2567.397995124223	0.5	1.2	79.644231
6405.743066945701	1200	15.241921829256292	0.0	696376	2330.208350304012	0.5	1.2	80.745588
6408.602358659542	1200	16.382630115415417	0.0	487160	2859.291713840874	0.5	1.2	80.893459
6411.096770830828	1200	17.88821794413018	0.0	622896	2494.4121712852398	0.5	1.2	80.053124
6414.335859736095	1200	18.64912903886315	0.0	641447	3239.0889052670273	0.5	1.2	80.154442
6418.082195785804	1850	18.902792989153763	0.0	873429	3746.3360497093854	0.5	1.2000000000000002	87.120667
6425.075461479748	1850	15.909527295210804	0.0	954453	6993.26569394296	0.5	1.85	83.67714
6431.088519698053	1850	13.89646907690577	0.0	885062	6013.058218305033	0.5	1.85	87.533761
6435.207751214694	1200	13.777237560264636	0.0	670129	4119.231516641136	0.5	0.5499999999999999	62.28877
6438.539994353831	1200	14.444994421126939	0.0	690253	3332.243139137695	0.5	1.2	87.732581
6440.4854036657525	1200	16.499585109206077	0.0	598727	1945.4093119208635	0.5	1.2	77.763467
6442.174948795894	1200	18.810039979064392	0.0	487812	1689.5451301416858	0.5	1.2	77.846693
6446.6084087000745	1850	18.376580074884153	0.0	938587	4433.45990418024	0.5	1.2000000000000002	86.593761
6449.951763472615	1850	19.033225302342174	0.0	908665	3343.3547725419817	0.5	1.85	82.415248
6452.292443383608	1850	20.692545391349437	0.0	930577	2340.6799109927347	0.5	1.85	83.556577
6454.734855761295	1850	22.250133013661987	0.0	858450	2442.412377687452	0.5	1.85	92.068418
6466.227239052256	2850	14.757749722701787	0.0	1527299	11492.3832909602	0.5	1.85	92.902955
6471.854111244579	1200	13.13087753037859	0.0	599477	5626.872192323194	0.5	-0.44999999999999996	71.343181
6475.670412753969	1200	13.314576020988694	0.0	634861	3816.3015093898985	0.5	1.2	75.003938
6480.844486742976	1200	12.140502031980937	0.0	630203	5174.073989007756	0.5	1.2	77.745919
6485.195763390224	1200	11.789225384733369	0.0	638661	4351.276647247569	0.5	1.2	77.309224
6487.883312116982	1200	13.101676657975748	0.0	538612	2687.548726757621	0.5	1.2	74.51099
6490.55278778621	1200	14.43220098874743	0.0	550906	2669.4756692283177	0.5	1.2	86.366143

