2261.4025722858933	750	4.0	4.838144007766586	450283	4838.144007766587	-87.05179023803896	64.858346
2264.904251808124	750	4.498320477769324	0.0	398865	3501.6795222306755	37.30694774282116	57.017244
2267.7071079545312	750	5.695464331362021	0.0	350812	2802.8561464073036	49.53439726135709	60.430767
2270.6896596027473	750	6.712912683146003	0.0	382355	2982.551648216018	39.207823032133746	55.551349
2273.876447870074	750	7.526124415819146	0.0	411561	3186.7882673268577	35.708620955217725	51.003805
2276.6657125122288	750	8.736859773664749	0.0	318564	2789.264642154396	54.252000083560986	62.986308
2279.104404240728	750	10.298168045165479	0.0	352642	2438.6917284992705	71.31441799403183	81.00828
2282.029942885117	750	11.372629400776125	0.0	437162	2925.5386443893553	43.94053818670605	69.475262
2285.2091979529305	750	12.193374332963122	0.0	374758	3179.2550678130037	57.681454273815504	70.789292
2287.8926936829266	750	13.509878602966758	0.0	362795	2683.4957299963635	45.836272051926805	64.786022
2289.801355755398	750	15.601216530495638	0.0	353220	1908.662072471119	58.18502339881593	70.008689
2292.845896615319	1200	16.55667567057453	0.0	594078	3044.540859921106	57.65646860355332	70.906301
2295.485179668688	1200	17.917392617205294	0.0	624282	2639.283053369238	60.397441453335624	73.534048
2298.461117073667	1200	18.94145521222617	0.0	687371	2975.9374049791268	54.776127730538505	70.998108
2301.9197451910777	1850	19.4828270948157	0.0	821631	3458.6281174104697	66.04957101492738	78.494849
2306.1998261192284	1850	19.20274616666522	0.0	923170	4280.08092815048	69.80945114237906	83.7301
2310.411962681062	1850	18.990609604831267	0.0	966699	4212.136561833952	71.10700694933738	86.226021
2313.5672858621124	1850	19.83528642378068	0.0	885714	3155.32318105059	68.51753380735349	85.258591
2317.3402732506866	1850	20.062299035206618	0.0	987708	3772.987388574058	59.5019982027586	79.995224
2321.8536563329603	1850	19.548915952932656	0.0	923755	4513.383082273961	72.3774923683489	86.363677
2330.2777223113535	1850	15.124849974539774	0.0	891604	8424.065978392882	61.72188290516372	81.773294
2332.9895149697218	1200	16.413057316171027	0.0	616206	2711.7926583687477	41.330894331343224	68.532883
2341.3095678001696	1850	12.093004485723208	0.0	968026	8320.05283044782	60.634452170993036	73.123347
2344.6528324110755	1200	12.749739874817704	0.0	536667	3343.264610905505	50.294728658664155	68.420849
2347.6961048499656	1200	13.706467435927491	0.0	587236	3043.272438890211	67.05104630050491	78.698824
2350.6978476659838	1200	14.704724619909403	0.0	590335	3001.7428160180893	65.07087268298653	79.644231
2355.777137346953	1200	13.625434938940112	0.0	696376	5079.28968096929	66.05008180256124	80.745588
2360.998918738206	1200	12.403653547686869	0.0	487160	5221.781391253244	65.89120220426116	80.893459
2361.9447718821298	750	15.457800403763349	0.0	400396	945.8531439235202	44.303187811671584	69.601487
2363.994871014316	1850	17.40770127157754	0.0	975811	2050.099132185809	78.8761852028419	89.334885
2368.1677587961017	4300	17.23481348979114	0.0	2113193	4172.887781786401	85.17694512624905	99.974279
2372.325778488776	4300	17.076793797116988	0.0	2147852	4158.01969267415	82.00670448281446	99.974277
2378.0520718770163	4300	15.350500408876844	0.0	2191074	5726.293388240145	82.00670278901228	99.974275
2382.55271352025	4300	14.849858765642974	0.0	2286761	4500.64164323387	82.00670720075533	99.974277
2387.0114936296245	4300	14.391078656268444	0.0	2307787	4458.78010937453	82.00670889455753	99.974279
2394.5841233597944	4300	10.81844892609859	0.0	2143948	7572.629730169853	82.0067082986144	99.974279
2399.469007748866	2850	9.933564537026916	0.0	1139291	4884.884389071674	70.27536717347914	93.825455
2403.944059018546	1850	9.458513267347344	0.0	938587	4475.051269679572	63.00191372365881	86.593761
2407.637924416127	1850	9.764647869766021	0.0	908665	3693.865397581323	62.70254805849999	82.415248
2412.140254769958	1850	9.262317515934996	0.0	930577	4502.330353831024	68.44262199794545	83.556577
2415.5412538899914	1200	9.861318395901854	0.0	566904	3400.9991200331424	72.01535138746164	86.974261
2420.70506187798	1850	8.697510407913297	0.0	1025005	5163.807987988556	67.7584082266182	85.276808
2424.5081258520277	1850	8.894446433865598	0.0	886255	3803.0639740477004	57.32324393169883	78.86339
2429.226209232518	1850	8.176363053375193	0.0	973972	4718.083380490405	70.98000474499611	84.84845
2435.0851661470047	1850	6.317406138888328	0.0	958994	5858.956914486866	71.79614403033668	87.119023
2438.05253106988	1200	7.350041216013298	0.0	638661	2967.3649228750296	52.40346263362677	77.309224
2442.4886223059148	1850	6.913949979978549	0.0	830730	4436.091236034749	70.51825899442247	84.040637
2448.1476807417853	1850	5.254891544108277	0.0	846370	5659.058435870272	77.64872889128998	92.020773

