20909.61291298105	750	4.0	3.383176362969059	450283	3383.176362969059	0.5	-13.797658360766953	64.858346
20911.738244918255	300	5.874668062799087	0.0	155580	2125.331937200913	0.5	-0.15000000000000002	18.412623
20914.078487966497	300	7.534425014556251	0.0	139857	2340.2430482428354	0.5	0.3	17.596212
20915.906533715188	300	9.706379265862852	0.0	155432	1828.0457486933983	0.5	0.3	19.997309
20917.10673138098	300	12.506181600070137	0.0	163442	1200.1976657927155	0.5	0.3	16.877619
20918.105727964496	300	15.507185016555857	0.0	126289	998.9965835142789	0.5	0.3	18.579568
20919.26193184412	300	18.350981136927512	0.0	153295	1156.203879628345	0.5	0.3	42.291519
20920.4747071012	300	21.138205879850872	0.0	173849	1212.7752570766388	0.5	0.3	35.451274
20925.05115915535	1200	20.56175382570067	0.0	584846	4576.452054150202	0.5	0.29999999999999993	82.430225
20929.742465180047	1200	19.870447801005422	0.0	560821	4691.306024695247	0.5	1.2	76.960357
20937.501733501227	1200	16.111179479825346	0.0	607410	7759.268321180077	0.5	1.2	82.096766
20942.770480189974	1200	14.842432791074955	0.0	594078	5268.746688750391	0.5	1.2	70.906301
20945.483801522212	750	16.129111458837194	0.0	386351	2713.321332237763	0.5	0.3	59.358241
20948.329122357747	750	17.28379062330338	0.0	434409	2845.3208355338143	0.5	0.75	56.692976
20950.761143815107	750	18.851769165945964	0.0	337059	2432.0214573574162	0.5	0.75	54.76216
20953.635733905754	750	19.977179075299347	0.0	366214	2874.590090646614	0.5	0.75	58.858709
20958.477688764906	1200	19.135224216146963	0.0	617242	4841.954859152386	0.5	0.75	75.662786
20961.944836759758	1200	19.66807622129579	0.0	581493	3467.14799485117	0.5	1.2	79.137254
20966.33573050353	1200	19.277182477518796	0.0	639204	4390.8937437769955	0.5	1.2	72.000653
20970.351824379173	1200	19.261088601880815	0.0	586839	4016.0938756379824	0.5	1.2	79.134663
20974.451276760723	1200	19.161636220330486	0.0	601738	4099.452381550331	0.5	1.2	74.235946
20978.7645704812	1200	18.848342499852524	0.0	616206	4313.29372047796	0.5	1.2	68.532883
20985.75654581427	1850	15.856367166781892	0.0	968026	6991.975333070634	0.5	1.2000000000000002	73.123347
20995.281375401493	1850	10.331537579560424	0.0	874175	9524.82958722147	0.5	1.85	80.700778
21002.47008369309	1200	7.142829287961856	0.0	587236	7188.7082915985675	0.5	0.5499999999999999	78.698824
21005.230281331376	750	8.382631649675703	0.0	379700	2760.197638286154	0.5	0.3	66.676537
21008.317758903497	750	9.295154077556218	0.0	425781	3087.477572119485	0.5	0.75	65.665965
21010.5871311658	750	11.02578181525149	0.0	277716	2269.3722623047274	0.5	0.75	68.231907
21013.959406230962	750	11.653506750091887	0.0	400396	3372.275065159603	0.5	0.75	69.601487
21017.3387341204	750	12.274178860655905	0.0	400508	3379.327889435983	0.5	0.75	67.821489
21022.502366306057	750	11.110546674999947	0.0	358218	5163.632185655956	0.5	0.75	64.789531
21027.075336010625	750	10.537576970432161	0.0	400322	4572.969704567786	0.5	0.75	60.651768
21029.76166358926	750	11.851249391799865	0.0	369834	2686.327578632295	0.5	0.75	68.369339
21032.557629657895	750	13.055283323164277	0.0	412837	2795.966068635589	0.5	0.75	49.996929
21035.10855464632	750	14.50435833474125	0.0	401088	2550.924988423027	0.5	0.75	69.915275
21037.91017049284	750	15.702742488218318	0.0	365161	2801.615846522932	0.5	0.75	60.276519
21042.078434270967	1200	15.534478710092033	0.0	487812	4168.263778126285	0.5	0.75	77.846693
21045.7994265152	1200	15.81348646585937	0.0	575591	3720.992244232662	0.5	1.2	77.292461
21049.684382260664	1200	15.928530720394765	0.0	605884	3884.9557454646056	0.5	1.2	74.001829
21053.711040839677	1200	15.901872141383839	0.0	587506	4026.6585790109266	0.5	1.2	72.886388
21057.46528754375	1200	16.147625437310175	0.0	566904	3754.2467040736633	0.5	1.2	86.974261
21061.960495328316	1200	15.65241765274536	0.0	641452	4495.207784564816	0.5	1.2	75.706383
21066.280554504752	1200	15.332358476308782	0.0	599477	4320.059176436577	0.5	1.2	71.343181
21070.913088473946	1200	14.699824507113426	0.0	634861	4632.533969195356	0.5	1.2	75.003938
21078.65218590626	1200	10.960727074798324	0.0	630203	7739.097432315101	0.5	1.2	77.745919
21084.708359621207	1200	8.904553359849778	0.0	638661	6056.173714948544	0.5	1.2	77.309224
21088.638960516364	750	8.97395246469556	0.0	331053	3930.600895154217	0.5	0.3	60.678126
21090.963019602852	750	10.649893378206631	0.0	314107	2324.059086488931	0.5	0.75	75.210559

