23671.177306826765	750	4.0	6.602941104200595	450283	6602.941104200595	-27.642646748062557	64.858346
23672.798554995345	300	6.378751831422763	0.0	155580	1621.2481685772375	-0.15000000000000002	18.412623
23674.43354578928	300	8.743761037482852	0.0	139857	1634.990793939913	0.3	17.596212
23676.39548503285	300	10.78182179391646	0.0	155432	1961.9392435663906	0.3	19.997309
23678.433436187417	300	12.743870639348641	0.0	163442	2037.9511545678201	0.3	16.877619
23680.156789838788	300	15.020516987977592	0.0	126289	1723.353651371049	0.3	18.579568
23685.10133555469	750	14.075971272077375	0.0	352642	4944.545715900215	0.3	81.00828
23689.94036795592	750	13.236938870847167	0.0	437162	4839.032401230209	0.75	69.475262
23692.76207908693	750	14.41522773983666	0.0	374758	2821.711131010508	0.75	70.789292
23695.221989335056	750	15.955317491708957	0.0	362795	2459.9102481277014	0.75	64.786022
23698.229816400577	750	16.94749042618784	0.0	353220	3007.8270655211154	0.75	70.008689
23701.63709822788	750	17.540208598887133	0.0	405134	3407.2818273007074	0.75	59.00323
23704.808889245473	750	18.368417581290316	0.0	386351	3171.7910175968173	0.75	59.358241
23710.692247218187	1200	16.485059608575583	0.0	687371	5883.357972714732	0.75	70.998108
23715.495240514785	1200	15.682066311979804	0.0	526950	4802.993296595778	1.2	67.735752
23720.839948518736	1200	14.337358308026085	0.0	587876	5344.7080039537195	1.2	72.569044
23725.55762410886	1200	13.619682717907367	0.0	617242	4717.67559011872	1.2	75.662786
23730.78236583836	1200	12.394940988404526	0.0	581493	5224.741729502839	1.2	79.137254
23735.791734079125	1200	11.385572747636864	0.0	639204	5009.368240767662	1.2	72.000653
23740.146196954756	1200	11.031109872007512	0.0	586839	4354.462875629353	1.2	79.134663
23745.439271472926	1200	9.73803535383865	0.0	601738	5293.07451816886	1.2	74.235946
23754.231140632743	1200	4.946166194025931	0.0	616206	8791.86915981272	1.2	68.532883
23755.77327450984	300	7.40403231692809	0.0	163927	1542.133877097841	-0.6000000000000001	16.837774
23757.64828751434	300	9.529019312427158	0.0	137654	1875.0130045009319	0.3	6.466535
23759.357679016026	300	11.819627810739028	0.0	146754	1709.3915016881283	0.3	25.355956
23761.102898535362	300	14.074408291403552	0.0	153938	1745.2195193354764	0.3	22.855883
23764.022741421173	300	15.154565405594017	0.0	181901	2919.8428858095335	0.3	27.469573
23766.463778952617	300	16.713527874150145	0.0	111155	2441.0375314438697	0.3	12.138089
23768.741204636386	300	18.436102190378378	0.0	153605	2277.4256837717685	0.3	28.256686
23770.685661601354	300	20.49164522541124	0.0	149029	1944.4569649671373	0.3	23.365013
23772.276056038987	300	22.901250787777382	0.0	157421	1590.3944376338584	0.3	25.589487
23773.484684902516	300	25.69262192424733	0.0	157488	1208.6288635300532	0.3	17.795984
23774.41065012705	300	28.766656699714154	0.0	143881	925.9652245331778	0.3	25.091594
23777.91743174252	750	29.259875084243053	0.0	412837	3506.7816154711013	0.3	49.996929
23784.609884907884	1200	26.567421918879543	0.0	690253	6692.45316536351	0.75	87.732581
23797.279102635977	1200	17.89820419078569	0.0	598727	12669.21772809385	1.2	77.763467
23806.009824587873	1200	13.167482238887684	0.0	487812	8730.721951898007	1.2	77.846693
23807.626184490782	300	15.551122335979937	0.0	124011	1616.3599029077466	-0.6000000000000001	21.943337
23809.011070068256	300	18.166236758504333	0.0	144254	1384.8855774756037	0.3	12.774971
23810.34149103518	300	20.835815791579552	0.0	149991	1330.420966924779	0.3	17.21265
23811.63721384332	300	23.540092983436306	0.0	147968	1295.722808143248	0.3	5.263918
23814.817499273522	750	24.359807553237626	0.0	384505	3180.285430198678	0.3	64.443828
23817.768212706003	750	25.40909412075778	0.0	372093	2950.7134324798512	0.75	58.879512
23820.78603108774	750	26.391275739021346	0.0	438281	3017.818381736432	0.75	62.327504
23825.860574766753	1200	25.316732060008807	0.0	630203	5074.543679012539	0.75	77.745919
23832.27346722683	1850	22.903839599933246	0.0	982064	6412.89246007556	1.2000000000000002	86.680563
23842.94947088487	2850	16.227835941895783	0.0	1231456	10676.003658037462	1.85	92.485503
23857.275692659692	2850	5.901614167070553	0.0	1364537	14326.221774825231	2.85	97.895096

