17313.112608955664	750	4.0	5.057839080863765	450283	5057.839080863765	-20.99870804771419	64.858346
17314.543346470717	300	6.569262484946178	0.0	155580	1430.7375150538228	-0.15000000000000002	18.412623
17315.941934706556	300	9.170674249107659	0.0	139857	1398.5882358385181	0.3	17.596212
17317.38691271922	300	11.72569623644636	0.0	155432	1444.9780126612982	0.3	19.997309
17321.1993424069	750	11.913266548767632	0.0	411561	3812.429687678727	0.3	51.003805
17324.155045062533	750	12.95756389313118	0.0	318564	2955.702655636452	0.75	62.986308
17327.163664707714	750	13.948944247952115	0.0	352642	3008.619645179065	0.75	81.00828
17331.11937715598	750	13.993231799684596	0.0	437162	3955.71244826752	0.75	69.475262
17336.032552372566	1200	13.080056583098314	0.0	584846	4913.175216586283	0.75	82.430225
17342.8130958189	1200	10.299513136765936	0.0	560821	6780.543446332378	1.2	76.960357
17346.339679506495	750	10.772929449168679	0.0	353220	3526.5836875972586	0.3	70.008689
17349.765543454698	750	11.347065500964446	0.0	405134	3425.8639482042327	0.75	59.00323
17353.52584388677	750	11.586765068893271	0.0	386351	3760.3004320711734	0.75	59.358241
17357.54236386772	750	11.570245087943139	0.0	434409	4016.519980950133	0.75	56.692976
17361.23962139692	750	11.872987558743489	0.0	337059	3697.257529199649	0.75	54.76216
17366.17876970905	750	10.933839246610093	0.0	366214	4939.148312133396	0.75	58.858709
17371.203833459054	750	9.908775496606284	0.0	360831	5025.063750003808	0.75	60.531124
17376.21749326039	750	8.895115695271649	0.0	372963	5013.659801334635	0.75	69.564049
17380.707790273922	750	8.40481868173439	0.0	405596	4490.297013537258	0.75	60.564875
17383.43320291103	750	9.679406044627934	0.0	350713	2725.4126371064576	0.75	67.172129
17386.653268047972	750	10.459340907683618	0.0	386472	3220.0651369443144	0.75	62.777649
17391.219712638984	750	9.892896316671889	0.0	399894	4566.444591011728	0.75	55.443233
17394.865758580294	750	10.246850375364232	0.0	401853	3646.045941307658	0.75	47.960406
17397.88240501838	750	11.230203937279898	0.0	343800	3016.6464380843354	0.75	55.451197
17402.399100337156	750	10.713508618501425	0.0	359903	4516.695318778471	0.75	66.786337
17405.225242756253	750	11.88736619940352	0.0	379700	2826.1424190979074	0.75	66.676537
17408.89551310942	750	12.217095846235376	0.0	425781	3670.270353168144	0.75	65.665965
17410.88656171414	750	14.22604724151616	0.0	277716	1991.048604719216	0.75	68.231907
17413.67665047095	750	15.43595848470638	0.0	400396	2790.08875680978	0.75	69.601487
17417.7864639653	750	15.326144990354372	0.0	400508	4109.813494352006	0.75	67.821489
17424.157033861087	750	12.95557509456747	0.0	358218	6370.569895786903	0.75	64.789531
17430.68419793031	750	10.428411025344237	0.0	400322	6527.164069223232	0.75	60.651768
17432.35014300394	300	12.762465951714715	0.0	143881	1665.9450736295214	-0.15000000000000002	25.091594
17433.96997442591	300	15.142634529748513	0.0	163444	1619.8314219662016	0.3	17.178658
17436.23992924961	300	16.87267970605106	0.0	179328	2269.9548236974533	0.3	28.893466
17438.33157329841	300	18.781035657249507	0.0	159914	2091.6440488015505	0.3	21.738399
17440.254797997255	300	20.857810958404635	0.0	131610	1923.2246988448699	0.3	28.4111
17444.80584848571	750	20.30676046994763	0.0	361565	4551.050488457008	0.3	66.788635
17450.36951585359	750	18.743093102073395	0.0	378327	5563.667367874233	0.75	62.32333
17454.523591319114	750	18.589017636548466	0.0	390680	4154.0754655249275	0.75	61.525566
17457.88274182055	750	19.229867135110926	0.0	345516	3359.1505014375402	0.75	79.583372
17464.05286796121	750	17.059740994453605	0.0	384505	6170.126140657322	0.75	64.443828
17469.806048332157	750	15.306560623506096	0.0	372093	5753.18037094751	0.75	58.879512
17476.846620031112	750	12.265988924553593	0.0	438281	7040.5716989525035	0.75	62.327504
17482.819919160243	750	10.29268979542261	0.0	398987	5973.29912913098	0.75	63.729239
17489.63269467798	750	7.479914277682291	0.0	393804	6812.7755177403205	0.75	62.845425
17494.252594359434	750	6.860014596228925	0.0	331053	4619.899681453366	0.75	60.678126
17498.30266084605	750	6.809948109612295	0.0	314107	4050.066486616631	0.75	75.210559

