25938.76944303731	750	4.0	6.3928079957343495	450283	6392.80799573	-26.7390743816577	64.858346
25950.979020789448	2850	4.0	8.209577752138859	1431809	12209.5777521	-34.551184334197096	90.683379
25961.55033075522	2850	4.0	6.571309965773286	1300868	10571.3099658	-25.406632852825126	90.483169
25973.55389479248	2850	4.0	8.00356403725775	1520281	12003.5640373	-31.56532536020832	89.788956
25984.70827401073	2850	4.0	7.154379218252199	1472558	11154.3792183	-27.913830638484452	85.928154
25994.572160991844	2850	4.0	5.86388698111594	1224260	9863.88698112	-22.36471401879854	94.229141
26004.555659474165	2850	4.0	5.983498482320836	1388403	9983.49848232	-22.879043473979593	97.582873
26015.274535868215	2850	4.0	6.718876394053481	1638769	10718.8763941	-26.041168494429968	97.908255
26022.562045950337	2850	4.0	3.287510082121057	1348011	7287.51008212	-11.286293353120545	96.808308
26035.98684408276	2850	4.0	9.424798132419589	1429765	13424.7981324	-37.67663196940423	94.962414
26045.32657110625	2850	4.0	5.339727023491605	1354548	9339.72702349	-20.1108262010139	95.957675
26058.445199066402	2850	4.0	9.11862796015303	1519951	13118.6279602	-36.36010022865802	92.483401
26081.98784468855	2850	4.0	19.542645622149283	1422919	23542.6456221	-81.18337617524192	93.510922
26093.502426535444	2850	4.0	7.5145818468916366	1578343	11514.5818469	-29.462701941634037	91.568178
26099.623973449754	2850	4.0	2.1215469143113497	1231445	6121.54691431	-6.272651731538804	88.830113
26107.99468468089	2850	4.0	4.370711231135667	1471065	8370.71123114	-15.944058293883367	93.514387
26118.776695210036	2850	4.0	6.782010529146592	1491626	10782.0105291	-26.312645275330343	94.650033
26133.8267289438	2850	4.0	11.050033733767735	1358801	15050.0337338	-44.66514505520126	92.142023
26165.50876496017	2850	4.0	27.68203601636747	1537156	31682.0360164	-116.18275487038012	89.30989
26185.702477608644	2850	4.0	16.19371264847547	1336050	20193.7126485	-66.78296438844451	93.680429
26202.188385513695	2850	4.0	12.485907905048025	1415116	16485.907905	-50.839403991706504	90.785318
26212.413810676622	2850	4.0	6.225425162929498	1468126	10225.4251629	-23.919328200596837	89.398189
26228.394270219876	2850	4.0	11.980459543255474	1505760	15980.4595433	-48.66597603599853	85.954529
26242.14614241807	2850	4.0	9.751872198193764	1323990	13751.8721982	-39.08305045223318	89.320458
26256.366138322075	2850	4.0	10.219995904002946	1383735	14219.995904	-41.095982387212665	93.348429
26268.797741428432	2850	4.0	8.431603106356885	1480464	12431.6031064	-33.405893357334605	97.271626
26281.07674900494	2850	4.0	8.279007576510482	1547572	12279.0075765	-32.74973257899507	97.509012
26290.281597368805	2850	4.0	5.204848363865127	1141971	9204.84836387	-19.53084796462004	93.311238
26302.70572937524	2850	4.0	8.424132006432513	1498470	12424.1320064	-33.3737676276598	96.041687
26313.589854706654	2850	4.0	6.884125331412688	1561263	10884.1253314	-26.751738925074555	96.863845
26323.601175379	2850	4.0	6.011320672347936	1341201	10011.3206723	-22.998678891096123	94.816085
26332.860554375107	2850	4.0	5.259378996107204	1497683	9259.37899611	-19.765329683260973	92.910185
26340.195908794863	2850	4.0	3.335354419757051	1358081	7335.35441976	-11.492024004955319	95.193139
26355.9425616066	2850	4.0	11.746652811735313	1587293	15746.6528117	-47.660607090461845	81.858634
26365.862973404546	2850	4.0	5.920411797943569	1492672	9920.41179794	-22.60777073115734	99.177905
26388.13997057152	2850	4.0	18.276997166971096	1439896	22276.997167	-75.74108781797571	97.217465
26399.792573423976	2850	4.0	7.652602852459573	1139291	11652.6028525	-30.056192265576165	93.825455
26410.328949647403	2850	4.0	6.536376223426507	1499009	10536.3762234	-25.256417760733978	93.982147
26417.171170952	2850	4.0	2.842221304596447	1427478	6842.2213046	-9.371551609764722	90.92969
26426.03664865187	2850	4.0	4.8654776998697455	1402287	8865.47769987	-18.071554109439905	91.34334
26435.60816256804	2850	4.0	5.571513916171885	1339500	9571.51391617	-21.107509839539105	97.297482
26455.62655973536	2850	4.0	16.018397167315964	1527299	20018.3971673	-66.02910781945864	92.902955
26484.71376556956	2850	4.0	25.08720583420166	1343002	29087.2058342	-105.02498508706715	87.659279
26507.070957196378	2850	4.0	18.35719162681861	1587250	22357.1916268	-76.08592399532003	95.172719
26520.961842969486	2850	4.0	9.890885773107815	1464921	13890.8857731	-39.6808088243636	96.481395
26533.562110312905	2850	4.0	8.600267343421425	1483527	12600.2673434	-34.131149576712126	95.602302
26547.205601626738	2850	4.0	9.643491313832628	1231456	13643.4913138	-38.6170126494803	92.485503
26559.379896989896	2850	4.0	8.174295363156588	1364537	12174.2953632	-32.299470061573324	97.895096

