12280.425765801829	750	4.0	7.862962959107444	450283	7862.962959107444	-33.06074072416201	64.858346
12281.991094920684	300	6.434670881144126	0.0	155580	1565.3291188558746	-0.15000000000000002	18.412623
12287.324189888843	1200	5.1015759129850435	0.0	571051	5333.094968159082	0.29999999999999993	73.587374
12294.093742430678	750	4.0	1.66797662885093	382355	6769.552541835974	-6.872299504058998	55.551349
12296.12056973561	300	5.973172695067581	0.0	163442	2026.827304932419	-0.15000000000000002	16.877619
12298.61692361837	750	7.476818812308038	0.0	318564	2496.3538827595435	0.3	62.986308
12301.714994679978	750	8.378747750700661	0.0	352642	3098.071061607377	0.75	81.00828
12306.721317631618	750	7.372424799060442	0.0	437162	5006.322951640218	0.75	69.475262
12311.262259177694	750	6.831483252984857	0.0	374758	4540.941546075586	0.75	70.789292
12312.365229875293	300	9.728512555385963	0.0	139105	1102.9706975988934	-0.15000000000000002	21.660501
12314.082879661288	750	12.010862769390346	0.0	353220	1717.6497859956155	0.3	70.008689
12316.762909533067	750	13.3308328976112	0.0	405134	2680.029871779147	0.75	59.00323
12319.551000337027	750	14.542742093650828	0.0	386351	2788.090803960373	0.75	59.358241
12322.988449653501	750	15.105292777177898	0.0	434409	3437.44931647293	0.75	56.692976
12325.496485135798	750	16.59725729488061	0.0	337059	2508.0354822972886	0.75	54.76216
12327.369112060538	750	18.724630370140833	0.0	366214	1872.626924739774	0.75	58.858709
12328.971851238111	750	21.121891192567784	0.0	360831	1602.7391775730518	0.75	60.531124
12331.383290949621	1200	22.71045148105622	0.0	581493	2411.4397115115594	0.75	79.137254
12334.280461064729	1200	23.813281365947883	0.0	639204	2897.170115108337	1.2	72.000653
12336.758489143527	1200	25.335253287148806	0.0	586839	2478.0280787990787	1.2	79.134663
12339.120792495249	1200	26.97294993542876	0.0	601738	2362.30335172005	1.2	74.235946
12342.040909545116	1200	28.052832885560715	0.0	616206	2920.1170498680435	1.2	68.532883
12345.62007140677	1200	28.473671023906697	0.0	656471	3579.1618616540195	1.2	63.455907
12348.918250785284	1200	29.175491645393713	0.0	536667	3298.1793785129844	1.2	68.420849
12350.959124040883	750	31.134618389793985	0.0	359903	2040.8732555997271	0.3	66.786337
12354.295432398332	1200	31.798310032345555	0.0	590335	3336.3083574484294	0.75	79.644231
12368.39181418837	1850	21.70192824230814	0.0	1076599	14096.381790037416	1.2000000000000002	90.791041
12370.155390538594	300	23.9383518920842	0.0	111155	1763.5763502239392	-1.25	12.138089
12375.083926154271	750	23.009816276406738	0.0	400396	4928.535615677462	0.3	69.601487
12378.908032057372	750	23.18571037330392	0.0	400508	3824.1059031028194	0.75	67.821489
12381.044156989854	750	25.049585440823236	0.0	358218	2136.12493248068	0.75	64.789531
12382.892773342899	750	27.200969087777498	0.0	400322	1848.6163530457397	0.75	60.651768
12385.119528683621	1200	28.97421374705688	0.0	584349	2226.755340720621	0.75	79.771897
12389.15613397107	1200	28.937608459609443	0.0	670129	4036.6052874474344	1.2	62.28877
12396.294410500537	1850	25.799331930139967	0.0	1026056	7138.276529469476	1.2000000000000002	97.037422
12403.185664646435	1850	22.908077784241673	0.0	943942	6891.254145898296	1.85	90.168439
12408.613748582751	1850	21.479993847926124	0.0	728962	5428.0839363155455	1.85	86.066994
12415.81721703173	1850	18.276525398945633	0.0	938587	7203.468448980491	1.85	86.593761
12422.655378290738	1850	15.438364139939592	0.0	908665	6838.1612590060395	1.85	82.415248
12431.932485876889	1850	10.161256553788697	0.0	930577	9277.107586150896	1.85	83.556577
12435.412651914496	1200	10.681090516180957	0.0	566904	3480.1660376077407	0.5499999999999999	86.974261
12438.457231455612	1200	11.636510975066216	0.0	641452	3044.57954111474	1.2	75.706383
12441.31849523733	1200	12.775247193346933	0.0	599477	2861.2637817192826	1.2	71.343181
12444.57281875616	1200	13.520923674516684	0.0	634861	3254.32351883025	1.2	75.003938
12461.636997807838	1850	4.0	3.543255377162144	958994	17064.179051678828	-14.035998121797219	87.119023
12462.762200092458	300	6.874797715379065	0.0	160064	1125.2022846209347	-1.25	27.591437
12465.517699491673	1200	8.11929831616579	0.0	538612	2755.499399213277	0.29999999999999993	74.51099
12467.471128210864	1200	10.165869596974	0.0	550906	1953.4287191917888	1.2	86.366143

