13031.599845852526	750	4.0	3.974865311257283	450283	3974.865311257283	-16.341920838406317	64.858346
13032.77696487595	300	6.822880976576757	0.0	155580	1177.1190234232433	-0.15000000000000002	18.412623
13033.6591546989	300	9.94069115362493	0.0	139857	882.1898229518268	0.3	17.596212
13034.665634269913	300	12.934211582611233	0.0	155432	1006.4795710136967	0.3	19.997309
13035.69471685714	300	15.905128995383992	0.0	163442	1029.0825872272417	0.3	16.877619
13036.37804164483	300	19.221804207693932	0.0	126289	683.3247876900617	0.3	18.579568
13038.914600993241	1200	20.685244859284495	0.0	561791	2536.559348409434	0.29999999999999993	89.177904
13043.482745535288	1850	20.117100317236076	0.0	1060487	4568.144542048421	1.2000000000000002	90.155937
13048.691490692028	1850	18.908355160496217	0.0	852833	5208.745156739861	1.85	90.218296
13053.018960152836	1850	18.580885699687546	0.0	913888	4327.469460808671	1.85	86.733288
13057.634244114563	1850	17.965601737961705	0.0	939819	4615.283961725841	1.85	89.239922
13062.418493724039	1850	17.181352128485262	0.0	917428	4784.249609476442	1.85	82.202545
13067.311739714192	1850	16.288106138332505	0.0	946851	4893.245990152755	1.85	83.629776
13072.472734142255	1850	15.127111710270093	0.0	1036454	5160.994428062416	1.85	80.875505
13075.952115153295	1850	15.647730699229873	0.0	821631	3479.381011040219	1.85	78.494849
13080.247607832443	1850	15.352238020082138	0.0	923170	4295.492679147734	1.85	83.7301
13085.576755937058	1850	14.023089915467303	0.0	966699	5329.148104614836	1.85	86.226021
13089.87736906042	1850	13.72247679210574	0.0	885714	4300.613123361564	1.85	85.258591
13094.04445308128	1850	13.555392771244554	0.0	987708	4167.084020861184	1.85	79.995224
13097.265767849882	1850	14.334078002643418	0.0	923755	3221.314768601137	1.85	86.363677
13100.392654578936	1850	15.207191273587107	0.0	891604	3126.8867290563126	1.85	81.773294
13103.931079481788	1850	15.668766370737151	0.0	955231	3538.4249028499567	1.85	79.031768
13107.954600776853	1850	15.645245075672905	0.0	968026	4023.5212950642463	1.85	73.123347
13111.754383375926	1850	15.845462476599167	0.0	874175	3799.782599073738	1.85	80.700778
13116.443519838982	1850	15.156326013544131	0.0	897976	4689.136463055037	1.85	86.994267
13120.5514112284	1850	15.048434624125836	0.0	905935	4107.891389418296	1.85	89.133614
13125.574126869828	1850	14.025718982698859	0.0	1076599	5022.715641426977	1.85	90.791041
13128.386801702265	1850	15.213044150262384	0.0	758197	2812.674832436475	1.85	87.50057
13138.534430222768	1850	9.065415629758661	0.0	972798	10147.628520503722	1.85	88.832031
13141.065461057107	750	10.534384795418564	0.0	400508	2531.030834340098	-0.3500000000000001	67.821489
13143.046641382205	750	12.55320447032188	0.0	358218	1981.1803250966834	0.75	64.789531
13145.7671694408	750	13.832676411726053	0.0	400322	2720.5280585958258	0.75	60.651768
13147.79128656066	750	15.808559291866308	0.0	369834	2024.1171198597451	0.75	68.369339
13150.130789733266	750	17.46905611926054	0.0	412837	2339.503172605768	0.75	49.996929
13156.516820825118	1850	15.083025027408969	0.0	1026056	6386.03109185157	0.75	97.037422
13164.633048266194	1850	10.966797586333007	0.0	943942	8116.227441075962	1.85	90.168439
13173.421642223142	1850	6.178203629385174	0.0	728962	8788.593956947832	1.85	86.066994
13176.280822447261	750	7.319023405267066	0.0	361565	2859.180224118109	-0.3500000000000001	66.788635
13179.085800860346	750	8.51404499218128	0.0	378327	2804.978413085785	0.75	62.32333
13183.074229959779	750	8.525615892750036	0.0	390680	3988.429099431244	0.75	61.525566
13188.094097590725	750	7.505748261802868	0.0	345516	5019.867630947168	0.75	79.583372
13192.356346439838	750	7.243499412690747	0.0	384505	4262.24884911212	0.75	64.443828
13195.626570150129	750	7.973275702399072	0.0	372093	3270.2237102916756	0.75	58.879512
13198.717569310249	750	8.882276542278062	0.0	438281	3090.999160121012	0.75	62.327504
13201.229150046764	750	10.370695805763546	0.0	398987	2511.580736514516	0.75	63.729239
13203.907953395827	750	11.691892456700364	0.0	393804	2678.803349063182	0.75	62.845425
13207.534005768164	1200	12.065840084361685	0.0	538612	3626.052372338678	0.75	74.51099
13212.840783710913	1200	10.759062141612407	0.0	550906	5306.777942749279	1.2	86.366143

