17692.980334494776	750	4.0	7.571061952176263	450283	7571.061952176264	-31.805566394357932	64.858346
17694.960128917937	300	6.020205576839139	0.0	155580	1979.794423160861	-0.15000000000000002	18.412623
17696.05314089925	300	8.927193595526365	0.0	139857	1093.0119813127735	0.3	17.596212
17696.984331885298	300	11.996002609478529	0.0	155432	931.1909860478366	0.3	19.997309
17698.48882470732	300	14.491509787451928	0.0	163442	1504.4928220266	0.3	16.877619
17699.74289680663	300	17.23743768814388	0.0	126289	1254.0720993080495	0.3	18.579568
17702.35119899493	750	18.629135499845578	0.0	352642	2608.302188298299	0.3	81.00828
17705.637448772075	750	19.34288572269853	0.0	437162	3286.2497771470476	0.75	69.475262
17708.141700799864	750	20.838633694911262	0.0	374758	2504.252027787267	0.75	70.789292
17714.070028492773	1200	18.910306002001295	0.0	560821	5928.327692909966	0.75	76.960357
17723.817129675233	1200	13.163204819544635	0.0	607410	9747.101182456661	1.2	82.096766
17736.390477202858	1200	4.589857291916953	0.0	594078	12573.347527627682	1.2	70.906301
17737.67367555201	300	7.30665894276612	0.0	160746	1283.1983491508322	-0.6000000000000001	21.445722
17739.15085274924	300	9.829481745535537	0.0	179801	1477.1771972305826	0.3	23.726678
17740.410356742785	300	12.56997775198947	0.0	140051	1259.5039935460684	0.3	21.119447
17741.650655340312	300	15.329679154459999	0.0	138313	1240.298597529471	0.3	19.984984
17742.73683307482	300	18.243501419949606	0.0	143509	1086.1777345103922	0.3	18.452936
17745.63002549102	750	19.350309003752553	0.0	372963	2893.1924161970546	0.3	69.564049
17750.479995619295	1200	18.50033887548165	0.0	639204	4849.970128270905	0.75	72.000653
17756.302450813786	1200	16.677883680990245	0.0	586839	5822.455194491402	1.2	79.134663
17765.28341219734	1200	11.696922297433797	0.0	601738	8980.961383556449	1.2	74.235946
17771.400166396474	750	9.580168098303325	0.0	399894	6116.7541991304715	0.3	55.443233
17775.686927718507	750	9.293406776270778	0.0	401853	4286.761322032547	0.75	47.960406
17778.750225599713	750	10.23010889506331	0.0	343800	3063.297881207469	0.75	55.451197
17781.623227766504	750	11.357106728275953	0.0	359903	2873.002166787356	0.75	66.786337
17784.225708832735	750	12.754625662046704	0.0	379700	2602.481066229249	0.75	66.676537
17787.04757101574	750	13.932763479039066	0.0	425781	2821.8621830076386	0.75	65.665965
17789.546477474305	750	15.433857020475362	0.0	277716	2498.9064585637047	0.75	68.231907
17793.97494159153	750	15.005392903254833	0.0	400396	4428.464117220528	0.75	69.601487
17797.16325341506	750	15.81708107972265	0.0	400508	3188.3118235321836	0.75	67.821489
17803.221392756386	750	13.758941738394318	0.0	358218	6058.139341328331	0.75	64.789531
17807.090514249445	750	13.8898202453361	0.0	400322	3869.121493058218	0.75	60.651768
17810.22326876013	750	14.757065734647076	0.0	369834	3132.7545106890248	0.75	68.369339
17813.241324846178	750	15.739009648600746	0.0	412837	3018.05608604633	0.75	49.996929
17816.298547284983	750	16.681787209795978	0.0	401088	3057.222438804767	0.75	69.915275
17818.729690128526	750	18.25064436625276	0.0	365161	2431.1428435432176	0.75	60.276519
17823.994528237494	1200	16.98580625728569	0.0	487812	5264.838108967068	0.75	77.846693
17832.28833246426	1200	12.69200203052254	0.0	575591	8293.804226763152	1.2	77.292461
17846.09995651773	1200	4.0	1.1196220229477567	605884	13811.624053470296	-3.6143746986753538	74.001829
17847.54039216743	300	6.559564350300413	0.0	149991	1440.4356496995872	-0.6000000000000001	17.21265
17848.654364540973	300	9.445591976759582	0.0	147968	1113.972373540831	0.3	5.263918
17850.054661574577	300	12.045294943156533	0.0	161857	1400.2970336030496	0.3	26.901789
17851.37010683776	300	14.729849679973206	0.0	145210	1315.4452631833274	0.3	23.926655
17852.786541730202	300	17.31341478753279	0.0	172312	1416.4348924404155	0.3	26.146503
17857.51668533856	1200	16.5832711791747	0.0	630203	4730.143608358088	0.29999999999999993	77.745919
17862.614381813306	1200	15.485574704428581	0.0	638661	5097.69647474612	1.2	77.309224
17872.39071227528	1850	9.709244242456656	0.0	830730	9776.330461971926	1.2000000000000002	84.040637
17881.651149998954	1200	4.448806518779595	0.0	550906	9260.437723677062	0.5499999999999999	86.366143

