9674.821900283054	750	4.0	2.342534869962582	450283	2342.534869962582	-9.322899940839102	64.858346
9677.900250570627	750	4.9216497124265635	0.0	398865	3078.3502875734366	0.75	57.017244
9679.515101190753	750	7.306799092300231	0.0	350812	1614.8506201263315	0.75	60.430767
9680.973850171575	750	9.848050111478656	0.0	382355	1458.7489808215746	0.75	55.551349
9682.446433513636	750	12.37546676941903	0.0	411561	1472.5833420596282	0.75	51.003805
9684.232876556593	1200	14.589023726461836	0.0	520315	1786.4430429571937	0.75	75.14582
9685.979389249826	1200	16.842511033228543	0.0	561791	1746.5126932332912	1.2	89.177904
9688.219046536131	1200	18.602853746922825	0.0	709534	2239.6572863057186	1.2	82.426144
9692.741665472297	2850	18.080234810755762	0.0	1348011	4522.618936167063	1.2000000000000002	96.808308
9699.68024279977	2850	15.14165748328253	0.0	1429765	6938.577327473233	2.85	94.962414
9704.803123519712	2850	14.018776763339236	0.0	1354548	5122.880719943294	2.85	95.957675
9709.634489586868	2850	13.187410696185044	0.0	1519951	4831.366067154193	2.85	92.483401
9714.062300859488	2850	12.759599423564566	0.0	1422919	4427.811272620477	2.85	93.510922
9719.02034043382	2850	11.801559849232813	0.0	1578343	4958.039574331753	2.85	91.568178
9724.180271746203	2850	10.641628536851357	0.0	1231445	5159.931312381458	2.85	88.830113
9730.691822239503	2850	8.13007804355111	0.0	1471065	6511.550493300247	2.85	93.514387
9736.365712063272	2850	6.456188219782715	0.0	1491626	5673.889823768395	2.85	94.650033
9739.375993270018	1850	7.4459070130376945	0.0	885714	3010.281206745019	0.8500000000000001	85.258591
9743.757355040558	1850	7.064545242496405	0.0	987708	4381.36177054129	1.85	79.995224
9749.589053869351	1850	5.232846413702233	0.0	923755	5831.698828794172	1.85	86.363677
9752.713001918684	1200	6.108898364368864	0.0	601738	3123.948049333369	0.5499999999999999	74.235946
9755.955746254454	1200	6.866154028598448	0.0	616206	3242.7443357704165	1.2	68.532883
9759.203576227314	1200	7.618324055741738	0.0	656471	3247.8299728567104	1.2	63.455907
9762.641425307875	1200	8.180474975180065	0.0	536667	3437.849080561672	1.2	68.420849
9766.391664137798	1200	8.430236145257552	0.0	587236	3750.2388299225113	1.2	78.698824
9769.843263253988	1200	8.978637029065618	0.0	590335	3451.599116191935	1.2	79.644231
9775.00266394613	1200	7.819236336924265	0.0	696376	5159.400692141353	1.2	80.745588
9778.00490292829	1200	8.81699735476229	0.0	487160	3002.2389821619754	1.2	80.893459
9782.69801071161	1200	8.123889571442446	0.0	622896	4693.107783319844	1.2	80.053124
9787.697901963797	1200	7.1239983192562235	0.0	641447	4999.891252186223	1.2	80.154442
9792.48893882751	1200	6.332961455544236	0.0	570392	4791.036863711987	1.2	78.009495
9797.663228929916	1200	5.158671353136728	0.0	620283	5174.290102407508	1.2	72.909556
9802.05989392759	750	4.762006355464092	0.0	369834	4396.664997672636	0.3	68.369339
9803.299602097179	300	7.522298185874562	0.0	163444	1239.7081695895297	-0.15000000000000002	17.178658
9805.692011791381	300	9.129888491669686	0.0	179328	2392.409694204876	0.3	28.893466
9809.752085162	300	9.069815121053102	0.0	159914	4060.073370616585	0.3	21.738399
9813.006677494177	300	9.815222788874236	0.0	131610	3254.5923321788655	0.3	28.4111
9815.356272240617	300	11.465628042435098	0.0	124011	2349.594746439139	0.3	21.943337
9817.244021685701	300	13.577878597350729	0.0	144254	1887.7494450843672	0.3	12.774971
9820.190458216592	300	14.631442066460545	0.0	149991	2946.436530890183	0.3	17.21265
9822.853761298335	300	15.96813898471714	0.0	147968	2663.3030817434064	0.3	5.263918
9826.160828604205	300	16.661071678846884	0.0	161857	3307.0673058702537	0.3	26.901789
9827.891159110666	300	18.930741172386817	0.0	145210	1730.3305064600677	0.3	23.926655
9829.169473456825	300	21.652426826228012	0.0	172312	1278.3143461588056	0.3	26.146503
9830.543105816303	300	24.27879446675029	0.0	167025	1373.632359477721	0.3	26.908827
9832.780720810006	750	26.041179473047144	0.0	393804	2237.614993703146	0.3	62.845425
9838.297830574102	1850	24.524069708951465	0.0	830730	5517.109764095678	0.75	84.040637
9847.02249827863	2850	19.799402004423072	0.0	1364537	8724.667704528396	1.85	97.895096

