55841.97834833576	750	4.0	5.460500454044817	450283	5460.50045404	-22.730151952392713	64.858346
55852.52090304255	2850	4.0	6.542554706786559	1431809	10542.5547068	-27.382985239182204	90.683379
55862.31329391252	2850	4.0	5.79239086997361	1300868	9792.39086997	-22.05728074088652	90.483169
55881.11901164283	2850	4.0	14.80571773031131	1520281	18805.7177303	-60.81458624033863	89.788956
55898.132647750346	2850	4.0	13.013636107510713	1472558	17013.6361075	-53.10863526229606	85.928154
55912.64390203527	2850	4.0	10.511254284927421	1224260	14511.2542849	-42.34839342518791	94.229141
55926.28435988986	2850	4.0	9.640457854587828	1388403	13640.4578546	-38.603968774727655	97.582873
55936.55369681538	2850	4.0	6.269336925522779	1638769	10269.3369255	-24.10814877974795	97.908255
55945.225709489496	2850	4.0	4.672012674109387	1348011	8672.01267411	-17.23965449867036	96.808308
55953.97856820141	2850	4.0	4.752858711918767	1429765	8752.85871192	-17.587292461250698	94.962414
55963.47509494368	2850	4.0	5.496526742261173	1354548	9496.52674226	-20.78506499172304	95.957675
55972.166336565315	2850	4.0	4.691241621637275	1519951	8691.24162164	-17.322338973040278	92.483401
55981.594875596566	2850	4.0	5.428539031255339	1422919	9428.53903126	-20.492717834397958	93.510922
55997.22411474871	2850	4.0	11.629239152142091	1578343	15629.2391521	-47.155728354210986	91.568178
56006.58251987453	2850	4.0	5.358405125817371	1231445	9358.40512582	-20.191142041014693	88.830113
56015.62497306208	2850	4.0	5.042453187546127	1471065	9042.45318755	-18.832548706448346	93.514387
56025.42466458666	2850	4.0	5.799691524580405	1491626	9799.69152458	-22.08867355569574	94.650033
56037.37121562047	2850	4.0	7.946551033815198	1358801	11946.5510338	-31.320169445405348	92.142023
56067.79459628933	2850	4.0	26.4233806688575	1537156	30423.3806689	-110.77053687608725	89.30989
56087.38941778329	2850	4.0	15.594821493959419	1336050	19594.821494	-64.20773242402551	93.680429
56110.77598189913	2850	4.0	19.386564115846816	1415116	23386.5641158	-80.51222569814131	90.785318
56130.84756357333	2850	4.0	16.071581674189577	1468126	20071.5816742	-66.25780119901519	89.398189
56145.87707328704	2850	4.0	11.029509713718804	1505760	15029.5097137	-44.576891768990855	85.954529
56158.506917224564	2850	4.0	8.629843937523594	1323990	12629.8439375	-34.25832893135145	89.320458
56168.50640744048	2850	4.0	5.9994902159215036	1383735	9999.49021592	-22.947807928462463	93.348429
56179.60686827109	2850	4.0	7.100460830606014	1480464	11100.4608306	-27.68198157160586	97.271626
56199.03471894653	2850	4.0	15.427850675438243	1547572	19427.8506754	-63.48975790438444	97.509012
56213.30532645832	2850	4.0	10.270607511785265	1141971	14270.6075118	-41.31361230067664	93.311238
56230.76894560839	2850	4.0	13.463619150071237	1498470	17463.6191501	-55.04356234530631	96.041687
56244.362311763405	2850	4.0	9.59336615501262	1561263	13593.366155	-38.40147446655426	96.863845
56252.752238532805	2850	4.0	4.389926769401238	1341201	8389.9267694	-16.02668510842532	94.816085
56262.402903228714	2850	4.0	5.650664695907453	1497683	9650.66469591	-21.447858192402048	92.910185
56270.446222171886	2850	4.0	4.04331894317531	1358081	8043.31894318	-14.53627145565383	95.193139
56281.16248300831	2850	4.0	6.716260836422393	1587293	10716.2608364	-26.029921596616287	81.858634
56289.80163932089	2850	4.0	4.639156312580404	1492672	8639.15631258	-17.098372144095734	99.177905
56301.66002601709	2850	4.0	7.858386696201753	1439896	11858.3866962	-30.941062793667534	97.217465
56312.48853815945	2850	4.0	6.828512142359284	1139291	10828.5121424	-26.51260221214492	93.825455
56323.43399353625	2850	4.0	6.945455376798002	1499009	10945.4553768	-27.015458120231404	93.982147
56332.16196980205	2850	4.0	4.727976265805659	1427478	8727.97626581	-17.48029794296433	90.92969
56341.648999786674	2850	4.0	5.487029984621111	1402287	9487.02998462	-20.744228933870772	91.34334
56354.492179840716	2850	4.0	8.843180054041065	1339500	12843.180054	-35.17567423237658	97.297482
56384.30776028271	2850	4.0	25.815580442000037	1527299	29815.580442	-108.15699590060017	92.902955
56404.075353451175	2850	4.0	15.767593168468851	1343002	19767.5931685	-64.95065062441606	87.659279
56430.36517871112	2850	4.0	22.289825259947	1587250	26289.8252599	-92.99624861777211	95.172719
56449.23812647037	2850	4.0	14.87294775924634	1464921	18872.9477592	-61.10367536475926	96.481395
56463.35800395623	2850	4.0	10.119877485855286	1483527	14119.8774859	-40.665473189177725	95.602302
56475.03333483923	2850	4.0	7.675330883005554	1231456	11675.330883	-30.15392279692388	92.485503
56484.66115016247	2850	4.0	5.627815323240144	1364537	9627.81532324	-21.349605889932615	97.895096

