513.627528993	750	4.0	7.229722006325715	450283	7229.72200633	-30.337804627200573	64.858346
538.178444024	2850	4.0	20.550915030743646	1431809	24550.9150307	-87.61893463219768	90.683379
549.080197163	2850	4.0	6.901753139191504	1300868	10901.7531392	-26.827538498523463	90.483169
562.961693646	2850	4.0	9.881496482649178	1520281	13881.4964826	-39.64043487539146	89.788956
584.985142216	2850	4.0	18.02344857001613	1472558	22023.44857	-74.65082885106935	85.928154
601.132119643	2850	4.0	12.146977427796047	1224260	16146.9774278	-49.382002939523	94.229141
620.644895248	2850	4.0	15.512775604522641	1388403	19512.7756045	-63.85493509944735	97.582873
637.105026079	2850	4.0	12.460130831165054	1638769	16460.1308312	-50.72856257400973	97.908255
661.909722473	2850	4.0	20.80469639392707	1348011	24804.6963939	-86.61019449388641	96.808308
675.310885264	2850	4.0	9.401162790861212	1429765	13401.1627909	-37.57500000070321	94.962414
687.814910487	2850	4.0	8.504025223656676	1354548	12504.0252237	-33.717308461723704	95.957675
707.337861174	2850	4.0	15.522950686959593	1519951	19522.950687	-63.89868795392625	92.483401
725.468102558	2850	4.0	14.130241383676298	1422919	18130.2413837	-57.91003794980808	93.510922
749.34226075	2850	4.0	19.87415819192223	1578343	23874.1581919	-82.6088802252656	91.568178
762.065387512	2850	4.0	8.723126761999588	1231445	12723.126762	-34.659445076598224	88.830113
785.282565157	2850	4.0	19.217177644828567	1471065	23217.1776448	-79.78386387276284	93.514387
802.37051086	2850	4.0	13.087945703416365	1491626	17087.9457034	-53.42816652469036	94.650033
814.550673557	2850	4.0	8.180162696223272	1358801	12180.1626962	-32.324699593760066	92.142023
832.560979371	2850	4.0	14.01030581480587	1537156	18010.3058148	-57.394315003665234	89.30989
849.59364853	2850	4.0	13.03266915915384	1336050	17032.6691592	-53.19047738436151	93.680429
873.855925874	2850	4.0	20.262277343202282	1415116	24262.2773432	-84.27779257576981	90.785318
888.879086444	2850	4.0	11.023160569891454	1468126	15023.1605699	-44.549590450533245	89.398189
909.797891471	2850	4.0	16.91880502697738	1505760	20918.805027	-69.90086161600274	85.954529
928.605701798	2850	4.0	14.807810327862112	1323990	18807.8103279	-60.82358440980708	89.320458
940.932624202	2850	4.0	8.32692240331947	1383735	12326.9224033	-32.95576633427372	93.348429
955.253910285	2850	4.0	10.321286083376366	1480464	14321.2860834	-41.53153015851837	97.271626
976.025765194	2850	4.0	16.77185490840349	1547572	20771.8549084	-69.26897610613501	97.509012
995.937903154	2850	4.0	15.912137960263284	1141971	19912.1379603	-65.57219322913213	93.311238
1013.23965798	2850	4.0	13.301754828076383	1498470	17301.7548281	-54.347545760728444	96.041687
1031.39911266	2850	4.0	14.159454677869714	1561263	18159.4546779	-58.03565511483977	96.863845
1054.34654662	2850	4.0	18.947433957596175	1341201	22947.4339576	-78.62396601766355	94.816085
1067.924965	2850	4.0	9.578418383980072	1497683	13578.418384	-38.337199051114304	92.910185
1079.23290872	2850	4.0	7.3079437156687925	1358081	11307.9437157	-28.574157977375805	95.193139
1101.96789809	2850	4.0	18.73498937524192	1587293	22734.9893752	-77.71045431354025	81.858634
1125.29343524	2850	4.0	19.325537146281395	1492672	23325.5371463	-80.24980972901	99.177905
1141.69416877	2850	4.0	12.400733527163124	1439896	16400.7335272	-50.47315416680143	97.217465
1153.03639855	2850	4.0	7.342229780852138	1139291	11342.2297809	-28.721588057664192	93.825455
1179.56001343	2850	4.0	22.523614888376905	1499009	26523.6148884	-94.00154402002069	93.982147
1191.86577954	2850	4.0	8.305766103346443	1427478	12305.7661033	-32.8647942443897	90.92969
1205.07529862	2850	4.0	9.209519085744654	1402287	13209.5190857	-36.750932068702014	91.34334
1224.17966887	2850	4.0	15.10437024419757	1339500	19104.3702442	-62.098792050049546	97.297482
1244.10946131	2850	4.0	15.92979244289693	1527299	19929.7924429	-65.6481075044568	92.902955
1263.99557206	2850	4.0	15.886110753579182	1343002	19886.1107536	-65.46027624039048	87.659279
1279.24211983	2850	4.0	11.246547764146404	1587250	15246.5477641	-45.510155385829535	95.172719
1305.75439806	2850	4.0	22.512278233070745	1464921	26512.2782331	-93.9527964022042	96.481395
1319.62111726	2850	4.0	9.86671919323063	1483527	13866.7191932	-39.576892530891705	95.602302
1331.04290201	2850	4.0	7.421784754813602	1231456	11421.7847548	-29.063674445698485	92.485503
1347.38926492	2850	4.0	12.346362907992232	1364537	16346.362908	-50.239360504366594	97.895096

