75762.43927147672	750	4.0	2.7931852023610926	450283	2793.18520236	-11.260696370152697	64.858346
75767.31685863416	2850	4.0	0.877587157450259	1431809	4877.58715745	-3.023624777036113	90.683379
75772.74357398576	2850	4.0	1.4267153515987574	1300868	5426.7153516	-3.284876011874656	90.483169
75779.2877894988	2850	4.0	2.544215513048498	1520281	6544.21551305	-8.09012670610854	89.788956
75796.38282637957	2850	4.0	13.095036880764615	1472558	17095.0368808	-53.45865858728784	85.928154
75805.22857892928	2850	4.0	4.845752549700991	1224260	8845.7525497	-17.986735963714256	94.229141
75813.42117897159	2850	4.0	4.1926000423135825	1388403	8192.60004231	-15.178180181948404	97.582873
75819.95088552	2850	4.0	2.5297065484095165	1638769	6529.70654841	-8.02773815816092	97.908255
75824.02134142305	2850	4.0	0.07045590305145742	1348011	4070.45590305	2.5470396168787333	96.808308
75828.70935203679	2850	4.0	0.6880106137378325	1429765	4688.01061374	-0.10844563907267935	94.962414
75833.24217263864	2850	4.0	0.5328206018458813	1354548	4532.82060185	0.5588714120627105	95.957675
75838.70585548694	2850	4.0	1.4636828483081672	1519951	5463.68284831	-3.4438362477251183	92.483401
75845.07861166522	2850	4.0	2.3727561782690527	1422919	6372.75617827	-7.352851566556927	93.510922
75851.58090424883	2850	4.0	2.502292583600416	1578343	6502.2925836	-7.909858109481789	91.568178
75856.84707039098	2850	4.0	1.2661661421727077	1231445	5266.16614217	-2.5945144113426433	88.830113
75862.1523272626	2850	4.0	1.3052568716181576	1471065	5305.25687162	-2.762604547958077	93.514387
75868.47671695641	2850	4.0	2.3243896938258284	1491626	6324.38969383	-7.144875683451062	94.650033
75873.98939371148	2850	4.0	1.5126767550616986	1358801	5512.67675506	-3.6545100467653033	92.142023
75879.85331461586	2850	4.0	1.8639209043814353	1537156	5863.92090438	-5.164859888840171	89.30989
75887.44652730828	2850	4.0	3.5932126924040557	1336050	7593.2126924	-12.60081457733744	93.680429
75892.04663440378	2850	4.0	0.6001070955048217	1415116	4600.1070955	0.26953948932926686	90.785318
75896.81370439944	2850	4.0	0.7670699956588296	1468126	4767.06999566	-0.44840098133296724	89.398189
75901.5909403185	2850	4.0	0.7772359190765837	1505760	4777.23591908	-0.4921144520293099	85.954529
75905.3689696348	2850	4.2219706837143685	0.0	1323990	3778.02931629	2.85	89.320458
75913.17378468753	2850	4.0	3.582844369025711	1383735	7804.81505274	-12.556230786810557	93.348429
75921.65384365302	2850	4.0	4.48005896548259	1480464	8480.05896548	-16.414253551575136	97.271626
75927.26884826968	2850	4.0	1.6150046166583252	1547572	5615.00461666	-4.094519851630798	97.509012
75930.38762184569	2850	4.881226423995503	0.0	1141971	3118.773576	2.85	93.311238
75935.82676422059	2850	4.0	0.5579159509019046	1498470	5439.1423749	0.4509614111218103	96.041687
75946.82229828961	2850	4.0	6.995534069019566	1561263	10995.534069	-27.230796496784134	96.863845
75956.28503548205	2850	4.0	5.462737192429957	1341201	9462.73719243	-20.639769927448814	94.816085
75963.67253856729	2850	4.0	3.3875030852454793	1497683	7387.50308525	-11.716263266555561	92.910185
75969.09462114943	2850	4.0	1.4220825821478038	1358081	5422.08258215	-3.264955103235556	95.193139
75974.45329961213	2850	4.0	1.358678462678712	1587293	5358.67846268	-2.9923173895184614	81.858634
75979.0575191322	2850	4.0	0.6042195200754767	1492672	4604.21952008	0.2518560636754503	99.177905
75983.82565143448	2850	4.0	0.7681323022781189	1439896	4768.13230228	-0.45296889979591093	97.217465
75988.04419544312	2850	4.0	0.21854400862464535	1139291	4218.54400862	1.9102607629140251	93.825455
75993.8860319841	2850	4.0	1.8418365410033692	1499009	5841.836541	-5.069897126314487	93.982147
75999.78986844073	2850	4.0	1.9038364566290165	1427478	5903.83645663	-5.336496763504771	90.92969
76011.14776380568	2850	4.0	7.357895364953142	1402287	11357.895365	-28.788950069298505	91.34334
76025.86768729382	2850	4.0	10.719923488138315	1339500	14719.9234881	-43.245670998994754	97.297482
76034.7122097108	2850	4.0	4.844522416969963	1527299	8844.52241697	-17.981446392970838	92.902955
76040.1083476907	2850	4.0	1.3961379798936278	1343002	5396.13797989	-3.153393313542599	87.659279
76045.75391325755	2850	4.0	1.6455655668618765	1587250	5645.56556686	-4.225931937506068	95.172719
76050.32980621899	2850	4.0	0.575892961429	1464921	4575.89296143	0.3736602658553001	96.481395
76055.36966628356	2850	4.0	1.0398600645804263	1483527	5039.86006458	-1.6213982776958331	95.602302
76059.53996263725	2850	4.0	0.17029635368350318	1231456	4170.29635368	2.1177256791609365	92.485503
76065.37068162151	2850	4.0	1.8307189842642002	1364537	5830.71898426	-5.0220916323360605	97.895096

