39637.13126966448	750	4.0	4.8551176236478435	450283	4855.11762365	-20.127005781685725	64.858346
39647.01077686865	2850	4.0	5.879507204166524	1431809	9879.50720417	-24.531880977916053	90.683379
39655.14742212563	2850	4.0	4.136645256978801	1300868	8136.64525698	-14.937574605008843	90.483169
39664.755420080495	2850	4.0	5.607997954870496	1520281	9607.99795487	-21.264391205943127	89.788956
39675.67538903227	2850	4.0	6.91996895178004	1472558	10919.9689518	-26.905866492654166	85.928154
39685.50752723838	2850	4.0	5.832138206105243	1224260	9832.13820611	-22.228194286252542	94.229141
39695.05264748771	2850	4.0	5.54512024933682	1388403	9545.12024934	-20.994017072148324	97.582873
39707.28013227159	2850	4.0	8.22748478387479	1638769	12227.4847839	-32.528184570661594	97.908255
39718.82681986935	2850	4.0	7.546687597756901	1348011	11546.6875978	-29.60075667035467	96.808308
39726.98972340721	2850	4.0	4.162903537864184	1429765	8162.90353786	-15.05048521281599	94.962414
39735.518442386674	2850	4.0	4.5287189794610585	1354548	8528.71897946	-16.62349161168255	95.957675
39751.811970810624	2850	4.0	12.293528423953196	1519951	16293.528424	-50.01217222299874	92.483401
39766.3469936109	2850	4.0	10.535022800284823	1422919	14535.0228003	-42.45059804122474	93.510922
39784.96039943584	2850	4.0	14.613405824936665	1578343	18613.4058249	-59.98764504722766	91.568178
39813.2494128037	2850	4.0	24.289013367859432	1231445	28289.0133679	-101.59275748179556	88.830113
39833.38837382614	2850	4.0	16.138961022440903	1471065	20138.9610224	-66.54753239649588	93.514387
39868.71708835678	2850	4.0	31.32871453063254	1491626	35328.7145306	-131.86347248171992	94.650033
39894.55584372416	2850	4.0	21.838755367382323	1358801	25838.7553674	-91.056648079744	92.142023
39904.14131340725	2850	4.0	5.585469683086282	1537156	9585.46968309	-21.16751963727101	89.30989
39913.0471212016	2850	4.0	4.90580779434782	1336050	8905.80779435	-18.244973515695623	93.680429
39921.08693196284	2850	4.0	4.0398107612465335	1415116	8039.81076125	-14.521186273360092	90.785318
39928.60067657804	2850	4.0	3.513744615196799	1468126	7513.7446152	-12.259101845346235	89.398189
39943.763253913276	2850	4.0	11.162577335236586	1505760	15162.5773352	-45.149082541517316	85.954529
39956.73351784245	2850	4.0	8.970263929175038	1323990	12970.2639292	-35.72213489545266	89.320458
39965.19848329791	2850	4.0	4.464965455453994	1383735	8464.96545545	-16.349351458452173	93.348429
39973.52587107402	2850	4.0	4.327387776115529	1480464	8327.38777612	-15.757767437296776	97.271626
39984.99142058797	2850	4.0	7.4655495139510455	1547572	11465.549514	-29.25186290998949	97.509012
39994.22100500149	2850	4.0	5.229584413520357	1141971	9229.58441352	-19.63721297813753	93.311238
40004.69967339258	2850	4.0	6.478668391087067	1498470	10478.6683911	-25.008274081674383	96.041687
40015.17970116886	2850	4.0	6.48002777628367	1561263	10480.0277763	-25.01411943801978	96.863845
40029.31465683077	2850	4.0	10.134955661910654	1341201	14134.9556619	-40.73030934621581	94.816085
40037.87368129559	2850	4.0	4.559024464818398	1497683	8559.02446482	-16.75380519871911	92.910185
40045.6571171184	2850	4.0	3.7834358228050795	1358081	7783.43582281	-13.418774038061843	95.193139
40059.97696606937	2850	4.0	10.319848950972919	1587293	14319.848951	-41.525350489183545	81.858634
40076.15472880817	2850	4.0	12.177762738801418	1492672	16177.7627388	-49.51437977684609	99.177905
40088.74476103594	2850	4.0	8.590032227764807	1439896	12590.0322278	-34.087138579388665	97.217465
40108.93111428571	2850	4.0	16.186353249780534	1139291	20186.3532498	-66.7513189740563	93.825455
40142.01645600662	2850	4.0	29.08534172089774	1499009	33085.3417209	-122.21696939986029	93.982147
40156.93436206258	2850	4.0	10.917906055962705	1427478	14917.906056	-44.09699604063963	90.92969
40195.908986612914	2850	4.0	34.97462455033743	1402287	38974.6245503	-147.54088556645095	91.34334
40212.86718523675	2850	4.0	12.958198623826494	1339500	16958.1986238	-52.87025408245392	97.297482
40222.70109547633	2850	4.0	5.833910239581366	1527299	9833.91023958	-22.23581403019987	92.902955
40230.74457984353	2850	4.0	4.043484367199827	1343002	8043.4843672	-14.536982778959258	87.659279
40239.6502260118	2850	4.0	4.905646168267245	1587250	8905.64616827	-18.244278523549152	95.172719
40247.42498336545	2850	4.0	3.7747573536511863	1464921	7774.75735365	-13.381456620700101	96.481395
40266.623235378705	2850	4.0	15.198252013258225	1483527	19198.2520133	-62.502483657010366	95.602302
40275.2615192575	2850	4.0	4.638283878792755	1231456	8638.28387879	-17.094620678808845	92.485503
40283.94720336516	2850	4.0	4.685684107658808	1364537	8685.68410766	-17.298441662932873	97.895096

