10223.277090974612	750	4.0	2.322935537655054	450283	2322.935537655054	-9.238622811916732	64.858346
10226.753355072793	750	4.523735901820231	0.0	398865	3476.264098179768	0.75	57.017244
10229.409087617054	750	5.868003357558568	0.0	350812	2655.732544261663	0.75	60.430767
10232.17735087453	750	7.099740100082421	0.0	382355	2768.2632574761474	0.75	55.551349
10234.788346847186	750	8.488744127426669	0.0	411561	2610.995972655752	0.75	51.003805
10236.951922029495	750	10.325168945117074	0.0	318564	2163.575182309596	0.75	62.986308
10239.285646355514	750	11.991444619097747	0.0	352642	2333.724326019327	0.75	81.00828
10242.70181531273	750	12.575275661883323	0.0	437162	3416.1689572144237	0.75	69.475262
10245.656986062126	750	13.620104912487811	0.0	374758	2955.17074939551	0.75	70.789292
10248.763921524755	750	14.51316944986117	0.0	362795	3106.9354626266418	0.75	64.786022
10252.999145365178	1200	14.277945609436246	0.0	607410	4235.223840424924	0.75	82.096766
10256.974289479745	1200	14.302801494869733	0.0	594078	3975.144114566514	1.2	70.906301
10261.083402083963	1200	14.193688890652185	0.0	624282	4109.112604217548	1.2	73.534048
10266.439956477245	1200	12.83713449737072	0.0	687371	5356.554393281464	1.2	70.998108
10273.515764564485	1200	9.7613264101321	0.0	526950	7075.808087238621	1.2	67.735752
10278.139590769038	1200	9.137500205579375	0.0	587876	4623.826204552724	1.2	72.569044
10279.567800133636	750	11.709290840980572	0.0	360831	1428.2093645988034	0.3	60.531124
10281.151041128118	750	14.126049846498814	0.0	372963	1583.2409944817575	0.75	69.564049
10282.850801269004	750	16.426289705611513	0.0	405596	1699.7601408873006	0.75	60.564875
10285.208780481858	750	18.068310492756737	0.0	350713	2357.9792128547783	0.75	67.172129
10291.895170489017	1200	15.381920485598602	0.0	601738	6686.390007158133	0.75	74.235946
10295.524422348197	1200	15.752668626417078	0.0	616206	3629.2518591815233	1.2	68.532883
10298.528314484984	1200	16.748776489631062	0.0	656471	3003.892136786017	1.2	63.455907
10300.64885969713	1200	18.628231277485888	0.0	536667	2120.5452121451744	1.2	68.420849
10303.071697738435	1200	20.20539323617979	0.0	587236	2422.8380413060927	1.2	78.698824
10305.769029613277	1200	21.50806136133735	0.0	590335	2697.3318748424426	1.2	79.644231
10310.280461734208	1850	20.9966292404074	0.0	1076599	4511.432120929948	1.2000000000000002	90.791041
10313.390382946358	1850	21.8867080282569	0.0	758197	3109.9212121504993	1.85	87.50057
10317.51765463683	1850	21.75943633778305	0.0	972798	4127.271690473852	1.85	88.832031
10321.501339921291	1850	21.775751053321446	0.0	975811	3983.685284461599	1.85	89.334885
10324.995906855123	1850	22.281184119490092	0.0	873429	3494.5669338313564	1.85	87.120667
10328.95352346452	1850	22.323567510092836	0.0	954453	3957.616609397258	1.85	83.67714
10334.318676172938	2850	20.958414801674696	0.0	1358081	5365.152708418139	1.85	95.193139
10341.102078496133	2850	18.175012478480095	0.0	1587293	6783.402323194599	2.85	81.858634
10349.196652592816	2850	14.0804383817946	0.0	1492672	8094.574096685495	2.85	99.177905
10359.573246372878	2850	7.703844601733512	0.0	1439896	10376.593780061088	2.85	97.217465
10361.982801580565	1200	9.294289394046537	0.0	487812	2409.555207686975	-0.44999999999999996	77.846693
10364.93151435266	1200	10.34557662195128	0.0	575591	2948.7127720952576	1.2	77.292461
10368.293499220956	1200	10.983591753655054	0.0	605884	3361.9848682962256	1.2	74.001829
10371.48433548674	1200	11.792755487871984	0.0	587506	3190.836265783069	1.2	72.886388
10374.230458315209	1200	13.046632659403771	0.0	566904	2746.122828468212	1.2	86.974261
10380.141345030099	1850	11.135745944513086	0.0	1025005	5910.886714890685	1.2000000000000002	85.276808
10385.465712726855	1850	9.81137824775773	0.0	886255	5324.3676967553565	1.85	78.86339
10391.509242339813	1850	7.767848634799159	0.0	973972	6043.52961295857	1.85	84.84845
10395.827239367934	1850	7.449851606677427	0.0	958994	4317.997028121732	1.85	87.119023
10399.891073251698	1850	7.386017722913468	0.0	982064	4063.833883763959	1.85	86.680563
10403.856130544238	1850	7.420960430373827	0.0	830730	3965.0572925396405	1.85	84.040637
10408.699348761706	1850	6.577742212906825	0.0	846370	4843.2182174670015	1.85	92.020773

