18883.17760667555	750	4.0	6.08032816050688	450283	6080.3281605068805	-25.395411090179586	64.858346
18885.532558175943	300	5.645048499601703	0.0	155580	2354.951500398297	-0.15000000000000002	18.412623
18887.80563698959	300	7.371969685954002	0.0	139857	2273.078813647701	0.3	17.596212
18890.365075784433	300	8.81253089110955	0.0	155432	2559.4387948444523	0.3	19.997309
18893.326778557803	300	9.85082811774056	0.0	163442	2961.702773368989	0.3	16.877619
18895.362729527453	300	11.814877148093101	0.0	126289	2035.95096964746	0.3	18.579568
18898.499975970386	300	12.677630705156039	0.0	153295	3137.2464429370616	0.3	42.291519
18901.183443808884	300	13.994162866660107	0.0	173849	2683.4678384959343	0.3	35.451274
18905.275459344593	750	13.902147330950005	0.0	374758	4092.015535710101	0.3	70.789292
18908.732408774926	750	14.445197900615852	0.0	362795	3456.949430334152	0.75	64.786022
18911.695262663452	750	15.482344012089339	0.0	353220	2962.853888526513	0.75	70.008689
18915.113686571436	750	16.06392010410535	0.0	405134	3418.423907983989	0.75	59.00323
18918.62703477551	750	16.550571900032526	0.0	386351	3513.3482040728245	0.75	59.358241
18923.186162068727	750	15.991444606816026	0.0	434409	4559.127293216499	0.75	56.692976
18926.736237268567	750	16.441369406977763	0.0	337059	3550.075199838264	0.75	54.76216
18933.01634773562	750	14.1612589399268	0.0	366214	6280.110467050962	0.75	58.858709
18938.31945232449	750	12.85815435105256	0.0	360831	5303.104588874239	0.75	60.531124
18943.637316292985	750	11.540290382557941	0.0	372963	5317.863968494618	0.75	69.564049
18950.440356324158	750	8.737250351386356	0.0	405596	6803.040031171586	0.75	60.564875
18952.10437816521	300	11.073228510332374	0.0	140881	1664.021841053981	-0.15000000000000002	26.782579
18954.69520188415	300	12.482404791394123	0.0	157671	2590.823718938251	0.3	28.807059
18957.694538221436	300	13.483068454105545	0.0	157812	2999.336337288577	0.3	21.07483
18963.822553275557	750	11.355053399988297	0.0	401853	6128.015054117249	0.3	47.960406
18968.84130100679	750	10.336305668752997	0.0	343800	5018.747731235299	0.75	55.451197
18970.637183947463	300	12.5404227280801	0.0	146754	1795.8829406728958	-0.15000000000000002	25.355956
18972.34023143008	300	14.837375245464553	0.0	153938	1703.0474826155473	0.3	22.855883
18976.297404716748	750	14.880201958794531	0.0	425781	3957.1732866700218	0.3	65.665965
18979.370301541625	750	15.807305133916417	0.0	277716	3072.8968248781134	0.75	68.231907
18986.545127154113	750	12.632479521431517	0.0	400396	7174.8256124849	0.75	69.601487
18995.299372184363	750	7.878234491180455	0.0	400508	8754.24503025106	0.75	67.821489
18998.34135174859	300	8.836254926953686	0.0	157421	3041.9795642267704	-0.15000000000000002	25.589487
19001.762832284927	300	9.414774390615689	0.0	157488	3421.4805363379965	0.3	17.795984
19005.169675318346	300	10.007931357196195	0.0	143881	3406.843033419493	0.3	25.091594
19009.170581064463	300	10.007025611080735	0.0	163444	4000.905746115461	0.3	17.178658
19012.511876853856	300	10.66572982168552	0.0	179328	3341.295789395215	0.3	28.893466
19015.425726518104	300	11.75188015743573	0.0	159914	2913.8496642497903	0.3	21.738399
19017.680634321583	300	13.496972353958038	0.0	131610	2254.9078034776912	0.3	28.4111
19020.186558126345	300	14.991048549192634	0.0	124011	2505.923804765403	0.3	21.943337
19023.177957407643	300	15.99964926789465	0.0	144254	2991.399281297983	0.3	12.774971
19029.58341778581	750	13.594188889727157	0.0	390680	6405.460378167495	0.3	61.525566
19034.470470528282	750	12.70713614725404	0.0	345516	4887.052742473114	0.75	79.583372
19040.77492171587	750	10.4026849596656	0.0	384505	6304.451187588441	0.75	64.443828
19043.29133658714	300	11.886270088398513	0.0	145210	2516.414871267087	-0.15000000000000002	23.926655
19046.36331464195	300	12.814292033586954	0.0	172312	3071.9780548115586	0.3	26.146503
19049.50271990568	300	13.674886769857396	0.0	167025	3139.4052637295563	0.3	26.908827
19051.486077624093	300	15.691529051443252	0.0	160064	1983.3577184141432	0.3	27.591437
19054.950289885048	750	16.227316790487464	0.0	331053	3464.2122609557873	0.3	60.678126
19057.93100814852	750	17.24659852701315	0.0	314107	2980.718263474313	0.75	75.210559

