7211.623904458599	750	4.0	2.184991174137217	450283	2184.991174137217	-8.645462048790034	64.858346
7212.304075826521	300	7.319828632077841	0.0	155580	680.1713679221592	-0.15000000000000002	18.412623
7213.7900704511785	750	9.83383400742072	0.0	350812	1485.9946246571205	0.3	60.430767
7216.791935491651	1200	10.831968966948331	0.0	617681	3001.865040472389	0.75	69.474665
7228.067548565149	1200	4.0	0.4436441065497529	652874	11275.613073498083	-0.7076696581639375	64.23322
7231.468840962969	300	4.59870760218012	0.0	126289	3401.292397819879	-0.6000000000000001	18.579568
7234.873877190387	300	5.193671374761598	0.0	153295	3405.0362274185222	0.3	42.291519
7237.421664373546	300	6.6458841916027165	0.0	173849	2547.787183158881	0.3	35.451274
7239.060666818634	300	9.006881746514646	0.0	150710	1639.0024450880721	0.3	28.497356
7245.338118438951	1200	6.72943012619715	0.0	560821	6277.451620317495	0.29999999999999993	76.960357
7247.6427205286855	300	8.424828036462536	0.0	141840	2304.6020897346143	-0.6000000000000001	2.177717
7251.5576412118135	750	8.509907353334839	0.0	405134	3914.920683127697	0.3	59.00323
7253.62272727123	750	10.444821293918395	0.0	386351	2065.0860594164433	0.75	59.358241
7256.966544626335	1200	11.101003938813074	0.0	687371	3343.8173551053205	0.75	70.998108
7261.538668406275	1850	10.528880158873818	0.0	821631	4572.123779939255	1.2000000000000002	78.494849
7264.908157998284	1200	11.159390566864676	0.0	587876	3369.489592009143	0.5499999999999999	72.569044
7275.092398310635	1850	4.975150254513319	0.0	966699	10184.240312351358	1.2000000000000002	86.226021
7276.638249775987	300	7.429298789161049	0.0	150616	1545.851465352271	-1.25	35.116669
7280.24417647139	750	7.8233720937570945	0.0	405596	3605.9266954039545	0.3	60.564875
7282.053919437282	750	10.013629127865297	0.0	350713	1809.742965891796	0.75	67.172129
7284.493271202782	1200	11.574277362365912	0.0	601738	2439.3517654993857	0.75	74.235946
7289.156772650376	1850	10.910775914772476	0.0	955231	4663.501447593438	1.2000000000000002	79.031768
7292.769593046048	1200	11.297955519100698	0.0	656471	3612.8203956717766	0.5499999999999999	63.455907
7297.090507208701	1850	10.977041356448318	0.0	874175	4320.9141626523815	1.2000000000000002	80.700778
7300.402417351264	1200	11.665131213884056	0.0	587236	3311.9101425642602	0.5499999999999999	78.698824
7303.827170407842	1850	12.240378157306486	0.0	905935	3424.753056577571	1.2000000000000002	89.133614
7308.587717830893	1850	11.479830734256172	0.0	1076599	4760.547423050313	1.85	90.791041
7312.53939731614	1850	11.528151249008271	0.0	758197	3951.679485247901	1.85	87.50057
7316.749263464625	1850	11.318285100522957	0.0	972798	4209.8661484853155	1.85	88.832031
7320.169210613592	1850	11.89833795155574	0.0	975811	3419.947148967216	1.85	89.334885
7322.902930439628	1850	13.164618125520686	0.0	873429	2733.7198260350538	1.85	87.120667
7329.80109474693	2850	10.26645381821835	0.0	1497683	6898.164307302336	1.85	92.910185
7331.735116600778	1200	12.332431964371125	0.0	584349	1934.021853847225	-0.44999999999999996	79.771897
7335.037275048882	1850	13.030273516266364	0.0	1035329	3302.15844810476	1.2000000000000002	71.430146
7339.777237612665	2850	12.290310952484232	0.0	1492672	4739.962563782134	1.85	99.177905
7343.093802819578	1850	12.973745745571147	0.0	943942	3316.5652069130847	0.8500000000000001	90.168439
7345.843930200366	1850	14.223618364782935	0.0	728962	2750.1273807882117	1.85	86.066994
7352.99037614508	2850	11.077172420069177	0.0	1499009	7146.445944713758	1.85	93.982147
7356.306613715222	1850	11.760934849927102	0.0	908665	3316.2375701420756	0.8500000000000001	82.415248
7359.6577406308525	1850	12.409807934296943	0.0	930577	3351.126915630158	1.85	83.556577
7362.40995052526	1850	13.657598039889638	0.0	858450	2752.2098944073045	1.85	92.068418
7367.987301759679	2850	12.080246805470594	0.0	1527299	5577.351234419047	1.85	92.902955
7374.9582472145385	1850	9.109301350611123	0.0	886255	6970.945454859471	0.8500000000000001	78.86339
7377.785744341271	1200	10.281804223878547	0.0	634861	2827.497126732575	0.5499999999999999	75.003938
7380.673637369547	1200	11.393911195602639	0.0	630203	2887.893028275908	1.2	77.745919
7385.365446064203	1850	10.702102500946687	0.0	982064	4691.8086946559515	1.2000000000000002	86.680563
7387.816613746207	1200	12.25093481894302	0.0	538612	2451.1676820036682	0.5499999999999999	74.51099
7398.950500974797	1850	5.117047590351385	0.0	846370	11133.887228591633	1.2000000000000002	92.020773

