10776.0764333	750	4.0	1.5754002818435975	450283	1575.40028184	-6.024221211927469	64.858346
10781.4200785	2850	4.0	1.3436452861728458	1431809	5343.64528617	-5.027674730543237	90.683379
10789.4314122	2850	4.0	4.01133365978837	1300868	8011.33365979	-14.39873473708999	90.483169
10799.3589523	2850	4.0	5.927540060242425	1520281	9927.54006024	-22.638422259042425	89.788956
10806.6596203	2850	4.0	3.3006679988693004	1472558	7300.66799887	-11.342872395137992	85.928154
10813.0663109	2850	4.0	2.4066906605201903	1224260	6406.69066052	-7.498769840236818	94.229141
10819.6922791	2850	4.0	2.625968149939252	1388403	6625.96814994	-8.441663044738783	97.582873
10829.0090019	2850	4.0	5.316722810091042	1638769	9316.72281009	-20.01190808339148	97.908255
10835.2540092	2850	4.0	2.245007323418114	1348011	6245.00732342	-6.803531490697889	96.808308
10842.5564943	2850	4.0	3.302485108233662	1429765	7302.48510823	-11.350685965404747	94.962414
10848.4850319	2850	4.0	1.9285375693251727	1354548	5928.53756933	-5.442711548098243	95.957675
10856.1983619	2850	4.0	3.713330060050248	1519951	7713.33006005	-13.117319258216066	92.483401
10863.9320487	2850	4.0	3.733686751083027	1422919	7733.68675108	-13.204853029657015	93.510922
10869.7568429	2850	4.0	1.8247942454453479	1578343	5824.79424545	-4.996615255414996	91.568178
10875.7716775	2850	4.0	2.014834580930232	1231445	6014.83458093	-5.813788697999998	88.830113
10885.5621199	2850	4.0	5.790442357088358	1471065	9790.44235709	-22.048902135479935	93.514387
10891.4027718	2850	4.0	1.8406519098688596	1491626	5840.65190987	-5.064803212436097	94.650033
10899.4060961	2850	4.0	4.003324296714378	1358801	8003.32429671	-14.364294475871825	92.142023
10906.3441056	2850	4.0	2.9380095567249107	1537156	6938.00955672	-9.783441093917116	89.30989
10912.4768895	2850	4.0	2.1327838752418184	1336050	6132.78387524	-6.3209706635398195	93.680429
10922.7913425	2850	4.0	6.314452951094744	1415116	10314.4529511	-24.302147689707393	90.785318
10930.468205	2850	4.0	3.67686251794483	1468126	7676.86251794	-12.96050882716277	89.398189
10939.2322323	2850	4.0	4.76402731486809	1505760	8764.02731487	-17.635317453932785	85.954529
10944.7074768	2850	4.0	1.475244518905708	1323990	5475.24451891	-3.4935514312945437	89.320458
10951.5801629	2850	4.0	2.8726860339013176	1383735	6872.6860339	-9.502549945775666	93.348429
10961.0626332	2850	4.0	5.482470385111064	1480464	9482.47038511	-20.724622655977573	97.271626
10973.1436774	2850	4.0	8.081044173473144	1547572	12081.0441735	-31.898489945934514	97.509012
10978.3476901	2850	4.0	1.2040126955033847	1141971	5204.0126955	-2.327254590664554	93.311238
10983.7277479	2850	4.0	1.3800578414727334	1498470	5380.05784147	-3.0842487183327534	96.041687
10990.4107735	2850	4.0	2.6830255856831	1561263	6683.02558568	-8.68701001843733	96.863845
10995.1619879	2850	4.0	0.7512143348595337	1341201	4751.21433486	-0.38022163989599456	94.816085
11000.7412169	2850	4.0	1.5792290574809613	1497683	5579.22905748	-3.940684947168133	92.910185
11009.4193416	2850	4.0	4.67812464782904	1358081	8678.12464783	-17.265935985664868	95.193139
11015.4139095	2850	4.0	1.9945679139088042	1587293	5994.56791391	-5.7266420298078575	81.858634
11024.903403	2850	4.0	5.489493463755443	1492672	9489.49346376	-20.754821894148403	99.177905
11030.5633197	2850	4.0	1.6599167636952807	1439896	5659.9167637	-4.287642083889708	97.217465
11035.5773364	2850	4.0	1.0140167230548978	1139291	5014.01672305	-1.5102719091360597	93.825455
11047.2279441	2850	4.0	7.6506076681885755	1499009	11650.6076682	-30.047612973210875	93.982147
11054.3844817	2850	4.0	3.1565376125660576	1427478	7156.53761257	-10.723111734034047	90.92969
11060.9058806	2850	4.0	2.5213988997073775	1402287	6521.39889971	-7.9920152687417225	91.34334
11067.9342383	2850	4.0	3.0283577201465404	1339500	7028.35772015	-10.171938196630123	97.297482
11076.0086697	2850	4.0	4.074431380043302	1527299	8074.43138004	-14.670054934186199	92.902955
11083.0409879	2850	4.0	3.0323182178397645	1343002	7032.31821784	-10.188968336710987	87.659279
11090.8242292	2850	4.0	3.783241266638047	1587250	7783.24126664	-13.417937446543602	95.172719
11097.2158567	2850	4.0	2.391627517151909	1464921	6391.62751715	-7.433998323753208	96.481395
11104.3894618	2850	4.0	3.1736051111275447	1483527	7173.60511113	-10.796501977848441	95.602302
11111.3205891	2850	4.0	2.9311273126728365	1231456	6931.12731267	-9.753847444493196	92.485503
11117.937316	2850	4.0	2.6167268769484346	1364537	6616.72687695	-8.40192557087827	97.895096

