11921.371014121349	750	4.0	1.26305294249572	450283	1263.05294249572	-4.681127652731596	64.858346
11923.895796260644	1850	5.475217860705059	0.0	957685	2524.782139294941	0.75	81.460624
11927.787664856818	1850	5.583349264532026	0.0	877771	3891.868596173033	1.85	82.465457
11931.127278135815	1850	6.243735985534595	0.0	933276	3339.6132789974313	1.85	78.955826
11934.574520438822	1850	6.7964936825281566	0.0	996749	3447.2423030064383	1.85	75.455188
11937.509529303426	1850	7.861484817924984	0.0	801058	2935.0088646031727	1.85	86.249306
11940.51477161729	1850	8.856242504060752	0.0	905515	3005.2423138642325	1.85	94.086702
11944.56696157426	1850	8.804052547089322	0.0	1060487	4052.1899569714296	1.85	90.155937
11947.8604453857	1850	9.510568735649084	0.0	852833	3293.4838114402387	1.85	90.218296
11951.759704172637	1850	9.611309948712206	0.0	913888	3899.2587869368776	1.85	86.733288
11955.50442053941	1850	9.866593581941409	0.0	939819	3744.7163667707964	1.85	89.239922
11959.216315441367	1850	10.154698679983216	0.0	917428	3711.894901958193	1.85	82.202545
11962.535699553539	1850	10.835314567810494	0.0	946851	3319.3841121727223	1.85	83.629776
11966.499573777135	1850	10.87144034421273	0.0	1036454	3963.8742235977634	1.85	80.875505
11969.423551728492	1850	11.947462392854906	0.0	821631	2923.9779513578237	1.85	78.494849
11972.679154450818	1850	12.691859670530091	0.0	923170	3255.6027223248147	1.85	83.7301
11975.924688434214	1850	13.446325687133951	0.0	966699	3245.5339833961416	1.85	86.226021
11979.883561672279	1850	13.487452449068272	0.0	885714	3958.8732380656784	1.85	85.258591
11984.259178249054	1850	13.11183587229415	0.0	987708	4375.616576774122	1.85	79.995224
11987.406237364386	1850	13.964776756960426	0.0	923755	3147.0591153337236	1.85	86.363677
11990.23307678168	1850	15.137937339667225	0.0	891604	2826.8394172932003	1.85	81.773294
11993.198101235133	1850	16.172912886215563	0.0	955231	2965.0244534516614	1.85	79.031768
11996.700229843209	1850	16.670784278139	0.0	968026	3502.128608076562	1.85	73.123347
12001.635212464074	1850	15.735801657273798	0.0	874175	4934.982620865201	1.85	80.700778
12005.058847511968	1850	16.312166609379542	0.0	897976	3423.635047894257	1.85	86.994267
12008.44561491511	1850	16.925399206236172	0.0	905935	3386.7674031433708	1.85	89.133614
12014.067061204005	1850	15.303952917340714	0.0	1076599	5621.446288895458	1.85	90.791041
12017.989280693873	1850	15.381733427472081	0.0	758197	3922.219489868631	1.85	87.50057
12021.4730588941	1200	15.897955227245292	0.0	622896	3483.778200226789	0.5499999999999999	80.053124
12023.199361980105	1200	18.1716521412406	0.0	641447	1726.303086004693	1.2	80.154442
12026.251311641006	1200	19.119702480339857	0.0	570392	3051.949660900743	1.2	78.009495
12028.867893386356	1200	20.503120734988507	0.0	620283	2616.58174535135	1.2	72.909556
12031.615872163886	1200	21.755141957459376	0.0	584349	2747.9787775291334	1.2	79.771897
12035.198961697724	1200	22.172052423622723	0.0	670129	3583.0895338366513	1.2	62.28877
12037.99688455158	1200	23.37412956976811	0.0	690253	2797.922853854612	1.2	87.732581
12040.544010531468	1200	24.827003589878995	0.0	598727	2547.1259798891188	1.2	77.763467
12042.251301458225	1200	27.119712663123522	0.0	487812	1707.2909267554714	1.2	77.846693
12045.494036745855	1850	27.876977375492405	0.0	938587	3242.735287631117	1.2000000000000002	86.593761
12048.681299183123	1850	28.68971493822518	0.0	908665	3187.2624372672262	1.85	82.415248
12052.089481830151	1850	29.28153229119595	0.0	930577	3408.182647029229	1.85	83.556577
12055.709811208977	1850	29.66120291237213	0.0	858450	3620.3293788238225	1.85	92.068418
12061.102180767939	1850	28.2688333534105	0.0	1025005	5392.36955896163	1.85	85.276808
12064.953771239769	1850	28.41724288158029	0.0	886255	3851.590471830212	1.85	78.86339
12068.635806992625	1850	28.735207128725776	0.0	973972	3682.035752854514	1.85	84.84845
12072.258045303804	1850	29.11296881754477	0.0	958994	3622.238311181006	1.85	87.119023
12075.237816540237	1850	30.133197581112732	0.0	982064	2979.771236432039	1.85	86.680563
12077.71896451369	1850	31.652049607661763	0.0	830730	2481.1479734509685	1.85	84.040637
12080.226960805043	1850	33.144053316307634	0.0	846370	2507.9962913541317	1.85	92.020773

