7988.738648217345	750	4.0	9.971750996673139	450283	9971.75099667314	-42.1285292856945	64.858346
7992.222272126578	300	4.516376090767351	0.0	155580	3483.623909232648	-0.15000000000000002	18.412623
7994.507270342126	300	6.23137787521933	0.0	139857	2284.998215548021	0.3	17.596212
7996.308356027979	300	8.430292189365248	0.0	155432	1801.085685854082	0.3	19.997309
7997.795241474867	300	10.943406742477846	0.0	163442	1486.8854468874028	0.3	16.877619
7998.893770036399	300	13.844878180946663	0.0	126289	1098.5285615311818	0.3	18.579568
8001.437554919885	750	15.30109329746057	0.0	352642	2543.7848834860943	0.3	81.00828
8004.411295016795	750	16.327353200550327	0.0	437162	2973.740096910242	0.75	69.475262
8006.814585132714	750	17.924063084631726	0.0	374758	2403.2901159186013	0.75	70.789292
8009.068467705438	750	19.67018051190721	0.0	362795	2253.882572724516	0.75	64.786022
8011.200208584887	750	21.538439632458502	0.0	353220	2131.7408794487055	0.75	70.008689
8013.527712241449	750	23.210935975896277	0.0	405134	2327.503656562225	0.75	59.00323
8021.4290529961645	1850	19.309595221181297	0.0	946851	7901.34075471498	0.75	83.629776
8030.00386655815	1850	14.734781659196239	0.0	1036454	8574.81356198506	1.85	80.875505
8037.6431132678945	1850	11.095534949451173	0.0	821631	7639.246709745066	1.85	78.494849
8041.466256596697	750	11.272391620648731	0.0	366214	3823.14332880244	-0.3500000000000001	58.858709
8043.9103943141445	750	12.82825390320145	0.0	360831	2444.137717447282	0.75	60.531124
8047.115862582574	750	13.622785634772907	0.0	372963	3205.468268428544	0.75	69.564049
8052.633445321242	750	12.105202896104045	0.0	405596	5517.582738668861	0.75	60.564875
8058.627253234161	750	10.111394983184875	0.0	350713	5993.80791291917	0.75	67.172129
8065.510715656382	750	7.227932560963863	0.0	386472	6883.462422221012	0.75	62.777649
8067.918551237677	300	8.820096979669103	0.0	157812	2407.8355812947593	-0.15000000000000002	21.07483
8071.008073243464	300	9.730574973881959	0.0	163927	3089.5220057871434	0.3	16.837774
8073.846894514915	300	10.89175370243043	0.0	137654	2838.8212714515294	0.3	6.466535
8076.843180302699	300	11.895467914646455	0.0	146754	2996.2857877839747	0.3	25.355956
8078.6299446973535	300	14.10870351999217	0.0	153938	1786.7643946542848	0.3	22.855883
8080.004627372824	300	16.73402084452179	0.0	181901	1374.6826754703798	0.3	27.469573
8081.899879509971	750	18.83876870737501	0.0	277716	1895.2521371467801	0.3	68.231907
8084.694111325541	750	20.044536891804693	0.0	400396	2794.231815570318	0.75	69.601487
8087.027170955252	750	21.71147726209326	0.0	400508	2333.0596297114325	0.75	67.821489
8088.712900477621	750	24.0257477397246	0.0	358218	1685.7295223686608	0.75	64.789531
8097.990265780214	1850	18.748382437131244	0.0	954453	9277.365302593356	0.75	83.67714
8104.967441257036	1850	15.771206960310446	0.0	885062	6977.1754768207975	1.85	87.533761
8115.483977762746	1850	9.254670454600296	0.0	1035329	10516.53650571015	1.85	71.430146
8118.951437525532	750	9.787210691813794	0.0	401088	3467.459762786502	-0.3500000000000001	69.915275
8120.885446183382	750	11.8532020339644	0.0	365161	1934.008657849395	0.75	60.276519
8122.247116522628	750	14.491531694717782	0.0	321064	1361.6703392466193	0.75	67.040505
8123.705522105652	750	17.03312611169401	0.0	361565	1458.4055830237699	0.75	66.788635
8128.118364009259	1850	16.620284208087423	0.0	908665	4412.84190360659	0.75	82.415248
8134.725085925882	1850	14.013562291464368	0.0	930577	6606.7219166230525	1.85	83.556577
8142.575409300351	1850	10.163238916995137	0.0	858450	7850.323374469232	1.85	92.068418
8145.8739352974735	750	10.864712919872138	0.0	384505	3298.525997122999	-0.3500000000000001	64.443828
8149.283596024294	750	11.455052193052277	0.0	372093	3409.660726819861	0.75	58.879512
8153.646424467155	750	11.092223750190971	0.0	438281	4362.828442861306	0.75	62.327504
8160.131248349802	750	8.607399867543235	0.0	398987	6484.823882647736	0.75	63.729239
8165.265368743873	300	7.473279473472408	0.0	160064	5134.1203940708265	-0.15000000000000002	27.591437
8169.381231705995	300	7.357416511350887	0.0	137507	4115.8629621215205	0.3	25.36694
8172.869872292125	300	7.868775925219316	0.0	118421	3488.6405861315716	0.3	36.062877

