3905.4839188030764	750	4.0	3.13772266060829	450283	3137.72266060829	-12.742207440615646	64.858346
3906.4537684610336	300	7.0301503420424005	0.0	155580	969.8496579575992	-0.15000000000000002	18.412623
3907.25705275912	300	10.22686604395588	0.0	139857	803.2842980865196	0.3	17.596212
3908.021025891708	300	13.462892911367828	0.0	155432	763.9731325880537	0.3	19.997309
3909.537923237987	750	15.945995565089241	0.0	411561	1516.8973462785877	0.3	51.003805
3910.5941004041847	750	18.889818398891542	0.0	318564	1056.1771661977	0.75	62.986308
3912.745131307203	1850	20.73878749587339	0.0	905515	2151.030903018153	0.75	94.086702
3915.526234916526	1850	21.957683886550505	0.0	1060487	2781.1036093228813	1.85	90.155937
3920.502847871562	2850	20.98107093151456	0.0	1348011	4976.612955035946	1.85	96.808308
3932.2859211750106	2850	13.197997628066034	0.0	1429765	11783.073303448524	2.85	94.962414
3938.487555491873	1200	10.996363311203462	0.0	607410	6201.634316862571	-0.44999999999999996	82.096766
3942.7564413464984	1200	10.727477456578278	0.0	594078	4268.885854625185	1.2	70.906301
3945.1499063466936	1200	12.334012456382975	0.0	624282	2393.4650001953014	1.2	73.534048
3946.713369203021	750	14.770549600055324	0.0	434409	1563.4628563276526	0.3	56.692976
3947.82110869433	750	17.662810108746402	0.0	337059	1107.7394913089217	0.75	54.76216
3948.9316804649275	750	20.552238338149365	0.0	366214	1110.5717705970367	0.75	58.858709
3952.137106606715	1850	21.346812196362052	0.0	966699	3205.426141787315	0.75	86.226021
3956.6871676557093	2850	20.79675114736779	0.0	1358801	4550.061048994263	1.85	92.142023
3961.5140975219497	2850	19.96982128112744	0.0	1537156	4826.929866240346	2.85	89.30989
3965.7613647414432	2850	19.722554061633797	0.0	1336050	4247.267219493644	2.85	93.680429
3971.0058833459357	2850	18.47803545714147	0.0	1415116	5244.5186044923275	2.85	90.785318
3975.666081225262	2850	17.81783757781502	0.0	1468126	4660.197879326449	2.85	89.398189
3979.2785456334077	2850	18.20537316966944	0.0	1505760	3612.464408145579	2.85	85.954529
3982.59426987368	2850	18.889648929397328	0.0	1323990	3315.7242402721085	2.85	89.320458
3986.4284445975404	2850	19.055474205536967	0.0	1383735	3834.1747238603602	2.85	93.348429
3990.449842283659	2850	19.034076519418203	0.0	1480464	4021.397686118767	2.85	97.271626
3994.8141243281343	2850	18.669794474943103	0.0	1547572	4364.282044475099	2.85	97.509012
3997.955326763262	2850	19.528592039815212	0.0	1141971	3141.2024351278924	2.85	93.311238
4002.7923574897627	4300	18.691561313314516	0.0	2134614	4837.030726500694	2.8499999999999996	99.969028
4008.3080915156143	4300	17.175827287463083	0.0	2164140	5515.734025851435	4.3	99.974275
4013.720358975808	4300	15.763559827269372	0.0	2113193	5412.2674601937115	4.3	99.974279
4020.282995744934	4300	13.20092305814297	0.0	2147852	6562.6367691264	4.3	99.974277
4026.584151245597	4300	10.899767557479844	0.0	2191074	6301.155500663125	4.3	99.974275
4037.5294639891854	4300	4.0	0.04554518610841842	2286761	10945.312743588263	4.1041556997338	99.974277
4039.7756714237544	1200	5.753792565430996	0.0	690253	2246.2074345690044	-1.9000000000000001	87.732581
4041.5578463211928	1200	7.971617667992652	0.0	598727	1782.1748974383447	1.2	77.763467
4043.1713068117288	1200	10.358157177456077	0.0	487812	1613.4604905365738	1.2	77.846693
4044.8900827674793	1200	12.639381221705742	0.0	575591	1718.7759557503334	1.2	77.292461
4046.821599765882	1200	14.707864223302687	0.0	605884	1931.5169984030542	1.2	74.001829
4048.528953866854	1200	17.000510122331224	0.0	587506	1707.3541009714666	1.2	72.886388
4052.465864198514	2850	17.06359979067141	0.0	1339500	3936.9103316598125	1.2000000000000002	97.297482
4057.8709012640074	2850	15.658562725177678	0.0	1527299	5405.037065493732	2.85	92.902955
4062.9970436242593	2850	14.532420364926363	0.0	1343002	5126.142360251315	2.85	87.659279
4068.66720522235	2850	12.862258766835819	0.0	1587250	5670.161598090544	2.85	95.172719
4072.7179435448884	2850	12.811520444296933	0.0	1464921	4050.738322538886	2.85	96.481395
4077.7045463682007	2850	11.824917620984696	0.0	1483527	4986.602823312238	2.85	95.602302
4082.1549218619843	2850	11.374542127201254	0.0	1231456	4450.375493783441	2.85	92.485503
4090.8067806040244	4300	6.722683385161141	0.0	2155012	8651.858742040113	2.8499999999999996	99.974274

