53018.18589246215	750	4.0	7.947206251782381	450283	7947.20625178	-33.42298688266424	64.858346
53048.43507537627	2850	4.0	26.249182914123622	1431809	30249.1829141	-112.12148653073157	90.683379
53076.54035397904	2850	4.0	24.105278602773865	1300868	28105.2786028	-100.80269799192762	90.483169
53096.86397998806	2850	4.0	16.32362600902048	1520281	20323.626009	-67.34159183878806	89.788956
53114.088656417174	2850	4.0	13.224676429117945	1472558	17224.6764291	-54.01610864520716	85.928154
53129.094747008065	2850	4.0	11.006090590887817	1224260	15006.0905909	-44.47618954081761	94.229141
53146.78407138652	2850	4.0	13.689324378457204	1388403	17689.3243785	-56.01409482736597	97.582873
53160.4924308959	2850	4.0	9.70835950937964	1638769	13708.3595094	-38.89594589033245	97.908255
53186.02875683895	2850	4.0	21.536325943047846	1348011	25536.325943	-89.75620155510573	96.808308
53220.62859168328	2850	4.0	30.599834844327457	1429765	34599.8348443	-128.72928983060805	94.962414
53241.695105553765	2850	4.0	17.066513870485203	1354548	21066.5138705	-70.53600964308637	95.957675
53257.63658558802	2850	4.0	11.941480034262296	1519951	15941.4800343	-48.49836414732787	92.483401
53276.591167880164	2850	4.0	14.954582292138209	1422919	18954.5822921	-61.45470385619429	93.510922
53294.95679946212	2850	4.0	14.365631581953101	1578343	18365.631582	-58.922215802398334	91.568178
53307.10866147227	2850	4.0	8.151862010160452	1231445	12151.8620102	-32.20300664368994	88.830113
53326.69462532957	2850	4.0	15.585963857293176	1471065	19585.9638573	-64.16964458636066	93.514387
53361.90036510466	2850	4.0	31.205739775089132	1491626	35205.7397751	-131.33468103288325	94.650033
53387.00050204102	2850	4.0	21.100136936356474	1358801	25100.1369364	-87.88058882633284	92.142023
53402.820231064245	2850	4.0	11.819729023223944	1537156	15819.7290232	-47.974834799862954	89.30989
53421.63936769203	2850	4.0	14.819136627776414	1336050	18819.1366278	-60.87228749943858	93.680429
53435.68246030065	2850	4.0	10.043092608631769	1415116	14043.0926086	-40.3352982171166	90.785318
53454.308234714015	2850	4.0	14.625774413359268	1468126	18625.7744134	-60.04082997744485	89.398189
53469.47536542795	2850	4.0	11.167130713931924	1505760	15167.1307139	-45.16866206990727	85.954529
53496.34076655692	2850	4.0	22.865401128967985	1323990	26865.401129	-95.47122485456234	89.320458
53527.30474256408	2850	4.0	26.963976007163517	1383735	30963.9760072	-113.09509683080313	93.348429
53547.83567651648	2850	4.0	16.530933952398286	1480464	20530.9339524	-68.23301599531263	97.271626
53565.49768502041	2850	4.0	13.662008503925714	1547572	17662.0085039	-55.89663656688057	97.509012
53580.11571169804	2850	4.0	10.618026677634377	1141971	14618.0266776	-42.80751471382782	93.311238
53598.69702083688	2850	4.0	14.581309138845423	1498470	18581.3091388	-59.849629297035314	96.041687
53611.8696315868	2850	4.0	9.17261074991593	1561263	13172.6107499	-36.5922262246385	96.863845
53636.27950073323	2850	4.0	20.409869146436368	1341201	24409.8691464	-84.91243732967638	94.816085
53672.359946897515	2850	4.0	32.08044616427649	1497683	36080.4461643	-135.0959185063889	92.910185
53693.46127163259	2850	4.0	17.10132473507674	1358081	21101.3247351	-70.68569636083	95.193139
53709.99505111878	2850	4.0	12.53377948618459	1587293	16533.7794862	-51.04525179059374	81.858634
53729.51534184322	2850	4.0	15.52029072444329	1492672	19520.2907244	-63.88725011510615	99.177905
53746.69430455048	2850	4.0	13.178962707262883	1439896	17178.9627073	-53.81953964123039	97.217465
53758.23206714337	2850	4.0	7.537762592890181	1139291	11537.7625929	-29.562379149427777	93.825455
53776.60679766101	2850	4.0	14.374730517631026	1499009	18374.7305176	-58.961341225813406	93.982147
53809.12560956635	2850	4.0	28.518811905342233	1427478	32518.8119053	-119.7808911929716	90.92969
53837.156074038794	2850	4.0	24.03046447245012	1402287	28030.4644725	-100.48099723153551	91.34334
53851.70469133782	2850	4.0	10.548617299028319	1339500	14548.617299	-42.50905438582177	97.297482
53872.280642429665	2850	4.0	16.57595109184018	1527299	20575.9510918	-68.42658969491278	92.902955
53885.48728765467	2850	4.0	9.206645225007128	1343002	13206.645225	-36.73857446753065	87.659279
53905.565117221166	2850	4.0	16.07782956649518	1587250	20077.8295665	-66.28466713592927	95.172719
53919.811234710796	2850	4.0	10.246117489628222	1464921	14246.1174896	-41.20830520540135	96.481395
53949.81269233195	2850	4.0	26.001457621146198	1483527	30001.4576211	-108.95626777092865	95.602302
53977.54390662609	2850	4.0	23.731214294142337	1231456	27731.2142941	-99.19422146481205	92.485503
53997.84342647038	2850	4.0	16.299519844292803	1364537	20299.5198443	-67.23793533045905	97.895096

