10378.187622495016	750	4.0	2.322935537655054	450283	2322.935537655054	-9.238622811916732	64.858346
10379.265512664395	300	6.922109830622425	0.0	155580	1077.8901693775754	-0.15000000000000002	18.412623
10386.3498189508	1850	4.0	0.16219645578340713	877771	7084.306286405832	-0.3974447598686506	82.465457
10387.440386702374	300	6.909432248427459	0.0	155432	1090.5677515725408	-1.25	19.997309
10393.842706402165	1850	4.507112548634406	0.0	996749	6402.319699793054	0.30000000000000004	75.455188
10394.757815508023	300	7.5920034427773695	0.0	126289	915.1091058570358	-1.25	18.579568
10399.184998118304	1200	7.164820832496838	0.0	561791	4427.182610280532	0.29999999999999993	89.177904
10405.052517594217	1200	5.297301356584656	0.0	709534	5867.519475912182	1.2	82.426144
10406.205163652405	300	8.144655298396641	0.0	150710	1152.6460581880146	-0.6000000000000001	28.497356
10408.43354632853	750	9.916272622272496	0.0	362795	2228.382676124145	0.3	64.786022
10410.82447274921	750	11.525346201592386	0.0	353220	2390.926420680108	0.75	70.008689
10413.631727038977	750	12.718091911824166	0.0	405134	2807.2542897682224	0.75	59.00323
10416.158279198053	750	14.191539752748632	0.0	386351	2526.552159075535	0.75	59.358241
10419.80230013395	750	14.547518816852552	0.0	434409	3644.0209358960783	0.75	56.692976
10422.441077650235	750	15.908741300566499	0.0	337059	2638.777516286054	0.75	54.76216
10427.942739985694	750	14.407078965109081	0.0	366214	5501.662335457417	0.75	58.858709
10429.700416709547	300	16.64940224125377	0.0	143509	1757.6767238553114	-0.15000000000000002	18.452936
10431.110243130628	300	19.239575820173282	0.0	150616	1409.8264210804862	0.3	35.116669
10433.546491808791	750	20.803327142010353	0.0	405596	2436.248678162931	0.3	60.564875
10434.925902278213	750	23.42391667258819	0.0	350713	1379.4104694221598	0.75	67.172129
10436.551986291679	750	25.797832659122292	0.0	386472	1626.0840134658984	0.75	62.777649
10439.563172219321	1200	26.786646731480086	0.0	616206	3011.185927642208	0.75	68.532883
10445.085150517978	750	25.264668432823107	0.0	401853	5521.978298656979	0.3	47.960406
10447.67859537884	750	26.67122357196104	0.0	343800	2593.4448608620664	0.75	55.451197
10449.78271665232	750	28.56710229848121	0.0	359903	2104.1212734798305	0.75	66.786337
10451.642266959268	750	30.707551991533013	0.0	379700	1859.5503069481967	0.75	66.676537
10454.691710850228	1200	31.658108100573354	0.0	696376	3049.443890959659	0.75	80.745588
10456.61005266547	1200	33.739766285331484	0.0	487160	1918.3418152418692	1.2	80.893459
10460.827838290415	1850	33.52198066038624	0.0	972798	4217.785624945242	1.2000000000000002	88.832031
10464.886264070508	1850	33.463554880292634	0.0	975811	4058.4257800936034	1.85	89.334885
10468.507037822636	1850	33.8427811281655	0.0	873429	3620.7737521271324	1.85	87.120667
10474.81630894229	2850	31.53351000851184	0.0	1497683	6309.271119653661	1.85	92.910185
10480.166659740407	2850	30.183159210394383	0.0	1358081	5350.350798117457	2.85	95.193139
10486.483201436193	2850	27.866617514608542	0.0	1587293	6316.541695785842	2.85	81.858634
10492.704682861771	2850	25.645136089031013	0.0	1492672	6221.481425577528	2.85	99.177905
10499.329731694988	2850	23.020087255813632	0.0	1439896	6625.04883321738	2.85	97.217465
10506.544458713382	2850	19.80536023742035	0.0	1139291	7214.727018393283	2.85	93.825455
10516.321136219602	2850	14.028682731200682	0.0	1499009	9776.677506219665	2.85	93.982147
10520.846527526766	1850	13.503291424036211	0.0	908665	4525.39130716447	0.8500000000000001	82.415248
10526.129794860086	1850	12.220024090716102	0.0	930577	5283.267333320109	1.85	83.556577
10530.533447108219	1850	11.816371842582477	0.0	858450	4403.652248133625	1.85	92.068418
10536.275619758855	1850	10.074199191944858	0.0	1025005	5742.172650637619	1.85	85.276808
10541.917222115873	1850	8.432596834928734	0.0	886255	5641.602357016125	1.85	78.86339
10547.542490627358	1850	6.80732832344336	0.0	973972	5625.268511485374	1.85	84.84845
10551.627947906158	1850	6.721871044644346	0.0	958994	4085.4572787990137	1.85	87.119023
10555.710880059602	1850	6.638938891200208	0.0	982064	4082.932153444138	1.85	86.680563
10560.053270093878	1850	6.2965488569230965	0.0	830730	4342.390034277112	1.85	84.040637
10565.463866735623	1850	4.885952215180345	0.0	846370	5410.596641742752	1.85	92.020773

