1812.3059318040964	750	4.0	1.5754002818435975	450283	1575.4002818435974	-6.024221211927469	64.858346
1813.148553561447	300	7.157378242649309	0.0	155580	842.6217573506916	-0.15000000000000002	18.412623
1817.8816436976854	2850	6.424288106410935	0.0	1300868	4733.090136238374	0.30000000000000027	90.483169
1828.7060292763135	2850	4.0	4.400097472217314	1520281	10824.38557862825	-16.070419130534447	89.788956
1830.0460597813194	300	6.6599694949941055	0.0	163442	1340.030505005894	-2.25	16.877619
1834.3669316332475	1850	6.3390976430659896	0.0	801058	4320.8718519281165	0.30000000000000004	86.249306
1839.1231536978703	1850	5.582875578443279	0.0	905515	4756.222064622711	1.85	94.086702
1839.9993769351245	300	8.706652341189152	0.0	173849	876.2232372541271	-1.25	35.451274
1842.6698780646789	1200	10.036151211634502	0.0	584846	2670.5011295546497	0.29999999999999993	82.430225
1845.4209599275628	1200	11.285069348750646	0.0	560821	2751.0818628838556	1.2	76.960357
1848.667094937936	1200	12.038934338377386	0.0	607410	3246.1350103732602	1.2	82.096766
1850.8361816071624	750	13.869847669151135	0.0	405134	2169.086669226252	0.3	59.00323
1854.0452799553577	1200	14.660749320955613	0.0	624282	3209.0983481955222	0.75	73.534048
1856.047382696771	750	16.65864657954251	0.0	434409	2002.1027414131013	0.3	56.692976
1858.689734982382	1200	18.016294293931285	0.0	526950	2642.352285611225	0.75	67.735752
1862.5140963753583	1200	18.191932900955045	0.0	587876	3824.3613929762405	1.2	72.569044
1864.6101537866307	750	20.095875489682673	0.0	360831	2096.0574112723716	0.3	60.531124
1866.607806362856	750	22.09822291345717	0.0	372963	1997.6525762255005	0.75	69.564049
1869.5576334250345	1200	23.14839585127882	0.0	639204	2949.8270621783527	0.75	72.000653
1872.296975959512	1200	24.40905331680131	0.0	586839	2739.3425344775096	1.2	79.134663
1875.5247983692943	1200	25.181230907019334	0.0	601738	3227.8224097819775	1.2	74.235946
1877.6166948163645	750	27.089334459949168	0.0	399894	2091.896447070165	0.3	55.443233
1880.6525504013446	1200	28.053478874969016	0.0	656471	3035.855584980152	0.75	63.455907
1882.2147818223675	750	30.49124745394608	0.0	343800	1562.2314210229335	0.3	55.451197
1884.8373393435343	1200	31.86868993277937	0.0	587236	2622.5575211667137	0.75	78.698824
1887.885676070874	1200	32.820353205439666	0.0	590335	3048.3367273397093	1.2	79.644231
1893.4158560189983	1850	31.290173257315544	0.0	1076599	5530.179948124116	1.2000000000000002	90.791041
1897.701060130656	1850	31.00496914565778	0.0	758197	4285.204111657766	1.85	87.50057
1902.4756260983117	1850	30.230403178001957	0.0	972798	4774.5659676558225	1.85	88.832031
1906.322960186939	1850	30.383069089374747	0.0	975811	3847.3340886272117	1.85	89.334885
1909.8054698578003	1850	30.900559418513375	0.0	873429	3482.50967086137	1.85	87.120667
1914.5455480098092	1850	30.160481266504533	0.0	954453	4740.078152008841	1.85	83.67714
1920.3994219977212	1850	28.30660727859238	0.0	885062	5853.873987912151	1.85	87.533761
1925.865782609511	1850	26.840246666802695	0.0	1035329	5466.36061178969	1.85	71.430146
1930.1998646055954	1850	26.5061646707183	0.0	1026056	4334.081996084395	1.85	97.037422
1935.6552602264826	1850	25.050769049831164	0.0	943942	5455.395620887135	1.85	90.168439
1939.62263515986	1850	25.083394116453825	0.0	728962	3967.37493337734	1.85	86.066994
1943.9184376689932	1850	24.78759160732049	0.0	938587	4295.802509133333	1.85	86.593761
1947.8131316335316	1850	24.892897642782085	0.0	908665	3894.693964538406	1.85	82.415248
1954.982025324621	1850	21.72400395169257	0.0	930577	7168.893691089519	1.85	83.556577
1960.2105101055095	1850	20.49551917080408	0.0	858450	5228.484780888488	1.85	92.068418
1965.8938476457843	1850	18.812181630529324	0.0	1025005	5683.337540274757	1.85	85.276808
1969.4691096699478	1850	19.2369196063658	0.0	886255	3575.2620241635277	1.85	78.86339
1975.5010323384804	1850	17.20499693783299	0.0	973972	6031.922668532808	1.85	84.84845
1980.629527653762	1850	16.076501622551458	0.0	958994	5128.495315281533	1.85	87.119023
1985.441263580446	1850	15.264765695867347	0.0	982064	4811.735926684113	1.85	86.680563
1989.0668340703905	1850	15.639195205923027	0.0	830730	3625.570489944321	1.85	84.040637
1992.971412143654	1850	15.734617132659361	0.0	846370	3904.5780732636654	1.85	92.020773

