22354.35180429737	750	4.0	12.266701258043659	450283	12266.701258043659	-51.99681540958773	64.858346
22358.983724827627	300	4.0	0.6319205302601922	155580	4631.920530260192	-2.867258280118827	18.412623
22362.03155649396	300	4.952168333667658	0.0	139857	3047.8316663323417	0.3	17.596212
22365.3010329312	300	5.682691896429397	0.0	155432	3269.4764372382615	0.3	19.997309
22368.658308352005	300	6.325416475623024	0.0	163442	3357.275420806372	0.3	16.877619
22370.786073817053	300	8.19765101057458	0.0	126289	2127.765465048444	0.3	18.579568
22372.99140028521	300	9.99232454241477	0.0	153295	2205.326468159809	0.3	42.291519
22375.187761350884	300	11.795963476741463	0.0	173849	2196.3610656733085	0.3	35.451274
22376.995767680844	300	13.987957146781996	0.0	150710	1808.006329959466	0.3	28.497356
22378.667505883906	300	16.316218943722877	0.0	139105	1671.7382030591195	0.3	21.660501
22380.11410881024	300	18.86961601738669	0.0	141840	1446.6029263361888	0.3	2.177717
22384.30698608856	750	18.676738739070498	0.0	405134	4192.877278316193	0.3	59.00323
22388.248193281688	750	18.735531545942337	0.0	386351	3941.20719312816	0.75	59.358241
22393.499436083883	750	17.48428874374674	0.0	434409	5251.242802195597	0.75	56.692976
22397.785613696098	750	17.19811113153032	0.0	337059	4286.177612216421	0.75	54.76216
22402.729909225982	750	16.25381560164863	0.0	366214	4944.295529881691	0.75	58.858709
22406.51094896535	750	16.472775862277697	0.0	360831	3781.039739370931	0.75	60.531124
22410.67449280886	750	16.309232018768387	0.0	372963	4163.543843509309	0.75	69.564049
22416.045983270164	750	14.937741557463589	0.0	405596	5371.4904613047975	0.75	60.564875
22421.125904784796	750	13.857820042831849	0.0	350713	5079.921514631739	0.75	67.172129
22423.714156985705	750	15.269567841922902	0.0	386472	2588.2522009089475	0.75	62.777649
22426.640905910044	750	16.342818917583244	0.0	399894	2926.7489243396562	0.75	55.443233
22429.672075969374	750	17.31164885825245	0.0	401853	3031.1700593307937	0.75	47.960406
22431.93239611233	750	19.051328715297416	0.0	343800	2260.320142955035	0.75	55.451197
22434.674523286358	750	20.30920154126884	0.0	359903	2742.1271740285733	0.75	66.786337
22438.58941821455	1200	20.394306613076868	0.0	590335	3914.8949281919745	0.75	79.644231
22443.25264466074	1200	19.731080166884233	0.0	696376	4663.226446192635	1.2	80.745588
22446.711876585865	1200	20.271848241763074	0.0	487160	3459.2319251211607	1.2	80.893459
22451.322915387052	1200	19.660809440572304	0.0	622896	4611.038801190766	1.2	80.053124
22455.078097763773	1200	19.90562706385362	0.0	641447	3755.1823767186866	1.2	80.154442
22458.754619202162	1200	20.229105625465266	0.0	570392	3676.5214383883535	1.2	78.009495
22462.610615335812	1200	20.373109491816894	0.0	620283	3855.9961336483725	1.2	72.909556
22468.67231506866	1850	18.311409758970527	0.0	885062	6061.699732846366	1.2000000000000002	87.533761
22476.925640737412	1850	14.058084090216774	0.0	1035329	8253.325668753754	1.85	71.430146
22486.668525199693	1850	8.315199627933245	0.0	1026056	9742.884462283528	1.85	97.037422
22492.36290193764	1200	6.620822889988065	0.0	598727	5694.37673794518	0.5499999999999999	77.763467
22494.10523083766	750	8.878493989963344	0.0	321064	1742.3289000247205	0.3	67.040505
22496.403158377783	750	10.580566449845206	0.0	361565	2297.9275401181376	0.75	66.788635
22498.61315925087	750	12.370565576758741	0.0	378327	2210.0008730864656	0.75	62.32333
22500.739786906783	750	14.243937920841157	0.0	390680	2126.627655917584	0.75	61.525566
22507.25176115612	1200	11.731963671505287	0.0	566904	6511.974249335869	0.75	86.974261
22519.16539312775	1200	4.0	0.18166830012483662	641452	11913.631971630124	0.41882630946320254	75.706383
22521.915585716884	300	5.249807410866594	0.0	145210	2750.192589133406	-0.6000000000000001	23.926655
22523.429198362268	300	7.73619476548134	0.0	172312	1513.612645385254	0.3	26.146503
22524.617434740485	300	10.547958387267737	0.0	167025	1188.2363782136022	0.3	26.908827
22525.96133021085	300	13.204062916901265	0.0	160064	1343.8954703664724	0.3	27.591437
22527.622527267904	300	15.542865859846582	0.0	137507	1661.1970570546823	0.3	25.36694
22535.319057838453	1200	11.846335289299255	0.0	550906	7696.5305705473265	0.29999999999999993	86.366143

