14113.2890061193	750	4.0	2.855960794164828	450283	2855.9607941648283	-11.530631414908761	64.858346
14114.098018103503	300	7.1909880157968455	0.0	155580	809.011984203154	-0.15000000000000002	18.412623
14117.55226169707	1850	7.73674442222857	0.0	877771	3454.2435935682747	0.30000000000000004	82.465457
14122.739385389716	1850	6.549620729583758	0.0	933276	5187.123692644813	1.85	78.955826
14128.791746985095	1850	4.497259134204506	0.0	996749	6052.361595379251	1.85	75.455188
14129.41783472495	300	7.871171394346692	0.0	126289	626.0877398578141	-1.25	18.579568
14132.79375608729	1850	8.495250032007409	0.0	905515	3375.921362339283	0.30000000000000004	94.086702
14137.162663229434	1850	8.126342889863295	0.0	1060487	4368.907142144113	1.85	90.155937
14138.990329520975	1200	10.298676598322016	0.0	584846	1827.6662915412803	0.5499999999999999	82.430225
14142.56540964713	1850	10.72359647216627	0.0	913888	3575.080126155746	1.2000000000000002	86.733288
14145.232358768551	1200	12.056647350745756	0.0	607410	2666.9491214205127	0.5499999999999999	82.096766
14147.23534916265	750	14.053656956644808	0.0	405134	2002.990394100946	0.3	59.00323
14150.831730734833	1200	14.457275384463566	0.0	624282	3596.381572181243	0.75	73.534048
14153.396393641535	750	15.892612477761835	0.0	434409	2564.6629067017316	0.3	56.692976
14155.259450431877	750	18.02955568742079	0.0	337059	1863.0567903410426	0.75	54.76216
14158.103251188106	1200	19.18575493119145	0.0	587876	2843.8007562293387	0.75	72.569044
14161.401321590307	1200	19.88768452899053	0.0	617242	3298.0704022009227	1.2	75.662786
14164.078917703542	750	21.210088415754168	0.0	372963	2677.59611323636	0.3	69.564049
14167.110722305333	750	22.178283813964537	0.0	405596	3031.804601789634	0.75	60.564875
14169.664355673007	750	23.624650446290545	0.0	350713	2553.6333676739905	0.75	67.172129
14172.266424478912	750	25.022581640385482	0.0	386472	2602.068805905062	0.75	62.777649
14174.962157136011	750	26.32684898328547	0.0	399894	2695.732657100014	0.75	55.443233
14177.500594551628	750	27.78841156766964	0.0	401853	2538.437415615826	0.75	47.960406
14179.492758215581	750	29.796247903716726	0.0	343800	1992.1636639529158	0.75	55.451197
14182.603455429848	1200	30.68555068945089	0.0	587236	3110.697214265839	0.75	78.698824
14188.529410561534	1200	28.759595557765348	0.0	590335	5925.9551316855395	1.2	79.644231
14193.661947647717	1200	27.627058471581446	0.0	696376	5132.5370861839	1.2	80.745588
14198.379279768937	1200	26.90972635036169	0.0	487160	4717.332121219756	1.2	80.893459
14204.06034356564	1200	25.228662553658648	0.0	622896	5681.063796703045	1.2	80.053124
14211.058045496755	1200	22.23096062254377	0.0	641447	6997.701931114881	1.2	80.154442
14214.287808123185	750	23.001197996114506	0.0	358218	3229.7626264292617	0.3	64.789531
14218.848930836304	1200	22.440075282993384	0.0	620283	4561.122713121121	0.75	72.909556
14222.04572197394	1200	23.24328414535679	0.0	584349	3196.7911376365937	1.2	79.771897
14232.84397620655	1200	16.44502991274648	0.0	670129	10798.254232610308	1.2	62.28877
14235.64812099183	750	17.64088512746618	0.0	401088	2804.144785280304	0.3	69.915275
14239.12065860862	1200	18.168347510677364	0.0	598727	3472.5376167888144	0.75	77.763467
14241.713449395913	1200	19.575556723383432	0.0	487812	2592.7907872939327	1.2	77.846693
14244.538549717174	1200	20.750456402124524	0.0	575591	2825.100321258908	1.2	77.292461
14246.777164962297	1200	22.51184115699983	0.0	605884	2238.6152451246967	1.2	74.001829
14250.019367382669	1850	23.269638736628742	0.0	930577	3242.2024203710853	1.2000000000000002	83.556577
14252.967270010873	1850	24.32173610842236	0.0	858450	2947.902628206381	1.85	92.068418
14257.741752354765	2850	23.547253764531522	0.0	1527299	4774.482343890839	1.85	92.902955
14261.28122553082	2850	24.0077805884774	0.0	1343002	3539.473176054123	2.85	87.659279
14265.91237421896	2850	23.376631900336907	0.0	1587250	4631.148688140494	2.85	95.172719
14271.528650395085	2850	21.760355724214403	0.0	1464921	5616.276176122504	2.85	96.481395
14277.480710467791	2850	19.808295651508292	0.0	1483527	5952.06007270611	2.85	95.602302
14285.030991428936	2850	16.2580146903628	0.0	1231456	7550.280961145494	2.85	92.485503
14292.057599536301	2850	13.231406582996653	0.0	1364537	7026.608107366145	2.85	97.895096

