30748.351906579544	750	4.0	3.478694088168143	450283	3478.69408817	-14.208384579123015	64.858346
30756.830564837088	2850	4.0	4.478658257542334	1431809	8478.65825754	-18.50823050743204	90.683379
30771.499167153317	2850	4.0	10.66860231623135	1300868	14668.6023162	-43.0249899597948	90.483169
30792.26410320954	2850	4.0	16.764936056221043	1520281	20764.9360562	-69.23922504175049	89.788956
30807.417989355214	2850	4.0	11.15388614567359	1472558	15153.8861457	-45.111710426396435	85.928154
30819.741622016332	2850	4.0	8.323632661119145	1224260	12323.6326611	-32.94162044281232	94.229141
30831.314401770065	2850	4.0	7.57277975373327	1388403	11572.7797537	-29.71295294105306	97.582873
30846.1733828056	2850	4.0	10.858981035531633	1638769	14858.9810355	-43.84361845278602	97.908255
30858.96301282125	2850	4.0	8.78963001565183	1348011	12789.6300157	-34.94540906730287	96.808308
30874.291587032687	2850	4.0	11.328574211437218	1429765	15328.5742114	-45.86286910918003	94.962414
30888.27284169547	2850	4.0	9.981254662782282	1354548	13981.2546628	-40.06939504996381	95.957675
30903.277449719546	2850	4.0	11.004608024075225	1519951	15004.6080241	-44.469814503523466	92.483401
30915.15477788993	2850	4.0	7.877328170384367	1422919	11877.3281704	-31.022511132652774	93.510922
30929.67927740841	2850	4.0	10.524499518481973	1578343	14524.4995185	-42.40534792947248	91.568178
30939.805263509857	2850	4.0	6.125986101446854	1231445	10125.9861014	-23.491740236221467	88.830113
30956.53539471272	2850	4.0	12.730131202860928	1471065	16730.1312029	-51.88956417230199	93.514387
30979.65128563738	2850	4.0	19.11589092466127	1491626	23115.8909247	-79.34833097604346	94.650033
30990.974854945667	2850	4.0	7.323569308284394	1358801	11323.5693083	-28.64134802562289	92.142023
31003.72774887171	2850	4.0	8.752893926043663	1537156	12752.893926	-34.78744388198775	89.30989
31021.92367869653	2850	4.0	14.195929824821407	1336050	18195.9298248	-58.19249824673205	93.680429
31049.017993114085	2850	4.0	23.094314417552873	1415116	27094.3144176	-96.45555199547735	90.785318
31065.64447944392	2850	4.0	12.626486329835824	1468126	16626.4863298	-51.44389121829404	89.398189
31074.601232899826	2850	4.0	4.956753455907163	1505760	8956.75345591	-18.464039860400796	85.954529
31090.16473657949	2850	4.0	11.563503679664036	1323990	15563.5036797	-46.873065822555354	89.320458
31109.340707362757	2850	4.0	15.175970783265832	1383735	19175.9707833	-62.40667436804308	93.348429
31124.460653038263	2850	4.0	11.119945675507118	1480464	15119.9456755	-44.96576640468061	97.271626
31139.256120369366	2850	4.0	10.795467331102705	1547572	14795.4673311	-43.57050952374163	97.509012
31149.031556059766	2850	4.0	5.775435690398322	1141971	9775.4356904	-21.984373468712782	93.311238
31162.58118221293	2850	4.0	9.549626153164285	1498470	13549.6261532	-38.21339245860642	96.041687
31177.57681523626	2850	4.0	10.995633023332617	1561263	14995.6330233	-44.43122200033025	96.863845
31191.872258592393	2850	4.0	10.295443356129582	1341201	14295.4433561	-41.4204064313572	94.816085
31207.074558657678	2850	4.0	11.202300065283449	1497683	15202.3000653	-45.31989028071883	92.910185
31220.646304686514	2850	4.0	9.571746028835678	1358081	13571.7460288	-38.30850792399341	95.193139
31234.766129247324	2850	4.0	10.119824560811441	1587293	14119.8245608	-40.66524561148919	81.858634
31247.528154236683	2850	4.0	8.762024989360675	1492672	12762.0249894	-34.8267074542509	99.177905
31259.56581571827	2850	4.0	8.037661481587499	1439896	12037.6614816	-31.711944370826238	97.217465
31273.50307624369	2850	4.0	9.93726052541902	1139291	13937.2605254	-39.88022025930179	93.825455
31296.3667168833	2850	4.0	18.863640639610914	1499009	22863.6406396	-78.26365475032694	93.982147
31308.56302158345	2850	4.0	8.196304700145646	1427478	12196.3047001	-32.39411021062627	90.92969
31320.255918597748	2850	4.0	7.692897014295793	1402287	11692.8970143	-30.229457161471906	91.34334
31337.21024493887	2850	4.0	12.95432634112216	1339500	16954.3263411	-52.85360326682528	97.297482
31366.57218975675	2850	4.0	25.361944817879007	1527299	29361.9448179	-106.20636271687972	92.902955
31382.16119957718	2850	4.0	11.58900982043185	1343002	15589.0098204	-46.982742227856946	87.659279
31391.77763858547	2850	4.0	5.616439008290981	1587250	9616.43900829	-21.300687735651216	95.172719
31409.15084689591	2850	4.0	13.373208310441226	1464921	17373.2083104	-54.65479573489727	96.481395
31427.971090642965	2850	4.0	14.820243747054828	1483527	18820.2437471	-60.87704811233576	95.602302
31441.51904142156	2850	4.0	9.547950778596961	1231456	13547.9507786	-38.20618834796693	92.485503
31454.97857386856	2850	4.0	9.459532446998415	1364537	13459.532447	-37.82598952209318	97.895096

