7081.6793159596755	750	4.0	1.9680897620528024	450283	1968.0897620528024	-7.71278597682705	64.858346
7083.898089574943	750	5.781226384733127	0.0	398865	2218.7736152668726	0.75	57.017244
7085.573548826239	750	8.105767133436677	0.0	350812	1675.4592512964498	0.75	60.430767
7087.009167539472	750	10.670148420202866	0.0	382355	1435.6187132338102	0.75	55.551349
7089.2601415941335	1200	12.419174365542114	0.0	652874	2250.974054660752	0.75	64.23322
7091.890264332158	1850	13.789051627517397	0.0	801058	2630.1227380247155	1.2000000000000002	86.249306
7095.07925273706	1850	14.600063222615358	0.0	905515	3188.9884049020407	1.85	94.086702
7107.976467217106	1850	5.702848742570186	0.0	1060487	12897.214480045172	1.85	90.155937
7109.141099935472	300	8.538216024203688	0.0	150710	1164.632718366498	-1.25	28.497356
7109.960867913764	300	11.718448045911945	0.0	139105	819.7679782917427	0.3	21.660501
7110.5407239824735	300	15.138591977201934	0.0	141840	579.8560687100098	0.3	2.177717
7111.218397589309	300	18.460918370367384	0.0	156148	677.6736068345483	0.3	19.431299
7111.945195971927	300	21.734119987747576	0.0	160746	726.7983826198074	0.3	21.445722
7116.1493192484895	1850	21.529996711185703	0.0	1036454	4204.123276561873	0.30000000000000004	80.875505
7119.133682129169	1850	22.545633830506222	0.0	821631	2984.362880679482	1.85	78.494849
7122.510181344131	1850	23.169134615543985	0.0	923170	3376.4992149622385	1.85	83.7301
7129.551380311924	2850	20.127935647750522	0.0	1491626	7041.198967793464	1.85	94.650033
7139.092959884026	2850	14.58635607564848	0.0	1358801	9541.57957210204	2.85	92.142023
7144.855306585888	1850	12.824009373786845	0.0	987708	5762.346701861637	0.8500000000000001	79.995224
7149.011050864402	1850	12.668265095271792	0.0	923755	4155.744278515052	1.85	86.363677
7151.58673765873	1200	14.092578300943426	0.0	601738	2575.6867943283664	0.5499999999999999	74.235946
7155.432140472525	1200	14.247175487148953	0.0	616206	3845.402813794474	1.2	68.532883
7158.063103092043	1200	15.616212867630686	0.0	656471	2630.9626195182673	1.2	63.455907
7163.606101250391	1850	14.073214709282826	0.0	874175	5542.998158347858	1.2000000000000002	80.700778
7168.069956073436	1850	13.609359886237462	0.0	897976	4463.854823045365	1.85	86.994267
7172.027560496479	1850	13.651755463194128	0.0	905935	3957.6044230433336	1.85	89.133614
7177.565989067005	1850	12.11332689266837	0.0	1076599	5538.428570525758	1.85	90.791041
7184.566091779115	1850	9.113224180558587	0.0	758197	7000.102712109782	1.85	87.50057
7187.807503454257	1200	9.871812505416434	0.0	622896	3241.4116751421543	0.5499999999999999	80.053124
7191.42559491961	1200	10.253721040062523	0.0	641447	3618.091465353911	1.2	80.154442
7193.838940541807	1200	11.840375417866746	0.0	570392	2413.3456221957763	1.2	78.009495
7197.903252229764	1200	11.776063729908921	0.0	620283	4064.311687957824	1.2	72.909556
7202.230805112663	1200	11.448510847010057	0.0	584349	4327.552882898864	1.2	79.771897
7205.447208083034	1200	12.232107876638823	0.0	670129	3216.402970371232	1.2	62.28877
7208.341892405429	1200	13.337423554243367	0.0	690253	2894.6843223954565	1.2	87.732581
7211.016339341378	1200	14.662976618294605	0.0	598727	2674.4469359487616	1.2	77.763467
7215.152083626837	1850	14.527232332834858	0.0	728962	4135.744285459748	1.2000000000000002	86.066994
7220.234163831576	1850	13.445152128096696	0.0	938587	5082.080204738162	1.85	86.593761
7224.4433537996865	1850	13.235962159985727	0.0	908665	4209.189968110968	1.85	82.415248
7227.786974275285	1850	13.892341684387837	0.0	930577	3343.6204755978906	1.85	83.556577
7231.89493407548	1850	13.784381884193134	0.0	858450	4107.959800194701	1.85	92.068418
7236.821477521403	1850	12.857838438270154	0.0	1025005	4926.543445922982	1.85	85.276808
7240.672995767238	1850	13.006320192435203	0.0	886255	3851.518245834951	1.85	78.86339
7244.668955511709	1850	13.010360447964132	0.0	973972	3995.9597444710703	1.85	84.84845
7249.103287143384	1850	12.576028816289476	0.0	958994	4434.331631674658	1.85	87.119023
7254.826964126003	2850	10.852351833669227	0.0	1483527	5723.676982620249	1.85	95.602302
7258.607881691567	2850	11.071434268105683	0.0	1231456	3780.9175655635436	2.85	92.485503
7263.022879958773	2850	10.656436000899554	0.0	1364537	4414.998267206131	2.85	97.895096

