32263.264311795607	750	4.0	4.010168074006698	450283	4010.16807401	-16.4937227182288	64.858346
32271.64578221722	2850	4.0	4.3814704216136215	1431809	8381.47042161	-18.09032281293857	90.683379
32278.260017566092	2850	4.0	2.614235348873013	1300868	6614.23534887	-8.391212000153956	90.483169
32284.801887313453	2850	4.0	2.5418697473608183	1520281	6541.86974736	-8.080039913651518	89.788956
32293.447157171304	2850	4.0	4.645269857854946	1472558	8645.26985785	-17.124660388776267	85.928154
32299.28233555321	2850	4.0	1.8351783819032672	1224260	5835.1783819	-5.041267042184048	94.229141
32305.490721649763	2850	4.0	2.2083860965517714	1388403	6208.38609655	-6.646060215172618	97.582873
32313.108049605777	2850	4.0	3.617327956013481	1638769	7617.32795601	-12.704510210857967	97.908255
32320.158565211692	2850	4.0	3.050515605914704	1348011	7050.51560591	-10.267217105433227	96.808308
32328.973238885992	2850	4.0	4.814673674299724	1429765	8814.6736743	-17.85309679948881	94.962414
32336.63249145182	2850	4.0	3.659252565827939	1354548	7659.25256583	-12.884786033060138	95.957675
32345.278732356306	2850	4.0	4.646240904486194	1519951	8646.24090449	-17.12883588929063	92.483401
32356.749452353037	2850	4.0	7.470719996733529	1422919	11470.7199967	-29.274095985954176	93.510922
32374.43215448741	2850	4.0	13.682702134375267	1578343	17682.7021344	-55.985619177813646	91.568178
32386.67518923574	2850	4.0	8.243034748328387	1231445	12243.0347483	-32.59504941781206	88.830113
32401.145716302475	2850	4.0	10.470527066735801	1471065	14470.5270667	-42.173266386963945	93.514387
32416.818318346388	2850	4.0	11.672602043910391	1491626	15672.6020439	-47.34218878881468	94.650033
32430.151633534173	2850	4.0	9.333315187784567	1358801	13333.3151878	-37.28325530747364	92.142023
32446.457922696925	2850	4.0	12.306289162753034	1537156	16306.2891628	-50.06704339983804	89.30989
32455.886832690867	2850	4.0	5.428909993944528	1336050	9428.90999394	-20.494312973961467	93.680429
32466.85910654863	2850	4.0	6.972273857762644	1415116	10972.2738578	-27.130777588379367	90.785318
32479.060939475017	2850	4.0	8.201832926388365	1468126	12201.8329264	-32.41788158346996	89.398189
32495.249384003906	2850	4.0	12.188444528889017	1505760	16188.4445289	-49.560311474222765	85.954529
32508.45067567815	2850	4.0	9.20129167424046	1323990	13201.2916742	-36.71555419923398	89.320458
32524.1893421935	2850	4.0	11.73866651535217	1383735	15738.6665154	-47.62626601601433	93.348429
32543.414971212896	2850	4.0	15.22562901939809	1480464	19225.6290194	-62.620204783411786	97.271626
32555.6468729306	2850	4.0	8.231901717705265	1547572	12231.9017177	-32.54717738613264	97.509012
32566.97786766347	2850	4.0	7.330994732869725	1141971	11330.9947329	-28.673277351339816	93.311238
32580.296653476104	2850	4.0	9.318785812634085	1498470	13318.7858126	-37.22077899432656	96.041687
32589.412087177916	2850	4.0	5.115433701814871	1561263	9115.43370181	-19.14636491780394	96.863845
32596.267697754178	2850	4.0	2.855610576260541	1341201	6855.61057626	-9.429125477920326	94.816085
32602.563471389363	2850	4.0	2.295773635186664	1497683	6295.77363519	-7.021826631302655	92.910185
32610.750465895195	2850	4.0	4.186994505829768	1358081	8186.99450583	-15.154076375068	95.193139
32618.06300221368	2850	4.0	3.3125363184860523	1587293	7312.53631849	-11.393906169490025	81.858634
32624.74765677142	2850	4.0	2.68465455773748	1492672	6684.65455774	-8.694014598271163	99.177905
32631.748207120258	2850	4.0	3.0005503488414815	1439896	7000.55034884	-10.05236650001837	97.217465
32637.776359321415	2850	4.0	2.0281522011572077	1139291	6028.15220116	-5.871054464975993	93.825455
32646.965703568174	2850	4.0	5.189344246758834	1499009	9189.34424676	-19.464180261062985	93.982147
32655.176975425242	2850	4.0	4.211271857066761	1427478	8211.27185707	-15.25846898538707	90.92969
32663.03793052948	2850	4.0	3.860955104238009	1402287	7860.95510424	-13.752106948223437	91.34334
32673.91346848356	2850	4.0	6.875537954077443	1339500	10875.5379541	-26.714813202533005	97.297482
32690.752768874623	2850	4.0	12.839300391064283	1527299	16839.3003911	-52.35899168157641	92.902955
32704.618798243562	2850	4.0	9.866029368941108	1343002	13866.0293689	-39.57392628644676	87.659279
32720.02110523504	2850	4.0	11.402306991478314	1587250	15402.3069915	-46.17992006335675	95.172719
32735.121414494533	2850	4.0	11.100309259492148	1464921	15100.3092595	-44.88132981581623	96.481395
32749.833100078944	2850	4.0	10.71168558441046	1483527	14711.6855844	-43.210248012964975	95.602302
32763.51264541797	2850	4.0	9.679545339026108	1231456	13679.545339	-38.77204495781226	92.485503
32773.14442055	2850	4.0	5.6317751320312	1364537	9631.77513203	-21.36663306773416	97.895096

