9490.568887083895	750	4.0	4.277909780182569	450283	4277.909780182569	-17.64501205478505	64.858346
9491.817873384012	300	6.75101369988408	0.0	155580	1248.98630011592	-0.15000000000000002	18.412623
9495.666153959688	750	6.902733124208192	0.0	350812	3848.280575675888	0.3	60.430767
9499.052432048144	750	7.5164550357525	0.0	382355	3386.278088455691	0.75	55.551349
9502.058242100438	750	8.510644983458501	0.0	411561	3005.810052293998	0.75	51.003805
9504.08102538903	750	10.487861694866814	0.0	318564	2022.7832885916876	0.75	62.986308
9505.619894821586	750	12.948992262311757	0.0	352642	1538.8694325550564	0.75	81.00828
9507.638104016327	750	14.930783067571632	0.0	437162	2018.209194740125	0.75	69.475262
9509.916182995303	1200	16.65270408859476	0.0	584846	2278.0789789768714	0.75	82.430225
9512.340939683658	1200	18.22794740024059	0.0	560821	2424.756688354171	1.2	76.960357
9517.192844488369	1850	17.376042595528837	0.0	939819	4851.904804711755	1.2000000000000002	89.239922
9521.077527711741	1850	17.491359372156694	0.0	917428	3884.6832233721416	1.85	82.202545
9525.179946043661	1850	17.388941040237476	0.0	946851	4102.418331919214	1.85	83.629776
9529.50409550728	1850	17.064791576616788	0.0	1036454	4324.14946362069	1.85	80.875505
9532.654791052992	1850	17.914096030905654	0.0	821631	3150.6955457111303	1.85	78.494849
9535.864711470353	1850	18.70417561354476	0.0	923170	3209.9204173608937	1.85	83.7301
9542.113596144076	2850	16.45529093982128	0.0	1491626	6248.88467372348	1.85	94.650033
9547.48878755348	2850	15.080099530417225	0.0	1358801	5375.191409404056	2.85	92.142023
9551.88347158927	2850	14.685415494627552	0.0	1537156	4394.6840357896735	2.85	89.30989
9555.997518343644	2850	14.571368740252492	0.0	1336050	4114.046754375061	2.85	93.680429
9560.84905449617	2850	13.719832587728263	0.0	1415116	4851.53615252423	2.85	90.785318
9565.583298873593	2850	12.985588210305556	0.0	1468126	4734.244377422708	2.85	89.398189
9570.374162840792	2850	12.194724243106194	0.0	1505760	4790.863967199362	2.85	85.954529
9574.738876897736	2850	11.830010186162278	0.0	1323990	4364.714056943914	2.85	89.320458
9579.79497874811	2850	10.773908335786139	0.0	1383735	5056.101850376141	2.85	93.348429
9586.093871599747	2850	8.475015484150555	0.0	1480464	6298.892851635583	2.85	97.271626
9590.32987570527	2850	8.239011378627245	0.0	1547572	4236.0041055233105	2.85	97.509012
9594.611791012187	2850	7.95709607171121	0.0	1141971	4281.915306916035	2.85	93.311238
9599.763373789725	2850	6.805513294171868	0.0	1498470	5151.582777539343	2.85	96.041687
9602.567224988921	1850	8.001662094977831	0.0	975811	2803.8511991940363	0.8500000000000001	89.334885
9605.398412172757	1850	9.17047491114139	0.0	873429	2831.1871838364405	1.85	87.120667
9608.606694720469	1850	9.962192363428969	0.0	954453	3208.2825477124225	1.85	83.67714
9611.993777146778	1850	10.575109937120803	0.0	885062	3387.082426308164	1.85	87.533761
9616.31628225154	1850	10.252604832357887	0.0	1035329	4322.505104762916	1.85	71.430146
9621.862016290412	2850	8.70687079348702	0.0	1492672	5545.734038870867	1.85	99.177905
9626.898445546156	2850	7.670441537742248	0.0	1439896	5036.429255744772	2.85	97.217465
9632.147205691906	2850	6.421681391993121	0.0	1139291	5248.760145749127	2.85	93.825455
9635.689680157062	1850	6.8792069268370195	0.0	938587	3542.474465156102	0.8500000000000001	86.593761
9638.746036314378	1850	7.822850769520214	0.0	908665	3056.356157316806	1.85	82.415248
9641.454717823686	1850	9.114169260210812	0.0	930577	2708.6815093094015	1.85	83.556577
9644.337334132422	1850	10.231552951474367	0.0	858450	2882.616308736446	1.85	92.068418
9648.282718466806	1850	10.286168617091151	0.0	1025005	3945.3843343832154	1.85	85.276808
9650.948272994387	1850	11.62061408951045	0.0	886255	2665.554527580701	1.85	78.86339
9653.65157675326	1850	12.917310330635885	0.0	973972	2703.3037588745656	1.85	84.84845
9658.771606835602	2850	11.797280248295156	0.0	1464921	5120.03008234073	1.85	96.481395
9663.589374432268	2850	10.979512651628491	0.0	1483527	4817.767596666664	2.85	95.602302
9666.877151023513	2850	11.6917360603835	0.0	1231456	3287.7765912449904	2.85	92.485503
9672.47936541309	4300	10.089521670805514	0.0	2155012	5602.214389577986	2.8499999999999996	99.974274

