7265.20787113291	750	4.0	2.184991174137217	450283	2184.991174137217	-8.645462048790034	64.858346
7267.737449760066	1200	5.470421372845207	0.0	611087	2529.5786271547936	0.75	69.839987
7270.640371740287	1200	6.567499392623348	0.0	571051	2902.9219802218595	1.2	73.587374
7282.286526256832	1200	4.0	5.078655123921548	617681	11646.154516544895	-20.638217032862656	69.474665
7286.485538038099	300	4.0	0.19901178126609192	163442	4199.011781266092	-1.4557506594441953	16.877619
7288.951557074706	300	5.533980963392097	0.0	126289	2466.0190366079023	0.3	18.579568
7291.063725073723	300	7.421812964375482	0.0	153295	2112.167999016616	0.3	42.291519
7292.885402649252	300	9.600135388846944	0.0	173849	1821.6775755285375	0.3	35.451274
7294.299564908652	300	12.185973129445902	0.0	150710	1414.1622594010428	0.3	28.497356
7295.69643311646	300	14.789104921638703	0.0	139105	1396.8682078071972	0.3	21.660501
7297.616566718332	300	16.86897131976686	0.0	141840	1920.1336018718414	0.3	2.177717
7303.691771390735	750	14.793766647364434	0.0	405134	6075.204672402428	0.3	59.00323
7306.072648754087	750	16.412889284012266	0.0	386351	2380.8773633521687	0.75	59.358241
7308.310424263853	750	18.175113774246444	0.0	434409	2237.7755097658196	0.75	56.692976
7309.929002361694	750	20.556535676404742	0.0	337059	1618.5780978417029	0.75	54.76216
7311.781642894142	750	22.703895143956856	0.0	366214	1852.6405324478885	0.75	58.858709
7313.89736307421	750	24.588174963888367	0.0	360831	2115.720180068489	0.75	60.531124
7318.938143839884	1850	23.547394198213837	0.0	885714	5040.780765674527	0.75	85.258591
7329.555103176598	1850	16.930434861500018	0.0	987708	10616.959336713822	1.85	79.995224
7336.033380898985	1850	14.452157139113215	0.0	923755	6478.2777223868015	1.85	86.363677
7338.443131463147	1200	16.042406574950572	0.0	601738	2409.750564162642	0.5499999999999999	74.235946
7341.515967730939	1200	16.969570307159266	0.0	616206	3072.8362677913083	1.2	68.532883
7344.856446190389	1200	17.62909184770997	0.0	656471	3340.4784594492944	1.2	63.455907
7347.9808148526	1200	18.50472318549877	0.0	536667	3124.3686622112004	1.2	68.420849
7350.7569433597755	1200	19.728594678323184	0.0	587236	2776.1285071755824	1.2	78.698824
7355.343475354686	1850	19.142062683412504	0.0	905935	4586.531994910681	1.2000000000000002	89.133614
7359.556903200826	1850	18.928634837273588	0.0	1076599	4213.427846138915	1.85	90.791041
7363.107940933662	1850	19.377597104438145	0.0	758197	3551.0377328354452	1.85	87.50057
7367.818001670273	1850	18.66753636782684	0.0	972798	4710.060736611302	1.85	88.832031
7371.907079959021	1850	18.578458079079233	0.0	975811	4089.078288747611	1.85	89.334885
7374.681595094156	1850	19.803942943943625	0.0	873429	2774.5151351356067	1.85	87.120667
7377.849772647203	1850	20.63576539089737	0.0	954453	3168.1775530462533	1.85	83.67714
7382.577353606158	1850	19.908184431942537	0.0	885062	4727.580958954832	1.85	87.533761
7386.070501458078	1850	20.415036580022882	0.0	1035329	3493.147851919654	1.85	71.430146
7390.814889268993	2850	19.67064876910741	0.0	1492672	4744.387810915474	1.85	99.177905
7395.498150889699	2850	18.987387148401858	0.0	1439896	4683.26162070555	2.85	97.217465
7399.799491170505	2850	18.6860468675972	0.0	1139291	4301.340280804659	2.85	93.825455
7406.844457648952	2850	15.641080389150174	0.0	1499009	7044.9664784470215	2.85	93.982147
7412.101845552089	2850	14.3836924860126	0.0	1427478	5257.3879031375745	2.85	90.92969
7416.586794779797	2850	13.898743258303746	0.0	1402287	4484.949227708854	2.85	91.34334
7421.570363800625	2850	12.915174237475576	0.0	1339500	4983.56902082817	2.85	97.297482
7431.352366688882	2850	7.133171349218672	0.0	1527299	9782.002888256904	2.85	92.902955
7434.085835482752	1200	8.39970255534874	0.0	599477	2733.4687938699317	-0.44999999999999996	71.343181
7437.095783361013	1200	9.38975467708725	0.0	634861	3009.947878261489	1.2	75.003938
7440.164824001836	1200	10.320714036264436	0.0	630203	3069.0406408228155	1.2	77.745919
7444.862542420037	1200	9.622995618063415	0.0	638661	4697.718418201021	1.2	77.309224
7452.941525848475	1200	5.544012189624979	0.0	538612	8078.983428438435	1.2	74.51099
7453.85511875576	300	8.630419282340482	0.0	118421	913.5929072844979	-0.6000000000000001	36.062877

