31457.972471451147	750	4.0	2.993897582587049	450283	2993.89758259	-12.12375960512431	64.858346
31463.77442290741	2850	4.0	1.8019514562591286	1431809	5801.95145626	-6.998391261914252	90.683379
31467.89710282807	2850	4.0	0.12267992066008264	1300868	4122.67992066	2.3224763411616447	90.483169
31472.282328105284	2850	4.0	0.3852252772202919	1520281	4385.22527722	1.1935313079527452	89.788956
31477.183467033887	2850	4.0	0.9011389285982495	1472558	4901.1389286	-1.0248973929724725	85.928154
31481.253735393355	2850	4.0	0.07026835947110703	1224260	4070.26835947	2.54784605427424	94.229141
31485.99692514544	2850	4.0	0.7431897520844204	1388403	4743.18975208	-0.3457159339630076	97.582873
31492.50629285863	2850	4.0	2.509367713191751	1638769	6509.36771319	-7.94028116672453	97.908255
31497.71768048463	2850	4.0	1.2113876260015186	1348011	5211.387626	-2.35896679180653	96.808308
31503.575156922565	2850	4.0	1.8574764379339777	1429765	5857.47643793	-5.137148683116104	94.962414
31508.38003846158	2850	4.0	0.8048815390118743	1354548	4804.88153901	-0.6109906177510593	95.957675
31514.304346195673	2850	4.0	1.9243077340931614	1519951	5924.30773409	-5.424523256600594	92.483401
31520.164496862908	2850	4.0	1.860150667234304	1422919	5860.15066723	-5.148647869107506	93.510922
31526.65489159509	2850	4.0	2.4903947321859485	1578343	6490.39473219	-7.858697348399579	91.568178
31531.677687085976	2850	4.0	1.02279549088365	1231445	5022.79549088	-1.548020610799695	88.830113
31537.95475979016	2850	4.0	2.2770727041845014	1471065	6277.07270418	-6.941412627993357	93.514387
31546.518715461505	2850	4.0	4.56395567134378	1491626	8563.95567134	-16.77500938677825	94.650033
31554.163835455878	2850	4.0	3.645119994376945	1358801	7645.11999438	-12.824015975820863	92.142023
31565.511273617525	2850	4.0	7.347438161644992	1537156	11347.4381616	-28.74398409507346	89.30989
31572.55485348734	2850	4.0	3.043579869817465	1336050	7043.57986982	-10.237393440215099	93.680429
31577.9841545513	2850	4.0	1.4293010639586783	1415116	5429.30106396	-3.295994575022316	90.785318
31583.99272595749	2850	4.0	2.0085714061903293	1468126	6008.57140619	-5.786857046618415	89.398189
31590.575875895433	2850	4.0	2.5831499379433542	1505760	6583.14993794	-8.257544733156424	85.954529
31595.44062712167	2850	4.0	0.8647512262333721	1323990	4864.75122623	-0.8684302728034998	89.320458
31601.41123637143	2850	4.0	1.9706092497623748	1383735	5970.60924976	-5.623619773978211	93.348429
31608.303472300213	2850	4.0	2.8922359287811297	1480464	6892.23592878	-9.586614493758857	97.271626
31614.3857666385	2850	4.0	2.082294338289943	1547572	6082.29433829	-6.103865654646754	97.509012
31618.36154909157	2850	4.024217546931263	0.0	1141971	3975.78245307	2.85	93.311238
31624.006938831142	2850	4.0	1.6211721926400433	1498470	5645.38973957	-4.121040428352186	96.041687
31629.848254326975	2850	4.0	1.841315495830465	1561263	5841.31549583	-5.0676566320709995	96.863845
31634.811230872903	2850	4.0	0.9629765459298205	1341201	4962.97654593	-1.290799147498228	94.816085
31641.48149323708	2850	4.0	2.670262364175912	1497683	6670.26236418	-8.63212816595642	92.910185
31648.024924743895	2850	4.0	2.5434315068154074	1358081	6543.43150682	-8.086755479306252	95.193139
31655.30470165916	2850	4.0	3.2797769152615803	1587293	7279.77691526	-11.253040735624795	81.858634
31661.68450137234	2850	4.0	2.379799713183803	1492672	6379.79971318	-7.383138766690353	99.177905
31669.975721941744	2850	4.0	4.291220569401508	1439896	8291.2205694	-15.602248448426485	97.217465
31674.060427253997	2850	4.0	0.08470531225384002	1139291	4084.70531225	2.485767157308488	93.825455
31678.705232553297	2850	4.0	0.6448052993010615	1499009	4644.8052993	0.07733721300543595	93.982147
31682.832631023753	2850	4.0	0.12739847045681926	1427478	4127.39847046	2.3021865770356773	90.92969
31687.477932668942	2850	4.0	0.6453016451882931	1402287	4645.30164519	0.07520292569033993	91.34334
31691.90303567235	2850	4.0	0.4251030034067435	1339500	4425.10300341	1.0220570853510031	97.297482
31697.13859174654	2850	4.0	1.2355560741931495	1527299	5235.55607419	-2.4628911190305423	92.902955
31702.526671585136	2850	4.0	1.3880798385939406	1343002	5388.07983859	-3.118743305953944	87.659279
31708.69703972865	2850	4.0	2.1703681435144717	1587250	6170.36814351	-6.482583017112228	95.172719
31714.65728822737	2850	4.0	1.9602484987194966	1464921	5960.24849872	-5.579068544493836	96.481395
31720.08651154608	2850	4.0	1.4292233187106058	1483527	5429.22331871	-3.295660270455605	95.602302
31724.79686654784	2850	4.0	0.710355001763659	1231456	4710.35500176	-0.20452650758373325	92.485503
31730.347118787275	2850	4.0	1.5502522394336138	1364537	5550.25223943	-3.8160846295645388	97.895096

