22538.913980217145	750	4.0	3.5949223786930258	450283	3594.9223786930256	-14.70816622838001	64.858346
22540.29830190107	300	6.615678316071856	0.0	155580	1384.3216839281442	-0.15000000000000002	18.412623
22543.228221062276	750	7.6857591548672755	0.0	350812	2929.91916120458	0.3	60.430767
22546.955736379565	750	7.958243837578356	0.0	382355	3727.515317288918	0.75	55.551349
22550.300840560933	750	8.613139656211482	0.0	411561	3345.1041813668753	0.75	51.003805
22553.179776843797	750	9.734203373346093	0.0	318564	2878.9362828653902	0.75	62.986308
22555.96209229117	750	10.951887925971347	0.0	352642	2782.315447374746	0.75	81.00828
22559.203515534067	750	11.710464683077396	0.0	437162	3241.4232428939504	0.75	69.475262
22562.206365794158	750	12.707614422982497	0.0	374758	3002.8502600949005	0.75	70.789292
22566.815170513175	1200	12.098809703964854	0.0	560821	4608.804719017644	0.75	76.960357
22571.83908688189	1200	11.074893335248165	0.0	607410	5023.9163687166865	1.2	82.096766
22576.609236186436	1200	10.304744030702881	0.0	594078	4770.149304545285	1.2	70.906301
22581.791685090444	1200	9.122295126696816	0.0	624282	5182.448904006065	1.2	73.534048
22588.11328624206	1200	6.800693975081116	0.0	687371	6321.6011516157	1.2	70.998108
22592.94109713491	1200	5.9728830822298375	0.0	526950	4827.810892851278	1.2	67.735752
22599.452129361543	1200	4.0	0.5381491444049088	587876	6511.032226634747	-1.114041320941108	72.569044
22601.122657571537	300	6.329471790010073	0.0	143509	1670.5282099899268	-0.6000000000000001	18.452936
22602.828117065746	300	8.624012295799002	0.0	150616	1705.459494211071	0.3	35.116669
22604.60805617347	300	10.84407318807681	0.0	165384	1779.9391077221906	0.3	26.310814
22607.681326239297	750	11.770803122252637	0.0	350713	3073.2700658241733	0.3	67.172129
22611.071065907003	750	12.381063454548137	0.0	386472	3389.739667704501	0.75	62.777649
22614.837541206813	750	12.614588154737119	0.0	399894	3766.4752998110184	0.75	55.443233
22618.92975717217	750	12.522372189383493	0.0	401853	4092.215965353626	0.75	47.960406
22622.253924660698	750	13.198204700854149	0.0	343800	3324.167488529344	0.75	55.451197
22625.554843087513	750	13.897286274037448	0.0	359903	3300.9184268167014	0.75	66.786337
22629.28476349726	750	14.167365864290378	0.0	379700	3729.9204097470697	0.75	66.676537
22635.05781067589	750	12.3943186856565	0.0	425781	5773.047178633878	0.75	65.665965
22638.582386195125	750	12.869743166426531	0.0	277716	3524.5755192299684	0.75	68.231907
22642.501942911917	750	12.9501864496329	0.0	400396	3919.556716793632	0.75	69.601487
22646.505776924372	750	12.946352437175825	0.0	400508	4003.834012457074	0.75	67.821489
22649.846184878006	750	13.605944483542654	0.0	358218	3340.4079536331697	0.75	64.789531
22654.27191108595	750	13.180218275596626	0.0	400322	4425.726207946029	0.75	60.651768
22657.569331229086	750	13.88279813246281	0.0	369834	3297.4201431338174	0.75	68.369339
22660.710196443917	750	14.74193291763473	0.0	412837	3140.8652148280803	0.75	49.996929
22664.54875167879	750	14.903377682758574	0.0	401088	3838.5552348761557	0.75	69.915275
22668.32725498855	750	15.124874372999926	0.0	365161	3778.503309758647	0.75	60.276519
22674.139221102512	1200	13.31290825903622	0.0	487812	5811.966113963706	0.75	77.846693
22683.262924636798	1200	8.189204724752292	0.0	575591	9123.703534283928	1.2	77.292461
22690.435124232226	750	5.017005129322791	0.0	378327	7172.199595429501	0.3	62.32333
22693.021135455845	300	6.430993905699461	0.0	149991	2586.0112236233294	-0.15000000000000002	17.21265
22695.89162336177	300	7.560505999774889	0.0	147968	2870.4879059245723	0.3	5.263918
22698.665316521467	300	8.786812840077378	0.0	161857	2773.693159697511	0.3	26.901789
22700.52840984726	300	10.923719514285171	0.0	145210	1863.0933257922084	0.3	23.926655
22702.181176333113	300	13.270953028431592	0.0	172312	1652.7664858535795	0.3	26.146503
22704.040752507044	300	15.41137685450046	0.0	167025	1859.5761739311306	0.3	26.908827
22707.72550078382	750	15.726628577727805	0.0	393804	3684.7482767726556	0.3	62.845425
22713.012332324248	1200	14.439797037301396	0.0	538612	5286.8315404264085	0.75	74.51099
22719.05572025505	1200	12.396409106499206	0.0	550906	6043.387930802191	1.2	86.366143

