3546.535627603125	750	4.0	4.127748728925795	450283	4127.748728925795	-16.999319534380916	64.858346
3549.159567337237	300	5.376060265887466	0.0	155580	2623.939734112534	-0.15000000000000002	18.412623
3550.2761608234973	300	8.259466779627365	0.0	139857	1116.593486260102	0.3	17.596212
3551.3445215545225	300	11.19110604860217	0.0	155432	1068.3607310251944	0.3	19.997309
3552.3809798375446	300	14.154647765580098	0.0	163442	1036.4582830220731	0.3	16.877619
3553.1190054621197	300	17.416622141005092	0.0	126289	738.0256245750018	0.3	18.579568
3555.050785249075	750	19.48484235405008	0.0	352642	1931.779786955014	0.3	81.00828
3557.7295406347457	750	20.806086968379237	0.0	437162	2678.755385670844	0.75	69.475262
3560.2888031052935	750	22.246824497831525	0.0	374758	2559.26247054771	0.75	70.789292
3564.4087718835917	1200	22.126855719533395	0.0	560821	4119.968778298131	0.75	76.960357
3570.2860134071675	1200	20.24961419595759	0.0	607410	5877.241523575805	1.2	82.096766
3579.387635378525	1200	15.14799222460004	0.0	594078	9101.62197135755	1.2	70.906301
3582.2897803446945	750	16.245847258431	0.0	386351	2902.14496616904	0.3	59.358241
3585.5536704356427	750	16.981957167482488	0.0	434409	3263.8900909485137	0.75	56.692976
3587.612200829286	750	18.923426773839	0.0	337059	2058.530393643487	0.75	54.76216
3590.271424604099	750	20.264202999026004	0.0	366214	2659.223774812997	0.75	58.858709
3591.92645766159	750	22.609169941535256	0.0	360831	1655.0330574907475	0.75	60.531124
3593.613233175591	750	24.922394427534446	0.0	372963	1686.7755140008087	0.75	69.564049
3596.0794609294353	1200	26.456166673690237	0.0	639204	2466.2277538442104	0.75	72.000653
3598.406221509957	1200	28.129406093168207	0.0	586839	2326.760580522031	1.2	79.134663
3601.7374964064993	1850	28.798131196626205	0.0	891604	3331.2748965420024	1.2000000000000002	81.773294
3606.900027889429	2850	27.635599713696603	0.0	1468126	5162.5314829295985	1.85	89.398189
3611.196353038298	2850	27.339274564827555	0.0	1505760	4296.325148869048	2.85	85.954529
3614.991751199236	2850	27.54387640388956	0.0	1323990	3795.398160937997	2.85	89.320458
3619.8175862293947	2850	26.718041373731115	0.0	1383735	4825.835030158446	2.85	93.348429
3626.73744862846	2850	23.7981789746663	0.0	1480464	6919.862399064815	2.85	97.271626
3631.0445636670474	2850	23.49106393607838	0.0	1547572	4307.115038587918	2.85	97.509012
3634.7703597471136	2850	23.765267856011796	0.0	1141971	3725.7960800665824	2.85	93.311238
3643.6177783429744	2850	18.917849260150884	0.0	1498470	8847.41859586091	2.85	96.041687
3648.8814003252037	1850	17.65422727792166	0.0	975811	5263.621982229226	0.8500000000000001	89.334885
3655.1278555030117	1850	15.40777210011396	0.0	873429	6246.455177807698	1.85	87.120667
3659.7040735990527	1850	14.831554004072892	0.0	954453	4576.218096041067	1.85	83.67714
3665.314257217983	1850	13.221370385142135	0.0	885062	5610.183618930756	1.85	87.533761
3668.53355931655	1200	14.002068286575478	0.0	670129	3219.302098566659	0.5499999999999999	62.28877
3670.883824724297	1200	15.65180287882836	0.0	690253	2350.2654077471175	1.2	87.732581
3672.8445346680883	1200	17.691092935037172	0.0	598727	1960.7099437911859	1.2	77.763467
3674.7309649524027	1200	19.80466265072263	0.0	487812	1886.4302843145447	1.2	77.846693
3677.0846135633974	1200	21.45101403972812	0.0	575591	2353.6486109945113	1.2	77.292461
3680.693292412185	1850	21.84233519094044	0.0	908665	3608.678848787681	1.2000000000000002	82.415248
3686.3533299117116	2850	20.182297691413897	0.0	1402287	5660.03749952654	1.85	91.34334
3694.659439616169	2850	15.87618798695689	0.0	1339500	8306.109704457007	2.85	97.297482
3700.405665634377	2850	14.129961968749038	0.0	1527299	5746.226018207852	2.85	92.902955
3707.5702109329204	2850	10.965416670205926	0.0	1343002	7164.545298543112	2.85	87.659279
3711.4756379931355	1850	11.059989609990525	0.0	973972	3905.427060215401	0.8500000000000001	84.84845
3715.1119581019843	1850	11.423669501141916	0.0	958994	3636.320108848609	1.85	87.119023
3719.1739504148254	1850	11.3616771883006	0.0	982064	4061.992312841316	1.85	86.680563
3722.6687109671348	2850	11.866916635990924	0.0	1231456	3494.7605523096777	1.85	92.485503
3728.2549273874865	4300	10.280700215638769	0.0	2155012	5586.216420352154	2.8499999999999996	99.974274

