68754.44960343963	750	4.0	1.4326655545084757	450283	1432.66555451	-5.410461884386445	64.858346
68761.26168795343	2850	4.0	2.8120845137933537	1431809	6812.08451379	-11.34196340931142	90.683379
68765.56380517653	2850	4.0	0.30211722310482764	1300868	4302.1172231	1.5508959406492413	90.483169
68770.27477805079	2850	4.0	0.7109728742682783	1520281	4710.97287427	-0.20718335935359633	89.788956
68775.23619777356	2850	4.0	0.9614197227661907	1472558	4961.41972277	-1.2841048078946193	85.928154
68780.20402373347	2850	4.0	0.9678259599124204	1224260	4967.82595991	-1.3116516276234074	94.229141
68786.23347073096	2850	4.0	2.029446997488467	1388403	6029.44699749	-5.876622089200408	97.582873
68792.11629634551	2850	4.0	1.8828256145508475	1638769	5882.82561455	-5.246150142568645	97.908255
68796.54310463417	2850	4.0	0.42680828864490106	1348011	4426.80828864	1.0147243588269257	96.808308
68801.38150843227	2850	4.0	0.838403798102796	1429765	4838.4037981	-0.7551363318420226	94.962414
68807.83775452549	2850	4.0	2.456246093226642	1354548	6456.24609323	-7.711858200874561	95.957675
68812.5935191772	2850	4.0	0.7557646517080165	1519951	4755.76465171	-0.39978800234447087	92.483401
68817.14195384526	2850	4.0	0.5484346680620648	1422919	4548.43466806	0.49173092733312185	93.510922
68822.62273028046	2850	4.0	1.480776435194063	1578343	5480.77643519	-3.5173386713344708	91.568178
68828.75719000651	2850	4.0	2.134459726052167	1231445	6134.45972605	-6.328176822024318	88.830113
68834.25004051033	2850	4.0	1.4928505038293134	1471065	5492.85050383	-3.569257166466047	93.514387
68839.0996256815	2850	4.0	0.8495851711644673	1491626	4849.58517116	-0.8032162360072093	94.650033
68843.63759859484	2850	4.0	0.5379729133446762	1358801	4537.97291334	0.5367164726178926	92.142023
68850.87015954757	2850	4.0	3.2325609527173675	1537156	7232.56095272	-11.05001209668468	89.30989
68855.16926008713	2850	4.0	0.29910053956313915	1336050	4299.10053956	1.5638676798785018	93.680429
68859.56734340881	2850	4.0	0.3980833216784604	1415116	4398.08332168	1.1382417167826204	90.785318
68864.54996903926	2850	4.0	0.9826256304525205	1468126	4982.62563045	-1.3752902109458378	89.398189
68871.17921895195	2850	4.0	2.629249912685893	1505760	6629.24991269	-8.455774624549338	85.954529
68876.30609840855	2850	4.0	1.126879456603594	1323990	5126.8794566	-1.9955816633954542	89.320458
68881.29304361236	2850	4.0	0.9869452038156905	1383735	4986.94520382	-1.393864376407469	93.348429
68886.22648495952	2850	4.0	0.9334413471706366	1480464	4933.44134717	-1.1637977928337375	97.271626
68891.51882889435	2850	4.0	1.2923439348161254	1547572	5292.34393482	-2.7070789197093386	97.509012
68897.1345602193	2850	4.0	1.6157313249525078	1141971	5615.73132495	-4.097644697295783	93.311238
68901.82557608226	2850	4.0	0.6910158629599018	1498470	4691.01586296	-0.12136821072757753	96.041687
68906.83718470426	2850	4.0	1.0116086219931486	1561263	5011.60862199	-1.4999170745705386	96.863845
68911.5245602102	2850	4.0	0.6873755059404156	1341201	4687.37550594	-0.105714675543787	94.816085
68918.6814730727	2850	4.0	3.1569128625024203	1497683	7156.9128625	-10.724725308760407	92.910185
68923.7047205811	2850	4.0	1.0232475083869195	1358081	5023.24750839	-1.5499642860637537	95.193139
68928.81341105442	2850	4.0	1.1086904733212486	1587293	5108.69047332	-1.9173690352813684	81.858634
68933.82367618587	2850	4.0	1.0102651314561653	1492672	5010.26513146	-1.4941400652615102	99.177905
68940.69612271775	2850	4.0	2.8724465318754793	1439896	6872.44653188	-9.501520087064561	97.217465
68944.34694090359	2850	4.3491818141687215	0.0	1139291	3650.81818583	2.85	93.825455
68949.0175947598	2850	4.0	0.3214720420441308	1499009	4670.65385621	1.4676702192102375	93.982147
68953.83097155143	2850	4.0	0.8133767916272473	1427478	4813.37679163	-0.6475202039971633	90.92969
68960.20824376354	2850	4.0	2.3772722121094167	1402287	6377.27221211	-7.372270512070491	91.34334
68965.37175560824	2850	4.0	1.1635118447023496	1339500	5163.5118447	-2.1531009322201027	97.297482
68970.79761277494	2850	4.0	1.4258571666863291	1527299	5425.85716669	-3.2811858167512145	92.902955
68975.31127713698	2850	4.0	0.5136643620497616	1343002	4513.66436205	0.6412432431860253	87.659279
68980.83303854677	2850	4.0	1.5217614097918903	1587250	5521.76140979	-3.6935740621051285	95.172719
68987.38932092188	2850	4.0	2.556282375108457	1464921	6556.28237511	-8.142014212966366	96.481395
68992.0143997212	2850	4.0	0.6250787993188788	1483527	4625.07879932	0.16216116292882132	95.602302
68995.98287430631	2850	4.031525414900755	0.0	1231456	3968.4745851	2.85	92.485503
69000.87392420809	2850	4.0	0.8595244868816635	1364537	4891.04990178	-0.8459552935911527	97.895096

