70834.65358264433	750	4.0	1.9602828539084163	450283	1960.28285391	-7.67921627180619	64.858346
70840.82158350175	2850	4.0	2.1680008574162812	1431809	6168.00085742	-8.57240368689001	90.683379
70847.08763064863	2850	4.0	2.266047146889465	1300868	6266.04714689	-6.894002731624699	90.483169
70852.64538022518	2850	4.0	1.5577495765565017	1520281	5557.74957656	-3.8483231791929566	89.788956
70864.0844057774	2850	4.0	7.439025552211369	1472558	11439.0255522	-29.137809874508886	85.928154
70873.85198668139	2850	4.0	5.767580903985246	1224260	9767.58090399	-21.950597887136556	94.229141
70885.05789182463	2850	4.0	7.205905143246935	1388403	11205.9051432	-28.135392115961817	97.582873
70892.83903381719	2850	4.0	3.781141992550969	1638769	7781.14199255	-13.408910567969167	97.908255
70899.30602706369	2850	4.0	2.466993246516813	1348011	6466.99324652	-7.758070960022296	96.808308
70907.00198715761	2850	4.0	3.6959600939176607	1429765	7695.96009392	-13.04262840384594	94.962414
70913.07999272629	2850	4.0	2.0780055686726735	1354548	6078.00556867	-6.085423945292495	95.957675
70920.1093672639	2850	4.0	3.0293745376145025	1519951	7029.37453761	-10.176310511742361	92.483401
70928.66935344135	2850	4.0	4.55998617744544	1422919	8559.98617745	-16.75794056301539	93.510922
70934.94772349478	2850	4.0	2.2783700534477376	1578343	6278.37005345	-6.946991229825272	91.568178
70939.51193394935	2850	4.0	0.564210454571853	1231445	4564.21045457	0.4238950453410322	88.830113
70944.27805540868	2850	4.0	0.7661214593204322	1471065	4766.12145932	-0.4443222750778584	93.514387
70950.37888324709	2850	4.0	2.1008278384211407	1491626	6100.82783842	-6.1835597052109055	94.650033
70953.10804713902	2850	5.270836108069585	0.0	1358801	2729.16389193	2.85	92.142023
70956.93151881584	2850	5.447364431259573	0.0	1537156	3823.47167681	2.85	89.30989
70960.57011479477	2850	5.808768452318369	0.0	1336050	3638.59597894	2.85	93.680429
70964.62134551538	2850	5.757537731719447	0.0	1415116	4051.2307206	2.85	90.785318
70968.62226317277	2850	5.756620074310583	0.0	1468126	4000.91765741	2.85	89.398189
70972.56443404545	2850	5.8144492016310805	0.0	1505760	3942.17087268	2.85	85.954529
70975.59017944547	2850	6.788703801605069	0.0	1323990	3025.74540003	2.85	89.320458
70978.9670344213	2850	7.411848825786352	0.0	1383735	3376.85497582	2.85	93.348429
70982.14749541914	2850	8.231387827957708	0.0	1480464	3180.46099783	2.85	97.271626
70986.46712761294	2850	7.911755634158981	0.0	1547572	4319.6321938	2.85	97.509012
70990.38019260034	2850	7.998690646747582	0.0	1141971	3913.06498741	2.85	93.311238
70993.60058932076	2850	8.77829392632809	0.0	1498470	3220.39672042	2.85	96.041687
70999.54504984096	2850	6.8338334061311015	0.0	1561263	5944.4605202	2.85	96.863845
71005.31065366558	2850	5.068229581495203	0.0	1341201	5765.60382464	2.85	94.816085
71012.2032086847	2850	4.0	1.82432543761522	1497683	6892.55501911	-4.994599381745445	92.910185
71016.90598631329	2850	4.0	0.7027776285814079	1358081	4702.77762858	-0.17194380290005373	95.193139
71024.53733614483	2850	4.0	3.631349831554972	1587293	7631.34983155	-12.76480427568638	81.858634
71031.09017874327	2850	4.0	2.5528425984372145	1492672	6552.84259844	-8.127223173280022	99.177905
71038.70329371275	2850	4.0	3.613114969475718	1439896	7613.11496948	-12.686394368745587	97.217465
71044.02927353488	2850	4.0	1.3259798221348191	1139291	5325.97982213	-2.8517132351797216	93.825455
71050.51959145155	2850	4.0	2.4903179166724283	1499009	6490.31791667	-7.858367041691441	93.982147
71057.3331703337	2850	4.0	2.8135788821371	1427478	6813.57888214	-9.24838919318953	90.92969
71062.35033185016	2850	4.0	1.0171615164576333	1402287	5017.16151646	-1.5237945207678227	91.34334
71072.52533583138	2850	4.0	6.175003981211214	1339500	10175.0039812	-23.702517119208217	97.297482
71084.90329460625	2850	4.0	8.377958774874816	1527299	12377.9587749	-33.17522273196171	92.902955
71095.56817608567	2850	4.0	6.66488147940803	1343002	10664.8814794	-25.808990361454526	87.659279
71102.93524391575	2850	4.0	3.3670678300808503	1587250	7367.06783008	-11.628391669347655	95.172719
71110.09403866382	2850	4.0	3.1587947480727325	1464921	7158.79474807	-10.73281741671275	96.481395
71118.06657647801	2850	4.0	3.97253781419678	1483527	7972.5378142	-14.231912601046156	95.602302
71123.40332181369	2850	4.0	1.3367453356730556	1231456	5336.74533567	-2.8980049433941386	92.485503
71129.50292676296	2850	4.0	2.0996049492686844	1364537	6099.60494927	-6.178301281855342	97.895096

