76067.38061596396	750	4.0	2.009934342455404	450283	2009.93434246	-7.892717672558236	64.858346
76079.62615482311	2850	4.0	8.245538859150837	1431809	12245.5388592	-34.705817094348596	90.683379
76085.36708665098	2850	4.0	1.7409318278790762	1300868	5740.93182788	-4.636006859880027	90.483169
76091.699263666	2850	4.0	2.3321770150176917	1520281	6332.17701502	-7.178361164576074	89.788956
76097.7955193916	2850	4.0	2.0962557255958565	1472558	6096.2557256	-6.163899620062184	85.928154
76102.93626757158	2850	4.0	1.1407481799855494	1224260	5140.74817999	-2.0552171739378626	94.229141
76108.50729015448	2850	4.0	1.571022582895166	1388403	5571.0225829	-3.9053971064492132	97.582873
76115.10318647326	2850	4.0	2.5958963187981716	1638769	6595.8963188	-8.312354170832139	97.908255
76120.51560680434	2850	4.0	1.412420331080998	1348011	5412.42033108	-3.223407423648291	96.808308
76126.36781206491	2850	4.0	1.8522052605803656	1429765	5852.20526058	-5.114482620495572	94.962414
76133.58736731	2850	4.0	3.2195552450873155	1354548	7219.55524509	-10.994087553875456	95.957675
76145.88420628794	2850	4.0	8.296838977934405	1519951	12296.8389779	-32.826407605117936	92.483401
76153.10713378532	2850	4.0	3.2229274973865802	1422919	7222.92749739	-11.008588238762295	93.510922
76161.51149095173	2850	4.0	4.404357166404166	1578343	8404.3571664	-16.088735815537913	91.568178
76168.29730774985	2850	4.0	2.7858167981208806	1231445	6785.81679812	-9.129012231919786	88.830113
76177.44539825298	2850	4.0	5.148090503127063	1471065	9148.09050313	-19.28678916344637	93.514387
76183.73431087409	2850	4.0	2.2889126211174107	1491626	6288.91262112	-6.9923242708048665	94.650033
76190.31030186465	2850	4.0	2.5759909905689726	1358801	6575.99099057	-8.226761259446581	92.142023
76199.63853102564	2850	4.0	5.3282291609895385	1537156	9328.22916099	-20.061385392255012	89.30989
76206.62592203336	2850	4.0	2.987391007711981	1336050	6987.39100771	-9.995781333161519	93.680429
76221.34009621816	2850	4.0	10.714174184815947	1415116	14714.1741848	-43.22094899470857	90.785318
76229.64876530386	2850	4.0	4.308669085700858	1468126	8308.6690857	-15.67727706851369	89.398189
76239.93012718641	2850	4.0	6.281361882539133	1505760	10281.3618825	-24.15985609491827	85.954529
76252.20674988699	2850	4.0	8.27662270058842	1323990	12276.6227006	-32.73947761253021	89.320458
76263.48717532065	2850	4.0	7.280425433661436	1383735	11280.4254337	-28.455829364744172	93.348429
76285.64693780616	2850	4.0	18.159762485503204	1480464	22159.7624855	-75.23697868766378	97.271626
76306.44385401433	2850	4.0	16.796916208178526	1547572	20796.9162082	-69.37673969516767	97.509012
76322.52766365912	2850	4.0	12.083809644776819	1141971	16083.8096448	-49.11038147254032	93.311238
76341.49989100089	2850	4.0	14.972227341766644	1498470	18972.2273418	-61.530577569596566	96.041687
76359.14990806858	2850	4.0	13.650017067696725	1561263	17650.0170677	-55.845073391095916	96.863845
76372.04807600379	2850	4.0	8.898167935212232	1341201	12898.1679352	-35.412122121412594	94.816085
76386.66760931324	2850	4.0	10.619533309448315	1497683	14619.5333094	-42.81399323062775	92.910185
76398.56008962067	2850	4.0	7.892480307447746	1358081	11892.4803074	-31.08766532202531	95.193139
76405.37365975456	2850	4.0	2.813570133877961	1587293	6813.57013388	-9.248351575675233	81.858634
76411.71353241365	2850	4.0	2.3398726590843624	1492672	6339.87265908	-7.211452434062759	99.177905
76417.6555370948	2850	4.0	1.9420046811477651	1439896	5942.00468115	-5.50062012893539	97.217465
76422.43518304593	2850	4.0	0.7796459511421554	1139291	4779.64595114	-0.5024775899112681	93.825455
76428.42426406484	2850	4.0	1.989081018910153	1499009	5989.08101891	-5.703048381313659	93.982147
76434.17330325542	2850	4.0	1.7490391905816014	1427478	5749.03919058	-4.670868519500885	90.92969
76439.79447895369	2850	4.0	1.6211756982598982	1402287	5621.17569826	-4.121055502517562	91.34334
76445.31855568121	2850	4.0	1.52407672753106	1339500	5524.07672753	-3.7035299283835577	97.297482
76453.67585242064	2850	4.0	4.357296739434006	1527299	8357.29673943	-15.886375979566226	92.902955
76464.8139232938	2850	4.0	7.138070873150617	1343002	11138.0708732	-27.843704754547648	87.659279
76473.04217964956	2850	4.0	4.228256355763166	1587250	8228.25635576	-15.331502329781612	95.172719
76480.72354005839	2850	4.0	3.68136040882407	1464921	7681.36040882	-12.9798497579435	96.481395
76489.38623828719	2850	4.0	4.662698228812971	1483527	8662.69822881	-17.199602383895773	95.602302
76496.65415921045	2850	4.0	3.2679209232414306	1231456	7267.92092324	-11.202059969938151	92.485503
76502.4042510377	2850	4.0	1.7500918272602812	1364537	5750.09182726	-4.675394857219208	97.895096

