3814.50735551	750	4.0	6.240793125191714	450283	6240.79312519	-26.08541043832437	64.858346
3840.15999153	2850	4.0	21.65263601862296	1431809	25652.6360186	-92.35633488007872	90.683379
3863.56724626	2850	4.0	19.40725473040516	1300868	23407.2547304	-80.6011953407422	90.483169
3886.35934007	2850	4.0	18.792093804908827	1520281	22792.0938049	-77.95600336110796	89.788956
3900.8350608	2850	4.0	10.475720737591882	1472558	14475.7207376	-42.195599171645085	85.928154
3922.03273938	2850	4.0	17.197678579873894	1224260	21197.6785799	-71.10001789345775	94.229141
3962.87839129	2850	4.0	36.84565190799251	1388403	40845.651908	-155.5863032043678	97.582873
3992.50082028	2850	4.0	25.622428985125982	1638769	29622.4289851	-107.32644463604173	97.908255
4009.48575348	2850	4.0	12.984933208038823	1348011	16984.933208	-52.985212794566934	96.808308
4022.59782817	2850	4.0	9.112074688738362	1429765	13112.0746887	-36.331921161574954	94.962414
4033.21473368	2850	4.0	6.616905504495715	1354548	10616.9055045	-25.60269366933157	95.957675
4045.52810175	2850	4.0	8.31336807435752	1519951	12313.3680744	-32.89748271973733	92.483401
4061.35908713	2850	4.0	11.830985378721259	1422919	15830.9853787	-48.02323712850141	93.510922
4082.83862055	2850	4.0	17.47953341509216	1578343	21479.5334151	-72.3119936848963	91.568178
4096.40427762	2850	4.0	9.565657075888499	1231445	13565.6570759	-38.28232542632054	88.830113
4108.03201483	2850	4.0	7.62773720830558	1471065	11627.7372083	-29.94926999571399	93.514387
4131.60994039	2850	4.0	19.577925558971273	1491626	23577.925559	-81.33507990357647	94.650033
4156.93791875	2850	4.0	21.32797836487874	1358801	25327.9783649	-88.86030696897858	92.142023
4182.75040438	2850	4.0	21.812485621231605	1537156	25812.4856212	-90.9436881712959	89.30989
4200.9361965	2850	4.0	14.1857921220578	1336050	18185.7921221	-58.14890612484854	93.680429
4216.31951609	2850	4.0	11.38331958842953	1415116	15383.3195884	-46.09827423024697	90.785318
4250.27814451	2850	4.0	29.95862842312223	1468126	33958.6284231	-125.97210221942561	89.398189
4285.90497586	2850	4.0	31.626831347809464	1505760	35626.8313478	-133.1453747955807	85.954529
4307.56966123	2850	4.0	17.66468537232978	1323990	21664.6853723	-73.10814710101806	89.320458
4324.08074094	2850	4.0	12.511079707609522	1383735	16511.0797076	-50.94764274272094	93.348429
4336.59213719	2850	4.0	8.511396253753379	1480464	12511.3962538	-33.74900389113952	97.271626
4348.08890091	2850	4.0	7.496763721079657	1547572	11496.7637211	-29.38608400064252	97.509012
4358.21298692	2850	4.0	6.1240860046950365	1141971	10124.0860047	-23.483569820188656	93.311238
4378.24723206	2850	4.0	16.034245148443734	1498470	20034.2451484	-66.09725413830806	96.041687
4397.68082902	2850	4.0	15.433596954551154	1561263	19433.5969546	-63.514466904569964	96.863845
4410.07038138	2850	4.0	8.38955235795733	1341201	12389.552358	-33.225075139216514	94.816085
4426.51537575	2850	4.0	12.444994375088129	1497683	16444.9943751	-50.66347581287895	92.910185
4448.71245688	2850	4.0	18.19708112455843	1358081	22197.0811246	-75.39744883560125	95.193139
4478.84228475	2850	4.0	26.1298278759609	1587293	30129.827876	-109.50825986663186	81.858634
4500.19047685	2850	4.0	17.34819209646693	1492672	21348.1920965	-71.74722601480781	99.177905
4516.50373513	2850	4.0	12.313258279651054	1439896	16313.2582797	-50.09701060249953	97.217465
4533.41560987	2850	4.0	12.911874741419101	1139291	16911.8747414	-52.67106138810213	93.825455
4573.84130988	2850	4.0	36.42570001383428	1499009	40425.7000138	-153.7805100594874	93.982147
4601.83193852	2850	4.0	23.990628637400192	1427478	27990.6286374	-100.30970314082083	90.92969
4622.83778349	2850	4.0	17.005844972356893	1402287	21005.8449724	-70.27513338113465	91.34334
4637.48120761	2850	4.0	10.64342411699061	1339500	14643.424117	-42.916723703059624	97.297482
4649.76900074	2850	4.0	8.287793127205541	1527299	12287.7931272	-32.78751044698382	92.902955
4659.88824629	2850	4.0	6.119245549652937	1343002	10119.2455497	-23.462755863507624	87.659279
4674.90030343	2850	4.0	11.012057146609314	1587250	15012.0571466	-44.501845730420044	95.172719
4695.48376394	2850	4.0	16.58346050645292	1464921	20583.4605065	-68.45888017774756	96.481395
4713.43455216	2850	4.0	13.950788223510182	1483527	17950.7882235	-57.13838936109378	95.602302
4723.20118473	2850	4.0	5.766632567801522	1231456	9766.6325678	-21.946520041546542	92.485503
4741.30762713	2850	4.0	14.106442402559004	1364537	18106.4424026	-57.80770233100372	97.895096

