60372.175119183674	750	4.0	2.8275693741498356	450283	2827.56937415	-11.408548308844292	64.858346
60385.902760740115	2850	4.0	9.72764155644105	1431809	13727.6415564	-41.078858692696514	90.683379
60414.01486462688	2850	4.0	24.112103886760863	1300868	28112.1038868	-100.83204671307172	90.483169
60443.32041721015	2850	4.0	25.305552583269566	1520281	29305.5525833	-105.96387610805914	89.788956
60463.463407542156	2850	4.0	16.14299033200463	1472558	20142.990332	-66.56485842761991	85.928154
60476.66867971589	2850	4.0	9.205272173738868	1224260	13205.2721737	-36.732670347077125	94.229141
60489.59145511041	2850	4.0	8.922775394511516	1388403	12922.7753945	-35.517934196399516	97.582873
60509.832654109014	2850	4.0	16.241198998606524	1638769	20241.1989986	-66.98715569400805	97.908255
60518.93319065211	2850	4.0	5.100536543094399	1348011	9100.53654309	-19.08230713530591	96.808308
60547.65782833131	2850	4.0	24.724637679195226	1429765	28724.6376792	-103.46594202053947	94.962414
60574.65629968351	2850	4.0	22.998471352203392	1354548	26998.4713522	-96.04342681447459	95.957675
60599.58716319043	2850	4.0	20.93086350692186	1519951	24930.8635069	-87.152713079764	92.483401
60615.096621776494	2850	4.0	11.509458586056578	1422919	15509.4585861	-46.64067192004328	93.510922
60628.8833856549	2850	4.0	9.786763878411104	1578343	13786.7638784	-39.233084677167746	91.568178
60646.80867016937	2850	4.0	13.925284514460854	1231445	17925.2845145	-57.02872341218167	88.830113
60655.31524993006	2850	4.0	4.506579760691515	1471065	8506.57976069	-16.52829297097351	93.514387
60679.9468518945	2850	4.0	20.631601964433628	1491626	24631.6019644	-85.8658884470646	94.650033
60709.95406944107	2850	4.0	26.007217546569613	1358801	30007.2175466	-108.98103545024934	92.142023
60737.321693207414	2850	4.0	23.36762376634422	1537156	27367.6237663	-97.63078219528015	89.30989
60752.68170027314	2850	4.0	11.360007065729171	1336050	15360.0070657	-45.998030382635434	93.680429
60763.048513924296	2850	4.0	6.366813651155615	1415116	10366.8136512	-24.527298699969144	90.785318
60784.620337973756	2850	4.0	17.571824049462677	1468126	21571.8240495	-72.70884341268952	89.398189
60794.38588089945	2850	4.0	5.765542925691814	1505760	9765.54292569	-21.941834580474797	85.954529
60812.3597439322	2850	4.0	13.973863032742633	1323990	17973.8630327	-57.23761104079332	89.320458
60841.77049258583	2850	4.0	25.41074865363517	1383735	29410.7486536	-106.41621921063124	93.348429
60873.761646444764	2850	4.0	27.99115385892822	1480464	31991.1538589	-117.51196159339135	97.271626
60889.423389381394	2850	4.0	11.661742936635031	1547572	15661.7429366	-47.29549462753063	97.509012
60899.26697383335	2850	4.0	5.843584451958146	1141971	9843.58445196	-22.277413143420027	93.311238
60919.11283912921	2850	4.0	15.845865295854571	1498470	19845.8652959	-65.28722077217466	96.041687
60932.735541917595	2850	4.0	9.62270278838111	1561263	13622.7027884	-38.52762199003877	96.863845
60945.3674406885	2850	4.0	8.631898770905066	1341201	12631.8987709	-34.26716471489178	94.816085
60976.813719549136	2850	4.0	27.44627886063305	1497683	31446.2788606	-115.16899910072212	92.910185
61003.29984832268	2850	4.0	22.486128773539086	1358081	26486.1287735	-93.84035372621807	95.193139
61025.4795366156	2850	4.0	18.179688292931306	1587293	22179.6882929	-75.32265965960462	81.858634
61039.34392581749	2850	4.0	9.864389201890635	1492672	13864.3892019	-39.56687356812973	99.177905
61058.20489447369	2850	4.0	14.860968656199471	1439896	18860.9686562	-61.052165221657724	97.217465
61069.900671112264	2850	4.0	7.695776638571495	1139291	11695.7766386	-30.241839545857424	93.825455
61080.62989157944	2850	4.0	6.7292204671779725	1499009	10729.2204672	-26.08564800886528	93.982147
61109.5426462395	2850	4.0	24.91275466005376	1427478	28912.7546601	-104.27484503823118	90.92969
61136.998885147936	2850	4.0	23.456238908436372	1402287	27456.2389084	-98.0118273062764	91.34334
61159.312643827325	2850	4.0	18.3137586793929	1339500	22313.7586794	-75.89916232138948	97.297482
61175.76032119982	2850	4.0	12.44767737249211	1527299	16447.6773725	-50.67501270171607	92.902955
61186.338586655824	2850	4.0	6.578265456007493	1343002	10578.265456	-25.436541460832217	87.659279
61208.707960152286	2850	4.0	18.369373496461535	1587250	22369.3734965	-76.1383060347846	95.172719
61216.52767218549	2850	4.0	3.8197120332020376	1464921	7819.7120332	-13.574761742768763	96.481395
61245.034285610775	2850	4.0	24.506613425282474	1483527	28506.6134253	-102.52843772871464	95.602302
61270.74505850004	2850	4.0	21.710772889271965	1231456	25710.7728893	-90.50632342386945	92.485503
61296.36762337801	2850	4.0	21.622564877975506	1364537	25622.564878	-90.12702897529468	97.895096

