26119.56832313064	750	4.0	3.8635903273045304	450283	3863.5903273045305	-15.863438407409479	64.858346
26120.808660536888	300	6.759662593753583	0.0	155580	1240.3374062464177	-0.15000000000000002	18.412623
26123.908434687906	750	7.659888442736641	0.0	350812	3099.7741510169417	0.3	60.430767
26126.764913554453	750	8.803409576187992	0.0	382355	2856.4788665486485	0.75	55.551349
26130.34307844332	750	9.225244687322967	0.0	411561	3578.1648888650257	0.75	51.003805
26132.7167081685	750	10.851614962143197	0.0	318564	2373.6297251797714	0.75	62.986308
26135.433097127247	750	12.135226003393255	0.0	352642	2716.3889587499407	0.75	81.00828
26141.345535859928	1200	10.222787270713917	0.0	709534	5912.438732679338	0.75	82.426144
26146.972202074587	1200	8.59612105605436	0.0	584846	5626.666214659559	1.2	82.430225
26152.20297671768	1200	7.365346412961277	0.0	560821	5230.774643093081	1.2	76.960357
26159.79605168939	1200	4.0	0.22772855874870765	607410	7593.074971709985	0.22076719738055706	82.096766
26163.516786932145	300	4.279264757246748	0.0	156148	3720.735242753252	-0.6000000000000001	19.431299
26166.983103039234	300	4.812948650155491	0.0	160746	3466.316107091257	0.3	21.445722
26171.61722400443	300	4.178827684961728	0.0	179801	4634.1209651937625	0.3	23.726678
26174.95102225273	300	4.8450294366606546	0.0	140051	3333.7982483010737	0.3	21.119447
26178.728250776403	300	5.067800912987476	0.0	138313	3777.2285236731786	0.3	19.984984
26182.009855095952	300	5.7861965934361175	0.0	143509	3281.604319551359	0.3	18.452936
26185.615749064633	300	6.1803026247571795	0.0	150616	3605.893968678938	0.3	35.116669
26189.175026311932	300	6.621025377456961	0.0	165384	3559.277247300219	0.3	26.310814
26192.0163723781	300	7.779679311287937	0.0	140881	2841.3460661690233	0.3	26.782579
26196.45498361791	300	7.341068071477236	0.0	157671	4438.6112398107025	0.3	28.807059
26201.400066848415	300	6.395984840970547	0.0	157812	4945.083230506689	0.3	21.07483
26205.20197932285	300	6.594072366535911	0.0	163927	3801.912474434635	0.3	16.837774
26206.870029186688	300	8.926022502697606	0.0	137654	1668.049863838305	0.3	6.466535
26208.408647312564	300	11.38740437682487	0.0	146754	1538.6181258727368	0.3	25.355956
26209.88847130384	300	13.907580385547435	0.0	153938	1479.8239912774352	0.3	22.855883
26211.82729427059	300	15.968757418796253	0.0	181901	1938.8229667511816	0.3	27.469573
26213.280698660397	300	18.51535302898943	0.0	111155	1453.4043898068226	0.3	12.138089
26222.26286720537	750	13.533184484014635	0.0	400396	8982.168544974795	0.3	69.601487
26233.042529839215	750	6.753521850170157	0.0	400508	10779.662633844478	0.75	67.821489
26237.037998759184	300	6.758052930198397	0.0	157421	3995.46891997176	-0.15000000000000002	25.589487
26240.94021451203	300	6.855837177355544	0.0	157488	3902.2157528428534	0.3	17.795984
26244.97977361925	300	6.816278070134034	0.0	143881	4039.559107221509	0.3	25.091594
26249.48073844423	300	6.31531324515492	0.0	163444	4500.964824979114	0.3	17.178658
26252.560828981612	300	7.235222707769126	0.0	179328	3080.0905373857945	0.3	28.893466
26255.452030698736	300	8.34402099064402	0.0	159914	2891.2017171251046	0.3	21.738399
26258.60835634363	300	9.18769534574761	0.0	131610	3156.3256448964116	0.3	28.4111
26260.78997081751	300	11.006080871870076	0.0	124011	2181.614473877535	0.3	21.943337
26263.847557568162	300	11.948494121218955	0.0	144254	3057.5867506511204	0.3	12.774971
26267.567965746144	300	12.22808594323752	0.0	149991	3720.4081779814355	0.3	17.21265
26271.639670134955	300	12.156381554427805	0.0	147968	4071.704388809716	0.3	5.263918
26275.352550476277	300	12.443501213107794	0.0	161857	3712.8803413200094	0.3	26.901789
26278.40719031308	300	13.388861376303558	0.0	145210	3054.639836804237	0.3	23.926655
26281.2103926253	300	14.585659064080579	0.0	172312	2803.202312222978	0.3	26.146503
26283.610348798084	300	16.185702891297908	0.0	167025	2399.956172782672	0.3	26.908827
26285.819826541472	300	17.97622514790893	0.0	160064	2209.477743388974	0.3	27.591437
26291.49844891877	750	16.297602770609704	0.0	331053	5678.622377299229	0.3	60.678126
26300.1900204554	1200	11.606031233980428	0.0	550906	8691.571536629275	0.75	86.366143

