26392.250436993967	750	4.0	8.215266709904062	450283	8215.266709904063	-34.57564685258747	64.858346
26395.279498840388	300	4.97093815357864	0.0	155580	3029.0618464213608	-0.15000000000000002	18.412623
26400.50532007292	750	4.0	0.2548830789539443	350812	5225.821232532584	-0.7959972395019603	60.430767
26402.501469935258	300	6.003850137663345	0.0	155432	1996.1498623366547	-0.15000000000000002	19.997309
26406.345810955823	750	6.159509117098549	0.0	411561	3844.341020564795	0.3	51.003805
26409.025889501074	750	7.4794305718485905	0.0	318564	2680.078545249959	0.75	62.986308
26412.124370526206	750	8.380949546714808	0.0	352642	3098.4810251337817	0.75	81.00828
26416.18197453259	750	8.323345540332186	0.0	437162	4057.604006382622	0.75	69.475262
26422.771673912048	1200	5.733646160873145	0.0	584846	6589.699379459041	0.75	82.430225
26423.915511336298	300	8.589808736624967	0.0	139105	1143.8374242481786	-0.6000000000000001	21.660501
26425.06052734031	300	11.444792732612196	0.0	141840	1145.0160040127696	0.3	2.177717
26428.785864197445	750	11.719455875476338	0.0	405134	3725.3368571358596	0.3	59.00323
26433.834149507864	750	10.671170565055727	0.0	386351	5048.2853104206115	0.75	59.358241
26435.52102295397	300	12.984297118952309	0.0	179801	1686.8734461034185	-0.15000000000000002	23.726678
26436.604257589042	300	15.901062483880406	0.0	140051	1083.2346350719035	0.3	21.119447
26439.568203706825	750	16.9371163660956	0.0	366214	2963.9461177848025	0.3	58.858709
26442.712528809632	750	17.792791263290678	0.0	360831	3144.325102804923	0.75	60.531124
26447.16972319848	750	17.33559687444105	0.0	372963	4457.194388849627	0.75	69.564049
26448.952083933254	300	19.553236139667575	0.0	165384	1782.3607347734714	-0.15000000000000002	26.310814
26451.875638088146	750	20.62968198477679	0.0	350713	2923.5541548907872	0.3	67.172129
26455.176541121495	750	21.328778951427722	0.0	386472	3300.9030333490705	0.75	62.777649
26456.85135253839	300	23.65396753453283	0.0	157812	1674.8114168948905	-0.15000000000000002	21.07483
26460.5795661476	750	23.9257539253201	0.0	401853	3728.213609212724	0.3	47.960406
26461.99949340771	300	26.50582666520756	0.0	137654	1419.9272601125404	-0.15000000000000002	6.466535
26465.754079550046	750	26.751240522872042	0.0	359903	3754.5861423355186	0.3	66.786337
26471.652380990978	750	24.852939081938434	0.0	379700	5898.301440933607	0.75	66.676537
26477.337316637982	750	23.168003434934526	0.0	425781	5684.93564700391	0.75	65.665965
26479.939693413715	750	24.56562665920072	0.0	277716	2602.3767757338064	0.75	68.231907
26483.122270890104	750	25.383049182811867	0.0	400396	3182.577476388852	0.75	69.601487
26486.54700836	750	25.95831171291637	0.0	400508	3424.7374698954986	0.75	67.821489
26490.04950332447	750	26.455816748447855	0.0	358218	3502.4949644685157	0.75	64.789531
26496.04047908994	1200	24.46484098297672	0.0	620283	5990.975765471133	0.75	72.909556
26501.176806938227	1200	23.32851313469193	0.0	584349	5136.327848284793	1.2	79.771897
26507.33984875408	1200	21.165471318839344	0.0	670129	6163.041815852585	1.2	62.28877
26514.182143437123	1200	18.323176635794397	0.0	690253	6842.294683044947	1.2	87.732581
26520.56534788226	1200	15.939972190661363	0.0	598727	6383.204445133033	1.2	77.763467
26525.700546999327	1200	14.804773073593617	0.0	487812	5135.1991170677475	1.2	77.846693
26535.103646737058	1200	9.401673335865388	0.0	575591	9403.09973772823	1.2	77.292461
26536.329486920305	300	12.175833152618987	0.0	144254	1225.8401832464008	-0.6000000000000001	12.774971
26540.82822912383	750	11.677090949097947	0.0	390680	4498.74220352104	0.3	61.525566
26544.315517839237	750	12.189802233686988	0.0	345516	3487.288715410957	0.75	79.583372
26548.790259999732	750	11.71506007319244	0.0	384505	4474.742160494548	0.75	64.443828
26554.418922221103	750	10.086397851825172	0.0	372093	5628.662221367268	0.75	58.879512
26557.63701733236	750	10.868302740566898	0.0	438281	3218.0951112582743	0.75	62.327504
26560.49132683886	750	12.013993234068963	0.0	398987	2854.3095064979348	0.75	63.729239
26565.441411733562	1200	11.063908339366774	0.0	638661	4950.084894702188	0.75	77.309224
26570.679441086784	1200	9.825878986144115	0.0	538612	5238.0293532226615	1.2	74.51099
26576.74151330636	1200	7.763806766570627	0.0	550906	6062.072219573487	1.2	86.366143

