24254.13244351594	750	4.0	3.445995646227827	450283	3445.9956462278274	-14.067781278779655	64.858346
24255.202331358374	300	6.930112157568032	0.0	155580	1069.8878424319682	-0.15000000000000002	18.412623
24256.137387798437	300	9.995055717503444	0.0	139857	935.0564400645883	0.3	17.596212
24257.235980964942	300	12.896462550995453	0.0	155432	1098.5931665079925	0.3	19.997309
24258.49963911494	300	15.632804400999138	0.0	163442	1263.6581499963152	0.3	16.877619
24263.513896507226	750	14.61854700871066	0.0	318564	5014.257392288477	0.3	62.986308
24272.57035340834	750	9.562090107597882	0.0	352642	9056.456901112779	0.75	81.00828
24277.095736635467	300	9.036706880472808	0.0	173849	4525.383227125074	-0.15000000000000002	35.451274
24279.49448806156	300	10.637955454379272	0.0	150710	2398.7514260935363	0.3	28.497356
24282.236466213126	300	11.895977302813586	0.0	139105	2741.978151565684	0.3	21.660501
24285.152396818456	300	12.980046697482308	0.0	141840	2915.930605331277	0.3	2.177717
24288.005325390233	300	14.127118125701848	0.0	156148	2852.928571780459	0.3	19.431299
24290.727814869893	300	15.404628646045698	0.0	160746	2722.489479656151	0.3	21.445722
24294.2312688288	300	15.901174687135342	0.0	179801	3503.4539589103542	0.3	23.726678
24296.51532657982	300	17.61711693611747	0.0	140051	2284.057751017872	0.3	21.119447
24299.201900069573	300	18.930543446364865	0.0	138313	2686.573489752603	0.3	19.984984
24302.966649652924	300	19.16579386301163	0.0	143509	3764.7495833532344	0.3	18.452936
24305.393433632296	300	20.73900988364041	0.0	150616	2426.7839793712205	0.3	35.116669
24307.17680923853	300	22.95563427740799	0.0	165384	1783.375606232416	0.3	26.310814
24308.758003381132	300	25.374440134801244	0.0	140881	1581.1941426067513	0.3	26.782579
24311.546499173597	300	26.585944342337704	0.0	157671	2788.4957924635373	0.3	28.807059
24313.53870567088	300	28.593737845054275	0.0	157812	1992.206497283431	0.3	21.07483
24319.65477185554	750	26.47767166039243	0.0	401853	6116.066184661841	0.3	47.960406
24323.367302195	750	26.765141320932322	0.0	343800	3712.5303394601115	0.75	55.451197
24326.773761732842	750	27.358681783091015	0.0	359903	3406.459537841307	0.75	66.786337
24330.46808819924	750	27.664355316694497	0.0	379700	3694.3264663965174	0.75	66.676537
24335.354195347936	750	26.77824816799727	0.0	425781	4886.107148697227	0.75	65.665965
24338.906093318583	750	27.22635019734951	0.0	277716	3551.8979706477585	0.75	68.231907
24345.26960681476	1200	24.862836701172213	0.0	622896	6363.513496177295	0.75	80.053124
24351.36812370384	1200	22.764319812091962	0.0	641447	6098.516889080251	1.2	80.154442
24356.926847476494	1200	21.20559603944041	0.0	570392	5558.7237726515505	1.2	78.009495
24363.32482466714	1200	18.807618848794505	0.0	620283	6397.977190645907	1.2	72.909556
24369.344242461273	1200	16.788201054662604	0.0	584349	6019.4177941319	1.2	79.771897
24378.612500985084	1200	11.51994253085292	0.0	670129	9268.258523809685	1.2	62.28877
24385.448787318615	750	8.683656197317552	0.0	401088	6836.286333535366	0.3	69.915275
24391.875996159775	750	6.256447356157989	0.0	365161	6427.208841159563	0.75	60.276519
24393.487360454812	300	8.645083061122182	0.0	131610	1611.364295035806	-0.15000000000000002	28.4111
24394.953757068964	300	11.17868644696798	0.0	124011	1466.396614154202	0.3	21.943337
24396.135287616587	300	13.997155899344834	0.0	144254	1181.530547623147	0.3	12.774971
24397.360626174748	300	16.771817341186704	0.0	149991	1225.338558158134	0.3	17.21265
24400.295016654774	750	17.83742686115869	0.0	345516	2934.390480028012	0.3	79.583372
24403.579911141496	750	18.552532374436304	0.0	384505	3284.894486722383	0.75	64.443828
24406.952675488665	750	19.179768027267418	0.0	372093	3372.764347168884	0.75	58.879512
24412.09744608805	750	18.034997427884125	0.0	438281	5144.770599383292	0.75	62.327504
24415.820302730168	750	18.3121407857654	0.0	398987	3722.856642118725	0.75	63.729239
24421.311216212962	1200	16.821227302973984	0.0	638661	5490.913482791416	0.75	77.309224
24427.76679405073	1200	14.36564946520344	0.0	538612	6455.577837770545	1.2	74.51099
24432.119156306995	1200	14.013287208936607	0.0	550906	4352.362256266832	1.2	86.366143

