55084.89474262321	750	4.0	1.4342768133466879	450283	1434.27681335	-5.4173902973907575	64.858346
55089.733115615054	2850	4.0	0.8383729918469426	1431809	4838.37299185	-2.8550038649418528	90.683379
55095.07404644833	2850	4.0	1.3409308332777627	1300868	5340.93083328	-2.916002583094379	90.483169
55102.37592400683	2850	4.0	3.3018775584978175	1520281	7301.8775585	-11.348073501540615	89.788956
55112.266878332084	2850	4.0	5.8909543252546195	1472558	9890.95432525	-22.48110359859486	85.928154
55117.20051356756	2850	4.0	0.9336352354771643	1224260	4933.63523548	-1.1646315125518067	94.229141
55124.592855168754	2850	4.0	3.3923416011901684	1388403	7392.34160119	-11.737068885117724	97.582873
55133.269043587636	2850	4.0	4.676188418878457	1638769	8676.18841888	-17.257610201177364	97.908255
55139.48157038058	2850	4.0	2.2125267929535704	1348011	6212.52679295	-6.663865209700353	96.808308
55154.03777301462	2850	4.0	10.55620263403595	1429765	14556.202634	-42.54167132635458	94.962414
55167.600234366924	2850	4.0	9.562461352306482	1354548	13562.4613523	-38.26858381491787	95.957675
55175.80999772299	2850	4.0	4.209763356061361	1519951	8209.76335606	-15.251982431063853	92.483401
55180.363667641206	2850	4.0	0.5536699182211814	1422919	4553.66991822	0.46921935164892004	93.510922
55185.84775044831	2850	4.0	1.4840828071048773	1578343	5484.0828071	-3.531556070550972	91.568178
55189.49727622992	2850	4.350474218383675	0.0	1231445	3649.52578162	2.85	88.830113
55196.90302408586	2850	4.0	3.05527363755844	1471065	7405.74785594	-10.287676641501292	93.514387
55203.53979484696	2850	4.0	2.63677076109252	1491626	6636.77076109	-8.488114272697835	94.650033
55210.98912956951	2850	4.0	3.4493347225538717	1358801	7449.33472255	-11.982139306981649	92.142023
55218.90766228369	2850	4.0	3.9185327141765858	1537156	7918.53271418	-13.99969067095932	89.30989
55223.77961532868	2850	4.0	0.8719530449948562	1336050	4871.95304499	-0.8993980934778811	93.680429
55229.97153188768	2850	4.0	2.1919165589990417	1415116	6191.916559	-6.57524120369588	90.785318
55236.613328575564	2850	4.0	2.6417966878827457	1468126	6641.79668788	-8.509725757895806	89.398189
55246.50350069602	2850	4.0	5.890172120448449	1505760	9890.17212045	-22.477740117928327	85.954529
55254.70270146499	2850	4.0	4.19920076897159	1323990	8199.20076897	-15.206563306577836	89.320458
55260.09283223128	2850	4.0	1.390130766291898	1383735	5390.13076629	-3.1275622950551614	93.348429
55265.70913486174	2850	4.0	1.6163026304537789	1480464	5616.30263045	-4.100101310951249	97.271626
55270.516558129726	2850	4.0	0.8074232679919605	1547572	4807.42326799	-0.62192005236543	97.509012
55273.446049188206	2850	5.070508941521636	0.0	1141971	2929.49105848	2.85	93.311238
55278.11890178493	2850	4.397656344792477	0.0	1498470	4672.85259673	2.85	96.041687
55284.59268367752	2850	4.0	2.076125547792025	1561263	6473.78189258	-6.077339855505707	96.863845
55288.41629520811	2850	4.176388469407277	0.0	1341201	3823.61153059	2.85	94.816085
55293.11689239796	2850	4.0	0.5242087204333229	1497683	4700.59718984	0.5959025021367119	92.910185
55297.51238897329	2850	4.0	0.3954965753395645	1358081	4395.49657534	1.1493647260398727	95.193139
55301.96008680674	2850	4.0	0.4476978334473897	1587293	4447.69783345	0.9248993161762245	81.858634
55307.35986087587	2850	4.0	1.3997740691205753	1492672	5399.77406912	-3.169028497218474	99.177905
55312.24212456972	2850	4.0	0.8822636938562064	1439896	4882.26369386	-0.9437338835816873	97.217465
55316.12772184386	2850	4.114402725861297	0.0	1139291	3885.59727414	2.85	93.825455
55322.39349166215	2850	4.0	2.151367092426186	1499009	6265.76981829	-6.400878497432599	93.982147
55329.857889802406	2850	4.0	3.4643981402501267	1427478	7464.39814025	-12.046912003075544	90.92969
55338.851274382294	2850	4.0	4.993384579886563	1402287	8993.38457989	-18.621553693512215	91.34334
55344.26638270661	2850	4.0	1.4151083243203137	1339500	5415.10832432	-3.234965794577349	97.297482
55353.00501481855	2850	4.0	4.738632111939918	1527299	8738.63211194	-17.526118081341643	92.902955
55359.7552068265	2850	4.0	2.7501920079517923	1343002	6750.19200795	-8.975825634192708	87.659279
55367.187740819594	2850	4.0	3.4325339930977807	1587250	7432.5339931	-11.909896170320456	95.172719
55384.01602940249	2850	4.0	12.82828858289454	1464921	16828.2885829	-52.31164090644652	96.481395
55397.10835584173	2850	4.0	9.092326439248858	1483527	13092.3264392	-36.247003688770086	95.602302
55402.51116337021	2850	4.0	1.4028075284838641	1231456	5402.80752848	-3.1820723724806155	92.485503
55406.99780671185	2850	4.0	0.48664334164041156	1364537	4486.64334164	0.7574336309462306	97.895096

