8119.434039656566	750	4.0	2.6661221575738243	450283	2666.122157573824	-10.714325277567443	64.858346
8120.7101059848455	300	6.723933671720184	0.0	155580	1276.066328279816	-0.15000000000000002	18.412623
8122.3813490755	300	9.052690581065232	0.0	139857	1671.2430906549514	0.3	17.596212
8125.476170014031	300	9.957869642535126	0.0	155432	3094.820938530105	0.3	19.997309
8128.938260845541	300	10.495778811024305	0.0	163442	3462.09083151082	0.3	16.877619
8131.508293472706	300	11.925746183859326	0.0	126289	2570.0326271649787	0.3	18.579568
8133.841139735797	300	13.592899920769002	0.0	153295	2332.8462630903255	0.3	42.291519
8135.6099165429005	300	15.824123113665133	0.0	173849	1768.7768071038674	0.3	35.451274
8136.847805530858	300	18.586234125707918	0.0	150710	1237.8889879572164	0.3	28.497356
8138.166412194278	300	21.26762746228844	0.0	139105	1318.606663419475	0.3	21.660501
8141.30849587785	750	22.12554377871639	0.0	353220	3142.0836835720525	0.3	70.008689
8148.86423701085	750	18.569802645716237	0.0	405134	7555.741133000152	0.75	59.00323
8151.065027439158	750	20.36901221740755	0.0	386351	2200.790428308684	0.75	59.358241
8152.8470659549	750	22.586973701665357	0.0	434409	1782.0385157421965	0.75	56.692976
8155.360716576185	1200	24.073323080380167	0.0	526950	2513.6506212851905	0.75	67.735752
8158.918655195964	1200	24.515384460601457	0.0	587876	3557.9386197787103	1.2	72.569044
8164.624435630528	1200	22.809604026036524	0.0	617242	5705.780434564935	1.2	75.662786
8168.573434895355	1850	22.860604761210265	0.0	885714	3948.999264826257	1.2000000000000002	85.258591
8172.977720325215	1850	22.45631933134939	0.0	987708	4404.2854298608745	1.85	79.995224
8179.219313220843	1850	20.21472643572124	0.0	923755	6241.5928956281505	1.85	86.363677
8184.681207946431	1200	18.752831710132657	0.0	601738	5461.894725588582	0.5499999999999999	74.235946
8186.957821757022	1200	20.476217899541297	0.0	616206	2276.6138105913597	1.2	68.532883
8189.528146584376	1200	21.90589307218684	0.0	656471	2570.3248273544614	1.2	63.455907
8193.602520491677	1850	21.831519164885798	0.0	874175	4074.373907301041	1.2000000000000002	80.700778
8202.84560194164	1850	16.588437714921536	0.0	897976	9243.08144996426	1.85	86.994267
8211.818314209973	1200	11.615725446589883	0.0	590335	8972.712268331654	0.5499999999999999	79.644231
8213.379712695474	300	14.05432696108912	0.0	181901	1561.3984855007618	-0.6000000000000001	27.469573
8216.051283149089	750	15.38275650747525	0.0	277716	2671.570453613872	0.3	68.231907
8217.297405120775	300	18.13663453578901	0.0	153605	1246.1219716862395	-0.15000000000000002	28.256686
8224.813920849932	750	14.620118806631154	0.0	400508	7516.5157291578535	0.3	67.821489
8225.986581993462	300	17.447457663100707	0.0	157421	1172.6611435304499	-0.15000000000000002	25.589487
8227.807204733508	750	19.626834923054204	0.0	400322	1820.622740046503	0.3	60.651768
8229.309900334252	750	22.12413932231054	0.0	369834	1502.695600743663	0.75	68.369339
8231.35809596003	750	24.075943696533525	0.0	412837	2048.195625777014	0.75	49.996929
8235.4465452306	1200	23.98749442596357	0.0	690253	4088.449270569961	0.75	87.732581
8242.719209242447	1850	20.714830414115646	0.0	943942	7272.664011847923	1.2000000000000002	90.168439
8245.49464517709	1850	21.939394479473126	0.0	728962	2775.4359346425185	1.85	86.066994
8250.075943573234	1850	21.35809608332842	0.0	938587	4581.298396144704	1.85	86.593761
8257.157568501701	1850	18.276471154862723	0.0	908665	7081.624928465693	1.85	82.415248
8261.474486978743	1200	17.959552677819765	0.0	587506	4316.918477042959	0.5499999999999999	72.886388
8263.467480957906	1200	19.966558698656335	0.0	566904	1992.9939791634256	1.2	86.974261
8266.064952627818	1200	21.36908702874561	0.0	641452	2597.4716699107266	1.2	75.706383
8270.468062991162	1850	20.96597666540055	0.0	886255	4403.11036334506	1.2000000000000002	78.86339
8276.276239067287	1200	19.157800589275087	0.0	634861	5808.176076125461	0.5499999999999999	75.003938
8287.194225810068	1200	12.23981384649319	0.0	630203	10917.986742781897	1.2	77.745919
8288.457032083157	300	14.977007573404935	0.0	160064	1262.8062730882557	-0.6000000000000001	27.591437
8291.55556623183	750	15.878473424731942	0.0	331053	3098.534148672994	0.3	60.678126
8294.874460484221	750	16.559579172340086	0.0	314107	3318.894252391854	0.75	75.210559

