47938.598496077815	750	4.0	2.8598146493896546	450283	2859.81464939	-11.547202992375514	64.858346
47945.40141339537	2850	4.0	2.8029173175519344	1431809	6802.91731755	-11.302544465473318	90.683379
47950.35979441624	2850	4.0	0.9583810208732993	1300868	4958.38102087	-1.2710383897551867	90.483169
47955.752559005385	2850	4.0	1.3927645891435159	1520281	5392.76458914	-3.138887733317118	89.788956
47962.75271360288	2850	4.0	3.0001545974924313	1472558	7000.15459749	-10.050664769217454	85.928154
47969.56059053246	2850	4.0	2.8078769295836583	1224260	6807.87692958	-9.223870797209731	94.229141
47977.29974921956	2850	4.0	3.739158687103324	1388403	7739.1586871	-13.228382354544292	97.582873
47984.616039308086	2850	4.0	3.3162900885258915	1638769	7316.29008853	-11.410047380661332	97.908255
47990.61972444349	2850	4.0	2.003685135398129	1348011	6003.6851354	-5.765846082211954	96.808308
47998.5616538773	2850	4.0	3.941929433817014	1429765	7941.92943382	-14.100296565413158	94.962414
48004.18658282092	2850	4.0	1.6249289436163272	1354548	5624.92894362	-4.137194457550207	95.957675
48010.46457392438	2850	4.0	2.2779911034565665	1519951	6277.99110346	-6.945361744863236	92.483401
48016.05546590348	2850	4.0	1.5908919791072684	1422919	5590.89197911	-3.990835510161254	93.510922
48021.61629232816	2850	4.0	1.5608264246739736	1578343	5560.82642467	-3.8615536260980865	91.568178
48026.862618234816	2850	4.0	1.2463259066550783	1231445	5246.32590666	-2.509201398616836	88.830113
48032.66027235933	2850	4.0	1.7976541245206517	1471065	5797.65412452	-4.879912735438802	93.514387
48038.22630415781	2850	4.0	1.5660317984781722	1491626	5566.03179848	-3.88393673345614	94.650033
48044.07525901072	2850	4.0	1.8489548529192288	1358801	5848.95485292	-5.100505867552684	92.142023
48050.94370880305	2850	4.0	2.8684497923262344	1537156	6868.44979233	-9.484334107002807	89.30989
48055.293314670824	2850	4.0	0.3496058677710553	1336050	4349.60586777	1.3466947685844624	93.680429
48061.806407458695	2850	4.0	2.5130927878690184	1415116	6513.09278787	-7.956298987836778	90.785318
48067.06567459042	2850	4.0	1.2592671317251498	1468126	5259.26713173	-2.564848666418144	89.398189
48072.97669883795	2850	4.0	1.911024247537115	1505760	5911.02424754	-5.367404264409595	85.954529
48080.14015548904	2850	4.0	3.1634566510894566	1323990	7163.45665109	-10.752863599684662	89.320458
48087.35683300426	2850	4.0	3.2166775152126577	1383735	7216.67751521	-10.981713315414428	93.348429
48096.74621667148	2850	4.0	5.389383667222888	1480464	9389.38366722	-20.324349769058415	97.271626
48111.71963275489	2850	4.0	10.973416083403103	1547572	14973.4160834	-44.33568915863334	97.509012
48116.90094249172	2850	4.0	1.1813097368332646	1141971	5181.30973683	-2.2296318683830374	93.311238
48122.211393580794	2850	4.0	1.3104510890732217	1498470	5310.45108907	-2.7849396830148527	96.041687
48126.79381335222	2850	4.0	0.5824197714233851	1561263	4582.41977142	0.34559498287944423	96.863845
48130.45163097281	2850	4.3421823794098255	0.0	1341201	3657.81762059	2.85	94.816085
48134.53196890245	2850	4.2618444497766115	0.0	1497683	4080.33792963	2.85	92.910185
48137.53406895773	2850	5.259744394492709	0.0	1358081	3002.10005528	2.85	95.193139
48141.76109584314	2850	5.0327175090853205	0.0	1587293	4227.02688541	2.85	81.858634
48145.00695795451	2850	5.786855397707211	0.0	1492672	3245.86211138	2.85	99.177905
48148.58987571002	2850	6.203937642196348	0.0	1439896	3582.91775551	2.85	97.217465
48154.2882179266	2850	4.50559542562529	0.0	1139291	5698.34221657	2.85	93.825455
48161.12810509997	2850	4.0	2.334291747745282	1499009	6839.88717337	-7.187454515304713	93.982147
48165.73756829947	2850	4.0	0.6094631994946749	1427478	4609.46319949	0.22930824217289825	90.92969
48172.22419885995	2850	4.0	2.486630560486424	1402287	6486.63056049	-7.842511410091623	91.34334
48178.708429832055	2850	4.0	2.4842309721022366	1339500	6484.2309721	-7.832193180039617	97.297482
48187.4043125794	2850	4.0	4.695882747341708	1527299	8695.88274734	-17.34229581356934	92.902955
48194.594311943845	2850	4.0	3.1899993644399256	1343002	7189.99936444	-10.86699726709168	87.659279
48200.869385162354	2850	4.0	2.275073218507172	1587250	6275.07321851	-6.932814839580839	95.172719
48207.29894144843	2850	4.0	2.429556286084091	1464921	6429.55628608	-7.5970920301615905	96.481395
48215.199599981286	2850	4.0	3.9006585328507444	1483527	7900.65853285	-13.922831691258201	95.602302
48220.300185015054	2850	4.0	1.1005850337675056	1231456	5100.58503377	-1.8825156452002738	92.485503
48225.862191742075	2850	4.0	1.5620067270217997	1364537	5562.00672702	-3.8666289261937385	97.895096

