21245.50219876193	750	4.0	3.995068697861578	450283	3995.068697861578	-16.428795400804784	64.858346
21246.994470849262	300	6.507727912669612	0.0	155580	1492.2720873303876	-0.15000000000000002	18.412623
21248.266566903323	300	9.235631858607427	0.0	139857	1272.0960540621852	0.3	17.596212
21249.68134985486	300	11.820848907070088	0.0	155432	1414.7829515373378	0.3	19.997309
21253.11477083624	750	12.38742792568922	0.0	411561	3433.420981380868	0.3	51.003805
21255.76886612449	750	13.733332637443578	0.0	318564	2654.0952882456418	0.75	62.986308
21260.817089583623	1200	12.685109178308528	0.0	561791	5048.223459135049	0.75	89.177904
21272.551795911146	1200	4.950402850787526	0.0	709534	11734.706327521002	1.2	82.426144
21274.73927128995	300	6.762927471983828	0.0	150710	2187.475378803698	-0.6000000000000001	28.497356
21276.61608997976	300	8.886108782170723	0.0	139105	1876.8186898131064	0.3	21.660501
21278.869212651887	300	10.63298611004498	0.0	141840	2253.1226721257426	0.3	2.177717
21280.807665215245	300	12.694533546686458	0.0	156148	1938.4525633585222	0.3	19.431299
21282.944700363452	300	14.557498398478149	0.0	160746	2137.03514820831	0.3	21.445722
21284.919805189795	300	16.58239357213724	0.0	179801	1975.104826340908	0.3	23.726678
21288.635932405617	750	16.866266356315677	0.0	337059	3716.127215821561	0.3	54.76216
21292.21019770341	750	17.292001058522693	0.0	366214	3574.2652977929843	0.75	58.858709
21295.680363883683	750	17.821834878250257	0.0	360831	3470.1661802724325	0.75	60.531124
21299.886405462592	750	17.61579329933828	0.0	372963	4206.041578911981	0.75	69.564049
21305.294282852457	750	16.20791590947335	0.0	405596	5407.877389864928	0.75	60.564875
21312.651773367605	750	12.85042539432396	0.0	350713	7357.49051514939	0.75	67.172129
21318.55960864245	750	10.942590119482462	0.0	386472	5907.835274841497	0.75	62.777649
21320.729725690846	300	12.772473071086125	0.0	157812	2170.117048396335	-0.15000000000000002	21.07483
21323.236642886128	300	14.265555875804793	0.0	163927	2506.917195281332	0.3	16.837774
21326.264434557805	300	15.237764204129041	0.0	137654	3027.7916716757522	0.3	6.466535
21330.632788288378	300	14.869410473556098	0.0	146754	4368.353730572945	0.3	25.355956
21335.425852382312	300	14.076346379618263	0.0	153938	4793.0640939378345	0.3	22.855883
21339.891274576064	300	13.610924185868246	0.0	181901	4465.422193750017	0.3	27.469573
21343.01260986422	300	14.48958889771078	0.0	111155	3121.3352881574647	0.3	12.138089
21346.61261568437	300	14.889583077560546	0.0	153605	3600.0058201502347	0.3	28.256686
21349.558454743426	300	15.94374401850464	0.0	149029	2945.839059055907	0.3	23.365013
21353.002706819436	300	16.499491942493062	0.0	157421	3444.2520760115763	0.3	25.589487
21356.822620255116	300	16.679578506813595	0.0	157488	3819.91343567947	0.3	17.795984
21360.02244335365	300	17.479755408279274	0.0	143881	3199.823098534321	0.3	25.091594
21364.618468406883	300	16.883730355047877	0.0	163444	4596.025053231397	0.3	17.178658
21368.748776489825	300	16.753422272106786	0.0	179328	4130.308082941092	0.3	28.893466
21371.6273394965	300	17.874859265431205	0.0	159914	2878.5630066755793	0.3	21.738399
21374.301793305556	300	19.200405456374714	0.0	131610	2674.4538090564947	0.3	28.4111
21376.303577146064	300	21.198621615866116	0.0	124011	2001.783840508597	0.3	21.943337
21378.477465314394	300	23.02473344753662	0.0	144254	2173.8881683294953	0.3	12.774971
21380.778138484366	300	24.72406027756758	0.0	149991	2300.67316996904	0.3	17.21265
21383.45808815395	300	26.044110607981658	0.0	147968	2679.949669585922	0.3	5.263918
21388.095630398846	300	25.4065683630861	0.0	161857	4637.542244895553	0.3	26.901789
21391.512098630374	300	25.99010013156244	0.0	145210	3416.468231523666	0.3	23.926655
21394.246215827778	300	27.255982934158663	0.0	172312	2734.1171974037766	0.3	26.146503
21396.625561854995	300	28.876636906941535	0.0	167025	2379.3460272171296	0.3	26.908827
21400.80518891277	750	28.697009849165802	0.0	393804	4179.627057775731	0.3	62.845425
21404.001499724247	750	29.500699037692687	0.0	331053	3196.3108114731153	0.75	60.678126
21411.0751858683	1850	26.42701289363985	0.0	846370	7073.686144052837	0.75	92.020773

