5178.43472383	750	4.0	4.127748728925795	450283	4127.74872893	-16.999319534380916	64.858346
5188.47721192	2850	4.0	6.042488088426832	1431809	10042.4880884	-25.232698780235374	90.683379
5197.86743608	2850	4.0	5.390224161871523	1300868	9390.22416187	-20.327963896047546	90.483169
5214.96113441	2850	4.0	13.093698333577503	1520281	17093.6983336	-53.45290283438326	89.788956
5223.61921555	2850	4.0	4.658081130868877	1472558	8658.08113087	-17.17974886273617	85.928154
5228.42806004	2850	4.0	0.8088444980209825	1224260	4808.84449802	-0.6280313414902245	94.229141
5233.78378201	2850	4.0	1.3557219663820306	1388403	5355.72196638	-2.9796044554427312	97.582873
5239.02399029	2850	4.0	1.2402082787987783	1638769	5240.2082788	-2.482895598834746	97.908255
5242.78030958	2850	4.24368071310137	0.0	1348011	3756.3192869	2.85	96.808308
5246.98631874	2850	4.03767155208727	0.0	1429765	4206.00916101	2.85	94.962414
5252.01869527	2850	4.0	0.9947049767264907	1354548	5032.37652881	-1.4272313999239095	95.957675
5258.79675052	2850	4.0	2.7780552573130852	1519951	6778.05525731	-9.095637606446266	92.483401
5262.80533518	2850	4.0	0.00858465527287217	1422919	4008.58465527	2.81308598232665	93.510922
5268.36632842	2850	4.0	1.5609932377996465	1578343	5560.9932378	-3.8622709225384795	91.568178
5277.04571445	2850	4.0	4.679386036925727	1231445	8679.38603693	-17.271359958780625	88.830113
5286.30716031	2850	4.0	5.261445856258206	1471065	9261.44585626	-19.774217181910284	93.514387
5294.25262435	2850	4.0	3.9454640419382314	1491626	7945.46404194	-14.115495380334396	94.650033
5300.62618579	2850	4.0	2.373561435719297	1358801	6373.56143572	-7.356314173592978	92.142023
5305.90554637	2850	4.0	1.2793605836845983	1537156	5279.36058368	-2.651250509843772	89.30989
5311.22067406	2850	4.0	1.3151276865077417	1336050	5315.12768651	-2.8050490519832887	93.680429
5317.06425693	2850	4.0	1.8435828751714707	1415116	5843.58287517	-5.077406363237323	90.785318
5325.64600533	2850	4.0	4.581748402673606	1468126	8581.74840267	-16.8515181314965	89.398189
5331.39421647	2850	4.0	1.7482111308430086	1505760	5748.21113084	-4.667307862624936	85.954529
5338.57242732	2850	4.0	3.1782108504728313	1323990	7178.21085047	-10.816306657033174	89.320458
5344.18141754	2850	4.0	1.6089902262067088	1383735	5608.99022621	-4.068657972688847	93.348429
5349.72550302	2850	4.0	1.544085475703042	1480464	5544.0854757	-3.7895675455230804	97.271626
5353.81924768	2850	4.0	0.0937446584370473	1547572	4093.74465844	2.446897968720697	97.509012
5356.85071239	2850	4.968535287437166	0.0	1141971	3031.46471256	2.85	93.311238
5361.82975703	2850	4.0	0.010509354939842524	1498470	4979.04464238	2.8048097737586772	96.041687
5366.27756172	2850	4.0	0.4478046849214643	1561263	4447.80468492	0.9244398548377037	96.863845
5369.32628461	2850	4.95127710916289	0.0	1341201	3048.72289084	2.85	94.816085
5372.70314866	2850	5.574413056939766	0.0	1497683	3376.86405222	2.85	92.910185
5375.37405585	2850	6.903505869741026	0.0	1358081	2670.9071872	2.85	95.193139
5379.20656315	2850	7.070998565299434	0.0	1587293	3832.50730444	2.85	81.858634
5383.40248864	2850	6.875073071280904	0.0	1492672	4195.92549402	2.85	99.177905
5389.51873992	2850	4.758821800137163	0.0	1439896	6116.25127114	2.85	97.217465
5399.22831844	2850	4.0	4.950756726634953	1139291	9709.57852677	-18.438253924530297	93.825455
5408.10919496	2850	4.0	4.880876514066782	1499009	8880.87651407	-18.13776901048716	93.982147
5422.93325367	2850	4.0	10.82405871353671	1427478	14824.0587135	-43.69345246820785	90.92969
5434.52397792	2850	4.0	7.590724253367427	1402287	11590.7242534	-29.790114289479938	91.34334
5441.40823826	2850	4.0	2.884260338447406	1339500	6884.26033845	-9.552319455323845	97.297482
5447.10113825	2850	4.0	1.692899986384561	1527299	5692.89998638	-4.429469941453613	92.902955
5452.2140669	2850	4.0	1.1129286496348176	1343002	5112.92864963	-1.9355931934297153	87.659279
5456.93425921	2850	4.0	0.7201923148853812	1587250	4720.19231489	-0.2468269540071386	95.172719
5460.95042577	2850	4.0	0.016166555584361957	1464921	4016.16655558	2.780483810987244	96.481395
5465.87687477	2850	4.0	0.9264490041454227	1483527	4926.44900415	-1.1337307178253178	95.602302
5471.6291319	2850	4.0	1.7522571297528258	1231456	5752.25712975	-4.684705657937151	92.485503
5476.19175934	2850	4.0	0.5626274379811466	1364537	4562.62743798	0.43070201668107	97.895096

