16915.26996869012	750	4.0	7.571061952176263	450283	7571.061952176264	-31.805566394357932	64.858346
16917.24976311328	300	6.020205576839139	0.0	155580	1979.794423160861	-0.15000000000000002	18.412623
16918.342775094592	300	8.927193595526365	0.0	139857	1093.0119813127735	0.3	17.596212
16919.27396608064	300	11.996002609478529	0.0	155432	931.1909860478366	0.3	19.997309
16922.964239737823	750	12.305728952295572	0.0	411561	3690.2736571829546	0.3	51.003805
16925.145573411748	750	14.124395278372834	0.0	318564	2181.333673922738	0.75	62.986308
16927.870016346187	750	15.39995234393495	0.0	352642	2724.4429344378837	0.75	81.00828
16930.797025052103	750	16.47294363801839	0.0	437162	2927.0087059165594	0.75	69.475262
16934.62675157121	750	16.643217118915413	0.0	374758	3829.7265191029765	0.75	70.789292
16938.87163610133	750	16.398332588794396	0.0	362795	4244.884530121017	0.75	64.786022
16945.777659552496	750	13.492309137626755	0.0	353220	6906.023451167642	0.75	70.008689
16956.026903265018	750	7.243065425105715	0.0	405134	10249.24371252104	0.75	59.00323
16958.36804721103	300	8.90192147909072	0.0	160746	2341.143946014995	-0.15000000000000002	21.445722
16959.896810296046	300	11.37315839407507	0.0	179801	1528.763085015651	0.3	23.726678
16961.015608040187	300	14.254360649935926	0.0	140051	1118.7977441391447	0.3	21.119447
16964.132398130463	750	15.137570559662443	0.0	366214	3116.7900902734827	0.3	58.858709
16966.640529591205	750	16.62943909892167	0.0	360831	2508.1314607407744	0.75	60.531124
16969.719236373756	750	17.550732316367554	0.0	372963	3078.7067825541158	0.75	69.564049
16972.848658082698	750	18.421310607424825	0.0	405596	3129.4217089427284	0.75	60.564875
16976.37444858869	750	18.895520101434318	0.0	350713	3525.790505990507	0.75	67.172129
16980.497183334523	750	18.772785355600043	0.0	386472	4122.734745834276	0.75	62.777649
16986.761275435136	750	16.508693254986547	0.0	399894	6264.092100613498	0.75	55.443233
16993.36247939871	750	13.9074892914077	0.0	401853	6601.203963578846	0.75	47.960406
16996.950103512314	750	14.319865177806921	0.0	343800	3587.6241136007775	0.75	55.451197
17000.48283263912	750	14.787136051001257	0.0	359903	3532.729126805665	0.75	66.786337
17003.54796357745	750	15.722005112670985	0.0	379700	3065.1309383302714	0.75	66.676537
17006.496364577197	750	16.773604112925	0.0	425781	2948.4009997459816	0.75	65.665965
17008.4948676426	750	18.775101047522554	0.0	277716	1998.5030654024442	0.75	68.231907
17011.40025292508	750	19.869715765042418	0.0	400396	2905.3852824801343	0.75	69.601487
17016.057770428524	750	19.212198261598097	0.0	400508	4657.5175034443255	0.75	67.821489
17018.40173458615	750	20.868234103970885	0.0	358218	2343.96415762721	0.75	64.789531
17024.956537407546	750	18.313431282574307	0.0	400322	6554.802821396576	0.75	60.651768
17029.104705475394	750	18.165263214726394	0.0	369834	4148.168067847913	0.75	68.369339
17032.333711442596	750	18.93625724752471	0.0	412837	3229.0059672016823	0.75	49.996929
17035.349994526146	750	19.91997416397292	0.0	401088	3016.283083551788	0.75	69.915275
17038.13329164185	750	21.136677048272492	0.0	365161	2783.29711570043	0.75	60.276519
17043.100899861343	1850	20.169068828780336	0.0	728962	4967.608219492156	0.75	86.066994
17058.54935980542	1850	8.720608884704049	0.0	938587	15448.459944076287	1.85	86.593761
17062.520522868122	300	8.749445822001377	0.0	144254	3971.163062702671	-1.25	12.774971
17066.153731898674	300	9.116236791451227	0.0	149991	3633.20903055015	0.3	17.21265
17068.54892453704	300	10.72104415308241	0.0	147968	2395.1926383688174	0.3	5.263918
17070.072468553397	300	13.197500136723354	0.0	161857	1523.5440163590551	0.3	26.901789
17071.16716854503	300	16.102800145090946	0.0	145210	1094.6999916324075	0.3	23.926655
17074.84921379795	750	16.420754892170052	0.0	438281	3682.045252920894	0.3	62.327504
17077.766235179082	750	17.503733511039542	0.0	398987	2917.0213811305057	0.75	63.729239
17080.924139899118	750	18.34582879100173	0.0	393804	3157.9047200378145	0.75	62.845425
17083.455607430107	750	19.814361260014824	0.0	331053	2531.467530986906	0.75	60.678126
17086.539755654776	750	20.730213035347084	0.0	314107	3084.148224667735	0.75	75.210559

