34926.49111110325	750	4.0	3.445995646227827	450283	3445.99564623	-14.067781278779655	64.858346
34948.280584316	2850	4.0	17.789473212747005	1431809	21789.4732127	-75.74473481481212	90.683379
34972.230518029355	2850	4.0	19.94993371335658	1300868	23949.9337134	-82.9347149674333	90.483169
34993.36808772827	2850	4.0	17.13756969891722	1520281	21137.5696989	-70.84154970534404	89.788956
35008.88736918783	2850	4.0	11.519281459561803	1472558	15519.2814596	-46.68291027611575	85.928154
35021.05329410492	2850	4.0	8.165924917083938	1224260	12165.9249171	-32.26347714346093	94.229141
35034.89414818102	2850	4.0	9.84085407610562	1388403	13840.8540761	-39.46567252725416	97.582873
35057.65347269656	2850	4.0	18.75932451554727	1638769	22759.3245155	-77.81509541685327	97.908255
35071.63525094898	2850	4.0	9.981778252415218	1348011	13981.7782524	-40.071646485385436	96.808308
35085.520516054894	2850	4.0	9.88526510590827	1429765	13885.2651059	-39.65663995540555	94.962414
35098.65758700338	2850	4.0	9.137070948485356	1354548	13137.0709485	-36.43940507848703	95.957675
35113.023553561856	2850	4.0	10.365966558481475	1519951	14365.9665585	-41.72365620147034	92.483401
35126.19570774862	2850	4.0	9.172154186761901	1422919	13172.1541868	-36.590263003076174	93.510922
35144.24737921372	2850	4.0	14.051671465098861	1578343	18051.6714651	-57.5721872999251	91.568178
35155.75913549224	2850	4.0	7.511756278524732	1231445	11511.7562785	-29.450551997656348	88.830113
35169.06737262475	2850	4.0	9.308237132504976	1471065	13308.2371325	-37.175419669771394	93.514387
35184.436728833985	2850	4.0	11.369356209241536	1491626	15369.3562092	-46.0382316997386	94.650033
35201.945936273114	2850	4.0	13.509207439122868	1358801	17509.2074391	-55.23959198822833	92.142023
35218.341475952664	2850	4.0	12.395539679551824	1537156	16395.5396796	-50.45082062207284	89.30989
35228.33894694122	2850	4.0	5.997470988560043	1336050	9997.47098856	-22.939125250808182	93.680429
35239.07904783507	2850	4.0	6.740100893848839	1415116	10740.1008938	-26.132433843550007	90.785318
35251.71390817066	2850	4.0	8.634860335596633	1468126	12634.8603356	-34.27989944306552	89.398189
35282.87842200631	2850	4.0	27.164513835649164	1505760	31164.5138356	-113.95740949329141	85.954529
35303.749284359146	2850	4.0	16.87086235283823	1323990	20870.8623528	-69.6947081172044	89.320458
35318.55441154293	2850	4.0	10.80512718377994	1383735	14805.1271838	-43.61204689025374	93.348429
35334.502681486665	2850	4.0	11.948269943739506	1480464	15948.2699437	-48.52756075807987	97.271626
35349.676465170705	2850	4.0	11.173783684040021	1547572	15173.783684	-45.19726984137209	97.509012
35362.31410472248	2850	4.0	8.637639551775615	1141971	12637.6395518	-34.29185007263514	93.311238
35383.95007649414	2850	4.0	17.63597177166475	1498470	21635.9717717	-72.98467861815843	96.041687
35398.72718173563	2850	4.0	10.777105241487874	1561263	14777.1052415	-43.491552538397855	96.863845
35411.79854370169	2850	4.0	9.07136196606524	1341201	13071.3619661	-36.156856454080526	94.816085
35425.83754270913	2850	4.0	10.038999007432723	1497683	14038.9990074	-40.317695731960704	92.910185
35437.90800009088	2850	4.0	8.070457381757855	1358081	12070.4573818	-31.852966741558774	95.193139
35456.96735524234	2850	4.0	15.059355151457861	1587293	19059.3551515	-61.9052271512688	81.858634
35470.280885196255	2850	4.0	9.313529953912509	1492672	13313.5299539	-37.198178801823786	99.177905
35483.21882126173	2850	4.0	8.937936065479443	1439896	12937.9360655	-35.583125081561604	97.217465
35495.30693216504	2850	4.0	8.088110903308328	1139291	12088.1109033	-31.928876884225808	93.825455
35513.51127708851	2850	4.0	14.20434492346695	1499009	18204.3449235	-58.22868317090788	93.982147
35530.54647165917	2850	4.0	13.035194570658266	1427478	17035.1945707	-53.20133665383054	90.92969
35541.26959723837	2850	4.0	6.723125579209602	1402287	10723.1255792	-26.059439990601284	91.34334
35551.2259237115	2850	4.0	5.956326473121883	1339500	9956.32647312	-22.762203834424092	97.297482
35562.3782788644	2850	4.0	7.1523551528997285	1527299	11152.3551529	-27.90512715746883	92.902955
35586.93840754236	2850	4.0	20.56012867795639	1343002	24560.128678	-85.55855331521248	87.659279
35613.9046360309	2850	4.0	22.966228488544356	1587250	26966.2284885	-95.90478250074074	95.172719
35631.79087709686	2850	4.0	13.886241065955572	1464921	17886.241066	-56.86083658360896	96.481395
35648.1207538672	2850	4.0	12.329876770347125	1483527	16329.8767703	-50.168470112492635	95.602302
35659.71785637111	2850	4.0	7.597102503912547	1231456	11597.1025039	-29.817540766823946	92.485503
35673.61278005898	2850	4.0	9.89492368786587	1364537	13894.9236879	-39.69817185782323	97.895096

