18331.6102953	750	4.0	7.862962959107444	450283	7862.96295911	-33.06074072416201	64.858346
18348.2884733	2850	4.0	12.678177983885696	1431809	16678.1779839	-53.76616533070849	90.683379
18361.7985524	2850	4.0	9.510079162880272	1300868	13510.0791629	-38.04334040038517	90.483169
18371.4902619	2850	4.0	5.6917095175764425	1520281	9691.70951758	-21.6243509255787	89.788956
18379.8678611	2850	4.0	4.377599126375778	1472558	8377.59912638	-15.973676243415847	85.928154
18385.1047007	2850	4.0	1.2368396592135131	1224260	5236.83965921	-2.4684105346181062	94.229141
18390.7454751	2850	4.0	1.6407743876869025	1388403	5640.77438769	-4.205329867053681	97.582873
18400.0602485	2850	4.0	5.314773334180634	1638769	9314.77333418	-20.003525336976725	97.908255
18410.531843	2850	4.0	6.471594522211479	1348011	10471.5945222	-24.977856445509357	96.808308
18428.8584218	2850	4.0	14.326578874400319	1429765	18326.5788744	-58.75428915992137	94.962414
18434.8262045	2850	4.0	1.9677827001031083	1354548	5967.7827001	-5.611465610443366	95.957675
18444.5266177	2850	4.0	5.700413196120917	1519951	9700.41319612	-21.66177674331994	92.483401
18455.1543087	2850	4.0	6.627690922298551	1422919	10627.6909223	-25.649070965883766	93.510922
18467.3286565	2850	4.0	8.174347831952192	1578343	12174.347832	-32.29969567739442	91.568178
18476.7762377	2850	4.0	5.447581169303192	1231445	9447.5811693	-20.574599028003725	88.830113
18487.2916862	2850	4.0	6.515448530419811	1471065	10515.4485304	-25.166428680805186	93.514387
18495.5660529	2850	4.0	4.274366726057024	1491626	8274.36672606	-15.529776922045203	94.650033
18513.9301736	2850	4.0	14.364120642143888	1358801	18364.1206421	-58.91571876121871	92.142023
18518.5244488	2850	4.0	0.5942751869760532	1537156	4594.27518698	0.29461669600297125	89.30989
18522.361267	2850	4.163181772649738	0.0	1336050	3836.81822735	2.85	93.680429
18526.7633854	2850	4.0	0.23893666188706356	1415116	4402.11843454	1.8225723538856269	90.785318
18531.3578047	2850	4.0	0.5944193288005827	1468126	4594.4193288	0.29399688615749486	89.398189
18536.2536444	2850	4.0	0.8958396240992043	1505760	4895.8396241	-1.0021103836265781	85.954529
18544.1701354	2850	4.0	3.916490983074362	1323990	7916.49098307	-13.990911227219756	89.320458
18558.1196585	2850	4.0	9.949523104324703	1383735	13949.5231043	-39.93294934859622	93.348429
18569.0987212	2850	4.0	6.979062732120168	1480464	10979.0627321	-27.15996974811672	97.271626
18575.9991484	2850	4.0	2.90042725375779	1547572	6900.42725376	-9.621837191158496	97.509012
18581.0099781	2850	4.0	1.0108296211504222	1141971	5010.82962115	-1.4965673709468148	93.311238
18593.107209	2850	4.0	8.097230952319476	1498470	12097.2309523	-31.968093094973746	96.041687
18618.2061791	2850	4.0	21.09897011750258	1561263	25098.9701175	-87.8755715052611	96.863845
18638.564792	2850	4.0	16.35861281927395	1341201	20358.6128193	-67.492035122878	94.816085
18655.2882797	2850	4.0	12.723487759524465	1497683	16723.4877595	-51.8609973659552	92.910185
18666.9158268	2850	4.0	7.6275470534196685	1358081	11627.5470534	-29.948452329704573	95.193139
18678.0666731	2850	4.0	7.150846374871535	1587293	11150.8463749	-27.8986394119476	81.858634
18684.6081142	2850	4.0	2.541441069518065	1492672	6541.44106952	-8.07819659892768	99.177905
18690.3282653	2850	4.0	1.7201510646458664	1439896	5720.15106465	-4.546649577977226	97.217465
18696.0156316	2850	4.0	1.687366367735308	1139291	5687.36636774	-4.405675381261824	93.825455
18704.4071271	2850	4.0	4.391495458060037	1499009	8391.49545806	-16.033430469658157	93.982147
18722.7808381	2850	4.0	14.37371095449426	1427478	18373.7109545	-58.95695710432532	90.92969
18733.4037023	2850	4.0	6.622864245411576	1402287	10622.8642454	-25.628316255269777	91.34334
18739.9534301	2850	4.0	2.54972777502134	1339500	6549.72777502	-8.11382943259176	97.297482
18751.0993438	2850	4.0	7.14591371066847	1527299	11145.9137107	-27.877428955874418	92.902955
18760.9381947	2850	4.0	5.838850888775298	1343002	9838.85088878	-22.25705882173378	87.659279
18772.8364161	2850	4.0	7.898221450211053	1587250	11898.2214502	-31.112352235907522	95.172719
18785.3677137	2850	4.0	8.53129758412098	1464921	12531.2975841	-33.83457961172021	96.481395
18792.293428	2850	4.0	2.9257142736682473	1483527	6925.71427367	-9.730571376773463	95.602302
18810.5204364	2850	4.0	14.227008430501431	1231456	18227.0084305	-58.32613625115615	92.485503
18817.1884953	2850	4.0	2.6680588597689474	1364537	6668.05885977	-8.622653097006474	97.895096

