17883.65657275035	750	4.0	2.005422751396268	450283	2005.4227513962683	-7.873317831003952	64.858346
17885.890610272865	750	5.765962477485412	0.0	398865	2234.037522514588	0.75	57.017244
17887.993299053687	750	7.663273696664623	0.0	350812	2102.6887808207885	0.75	60.430767
17890.2039598622	750	9.452612888153697	0.0	382355	2210.6608085109256	0.75	55.551349
17892.52241559631	750	11.134157154042203	0.0	411561	2318.4557341114946	0.75	51.003805
17895.306556710028	1200	12.350016040326242	0.0	520315	2784.1411137159607	0.75	75.14582
17898.59298136925	1200	13.063591381102599	0.0	561791	3286.424659223643	1.2	89.177904
17902.765190605398	1200	12.891382144955267	0.0	709534	4172.2092361473315	1.2	82.426144
17907.693160984196	1850	11.96341176615721	0.0	852833	4927.970378798057	1.2000000000000002	90.218296
17911.70354136065	1850	11.95303138970224	0.0	913888	4010.38037645497	1.85	86.733288
17915.888476715372	1850	11.76809603498309	0.0	939819	4184.9353547191495	1.85	89.239922
17920.099947746607	1850	11.556625003744434	0.0	917428	4211.471031238654	1.85	82.202545
17924.901281365812	1850	10.755291384540454	0.0	946851	4801.3336192039815	1.85	83.629776
17930.816438715992	1850	8.84013403436316	0.0	1036454	5915.157350177295	1.85	80.875505
17935.769983060327	1850	7.886589690026147	0.0	821631	4953.544344337013	1.85	78.494849
17940.984280425477	1850	6.672292324876456	0.0	923170	5214.29736514969	1.85	83.7301
17944.968058261922	1200	6.688514488431247	0.0	617242	3983.7778364452092	0.5499999999999999	75.662786
17949.86540977916	1200	5.791162971198217	0.0	581493	4897.35151723303	1.2	79.137254
17955.275533918073	750	4.381038832283254	0.0	405596	5410.124138914963	0.3	60.564875
17957.429269761717	300	6.227302988640551	0.0	140881	2153.735843642704	-0.15000000000000002	26.782579
17959.751138983396	300	7.905433766958949	0.0	157671	2321.8692216816007	0.3	28.807059
17962.041881750913	300	9.61469099944064	0.0	157812	2290.74276751831	0.3	21.07483
17964.563122415257	300	11.093450335096538	0.0	163927	2521.2406643441013	0.3	16.837774
17966.66273049412	300	12.993842256228106	0.0	137654	2099.6080788684326	0.3	6.466535
17967.795472853544	300	15.861099896805346	0.0	146754	1132.7423594227612	0.3	25.355956
17969.017531817695	300	18.639040932652367	0.0	153938	1222.058964152981	0.3	22.855883
17972.584445489985	750	19.072127260365548	0.0	425781	3566.913672286818	0.3	65.665965
17974.81749373344	750	20.83907901691035	0.0	277716	2233.0482434552005	0.75	68.231907
17978.474796794155	750	21.181775956197075	0.0	400396	3657.303060713274	0.75	69.601487
17983.0562469506	750	20.600325799751623	0.0	400508	4581.450156445451	0.75	67.821489
17989.186248929593	1200	18.470323820757375	0.0	570392	6130.00197899425	0.75	78.009495
17994.934734007926	1200	16.72183874242445	0.0	620283	5748.485078332924	1.2	72.909556
18000.25037731653	1200	15.406195433820205	0.0	584349	5315.643308604246	1.2	79.771897
18009.240805711157	1200	10.415767039193275	0.0	670129	8990.42839462693	1.2	62.28877
18017.024958932867	750	6.631613817484506	0.0	401088	7784.15322170877	0.3	69.915275
18020.842135275052	300	6.814437475300309	0.0	159914	3817.176342184196	-0.15000000000000002	21.738399
18024.024667828504	300	7.631904921848306	0.0	131610	3182.5325534520034	0.3	28.4111
18026.496646283424	300	9.159926466927093	0.0	124011	2471.9784549212136	0.3	21.943337
18027.993101612454	300	11.66347113789987	0.0	144254	1496.455329027221	0.3	12.774971
18029.23392856729	300	14.422644183061557	0.0	149991	1240.8269548383144	0.3	17.21265
18030.406919453	300	17.249653297354236	0.0	147968	1172.9908857073233	0.3	5.263918
18031.687613244285	300	19.968959506068945	0.0	161857	1280.6937912852864	0.3	26.901789
18034.56437769178	750	21.09219505857394	0.0	372093	2876.764447495006	0.3	58.879512
18037.595755130344	750	22.060817620008557	0.0	438281	3031.377438565383	0.75	62.327504
18040.945820766756	750	22.7107519835968	0.0	398987	3350.0656364117567	0.75	63.729239
18046.459389790183	1200	21.19718296016542	0.0	638661	5513.56902343138	0.75	77.309224
18053.39113701296	1850	18.265435737387676	0.0	830730	6931.747222777745	1.2000000000000002	84.040637
18066.624030794443	2850	9.03254195590927	0.0	1364537	13232.893781478408	1.85	97.895096

