23997.762496294046	750	4.0	6.602941104200595	450283	6602.941104200595	-137.8707347367079	64.858346
23999.383744462622	300	6.378751831422763	0.0	155580	1621.2481685772375	-36.3468075049402	18.412623
24003.591817790155	750	6.1706785038941945	0.0	350812	4208.073327528568	61.03747640393585	60.430767
24009.42391752806	750	4.338578765990105	0.0	382355	5832.099737904089	39.207823032133746	55.551349
24011.111583217524	300	6.650913076524203	0.0	163442	1687.665689465902	-29.4007282903967	16.877619
24014.700452300996	750	7.062043993051733	0.0	318564	3588.8690834724707	64.42063296283115	62.986308
24017.947244324703	750	7.815251969342988	0.0	352642	3246.7920237087455	71.31441799403183	81.00828
24020.790064558565	750	8.972431735478315	0.0	437162	2842.820233864674	43.94053818670605	69.475262
24023.964835453626	750	9.797660840418859	0.0	374758	3174.7708950594556	57.681454273815504	70.789292
24027.127444367135	750	10.635051926907064	0.0	362795	3162.608913511794	45.836272051926805	64.786022
24029.912346501784	750	11.850149792262066	0.0	353220	2784.902134645	58.18502339881593	70.008689
24033.204161034126	750	12.558335259917824	0.0	405134	3291.814532344242	35.63150226952917	59.00323
24036.647679101447	750	13.114817192598046	0.0	386351	3443.5180673197774	47.71472422025977	59.358241
24040.6695521404	750	13.092944153644119	0.0	434409	4021.8730389539264	42.523882025230556	56.692976
24043.842650806597	750	13.919845487443768	0.0	337059	3173.0986662003506	41.66792139000558	54.76216
24047.11737708525	750	14.64511920879054	0.0	366214	3274.726278653228	48.406541934633836	58.858709
24050.0185405815	750	15.743955712540911	0.0	360831	2901.163496249628	49.100589048161304	60.531124
24053.097764029768	750	16.664732264273635	0.0	372963	3079.2234482672766	58.9438058139744	69.564049
24056.771074916975	750	16.991421377067045	0.0	405596	3673.310887206592	39.08272725573663	60.564875
24059.36464430042	750	18.397851993618243	0.0	350713	2593.5693834488034	56.195305162945644	67.172129
24064.33566981232	1200	17.426826481721157	0.0	601738	4971.025511897085	62.31370233979262	74.235946
24068.944265208815	1200	16.81823108522748	0.0	616206	4608.595396493676	49.32801204213999	68.532883
24075.252575558636	1200	14.509920735406038	0.0	656471	6308.310349821445	45.69259308258809	63.455907
24081.254919286162	750	12.507577007880439	0.0	343800	6002.3437275256	35.8070729127465	55.451197
24085.34281627454	750	12.419680019504403	0.0	359903	4087.896988376035	57.277353060696605	66.786337
24090.23260908296	750	11.529887211081784	0.0	379700	4889.792808422621	53.69031629537219	66.676537
24097.016544941733	750	8.745951352306294	0.0	425781	6783.935858775489	51.87874368281537	65.665965
24099.491720247926	750	10.270776046112433	0.0	277716	2475.1753061938616	55.88863627581473	68.231907
24102.399601209432	750	11.362895084607441	0.0	400396	2907.8809615049927	56.69205323288801	69.601487
24105.97992520772	750	11.782571086321814	0.0	400508	3580.3239982856267	52.88789921294314	67.821489
24109.512375234284	750	12.250121059756014	0.0	358218	3532.450026565801	48.99180250230414	64.789531
24116.637750196787	750	9.124746097251805	0.0	400322	7125.374962504207	44.31426861062449	60.651768
24124.530080268796	750	5.232416025244165	0.0	369834	7892.330072007641	57.54006651746116	68.369339
24127.503201265223	300	6.259295028816412	0.0	163444	2973.1209964277527	-42.426248896999155	17.178658
24130.638972924175	300	7.123523369868437	0.0	179328	3135.771658947975	25.298969194880584	28.893466
24133.459251873443	300	8.303244420600024	0.0	159914	2820.2789492684133	8.157137465372118	21.738399
24136.375923910644	750	9.386572383395668	0.0	321064	2916.672037204355	67.61379806696837	67.040505
24139.26287897205	750	10.499617321988884	0.0	361565	2886.9550614067853	53.6345161054191	66.788635
24142.501256493506	750	11.261239800531998	0.0	378327	3238.377521456887	45.38239461526515	62.32333
24145.176886135163	750	12.585610158871011	0.0	390680	2675.629641660985	48.59802426280343	61.525566
24147.806753303026	750	13.955742991011297	0.0	345516	2629.8671678597143	70.11833935431406	79.583372
24152.887361894143	1200	12.875134399893652	0.0	641452	5080.608591117645	57.34071953352638	75.706383
24157.01971692726	1200	12.742779366775268	0.0	599477	4132.355033118383	53.129647516624864	71.343181
24160.968983274703	1200	12.793513019333872	0.0	634861	3949.266347441396	61.95010051241022	75.003938
24167.183079197366	1200	10.579417096668912	0.0	630203	6214.09592266496	63.99851811947875	77.745919
24170.829429553803	750	10.933066740232867	0.0	393804	3646.350356436045	34.75283370783322	62.845425
24176.30591366815	1200	9.456582625882296	0.0	538612	5476.484114350572	63.91782743622792	74.51099
24180.279387579965	750	9.483108714068026	0.0	314107	3973.4739118142693	61.242738256780044	75.210559

