21507.705779925414	750	4.0	4.717391294739914	450283	4717.391294739914	-19.53478256738163	64.858346
21509.16071006194	300	6.545069863471299	0.0	155580	1454.9301365287008	-0.15000000000000002	18.412623
21510.411591978052	300	9.294187947363007	0.0	139857	1250.881916108293	0.3	17.596212
21514.380034974794	750	9.325744950618896	0.0	382355	3968.4429967441124	0.3	55.551349
21519.16655999405	750	8.539219931364958	0.0	411561	4786.525019253938	0.75	51.003805
21523.22234605577	750	8.483433869646703	0.0	318564	4055.7860617182564	0.75	62.986308
21526.801893485062	750	8.903886440351645	0.0	352642	3579.547429295057	0.75	81.00828
21530.890650386613	750	8.815129538801221	0.0	437162	4088.7569015504255	0.75	69.475262
21534.446748539234	750	9.259031386180268	0.0	374758	3556.0981526209525	0.75	70.789292
21537.840996086066	750	9.864783839351125	0.0	362795	3394.2475468291427	0.75	64.786022
21541.33695937721	750	10.368820548204198	0.0	353220	3495.9632911469266	0.75	70.008689
21545.70449773774	750	10.001282187674128	0.0	405134	4367.538360530069	0.75	59.00323
21549.715136155257	750	9.990643770157137	0.0	386351	4010.6384175169937	0.75	59.358241
21554.24362236263	750	9.46215756278468	0.0	434409	4528.486207372454	0.75	56.692976
21559.176835244933	750	8.528944680480839	0.0	337059	4933.212882303842	0.75	54.76216
21562.028048765667	300	9.677731159743605	0.0	138313	2851.213520737235	-0.15000000000000002	19.984984
21565.207035629966	300	10.498744295445679	0.0	143509	3178.9868642979277	0.3	18.452936
21567.338434207748	300	12.367345717661385	0.0	150616	2131.398577784294	0.3	35.116669
21570.202405827873	300	13.503374097538826	0.0	165384	2863.9716201225588	0.3	26.310814
21572.698971952632	300	15.006807972780773	0.0	140881	2496.5661247580542	0.3	26.782579
21574.90094451644	300	16.80483540897059	0.0	157671	2201.9725638101804	0.3	28.807059
21577.038277000487	300	18.667502924926257	0.0	157812	2137.3324840443297	0.3	21.07483
21579.087333376334	300	20.618446549078193	0.0	163927	2049.0563758480653	0.3	16.837774
21580.42839267867	300	23.277387246740805	0.0	137654	1341.059302337391	0.3	6.466535
21581.66976080125	300	26.03601912416118	0.0	146754	1241.3681225796254	0.3	25.355956
21583.01186948771	300	28.6939104377044	0.0	153938	1342.1086864567822	0.3	22.855883
21586.653467235497	750	29.052312689915393	0.0	425781	3641.597747789006	0.3	65.665965
21589.19949662826	750	30.506283297153352	0.0	277716	2546.0293927620396	0.75	68.231907
21593.205728431614	750	30.500051493794167	0.0	400396	4006.2318033591864	0.75	69.601487
21597.886994789136	750	29.818785136274563	0.0	400508	4681.266357519604	0.75	67.821489
21600.74282390443	750	30.962956020978297	0.0	358218	2855.829115296266	0.75	64.789531
21604.39803214687	750	31.30774777854113	0.0	400322	3655.208242437167	0.75	60.651768
21609.32561534492	750	30.380164580492487	0.0	369834	4927.583198048645	0.75	68.369339
21612.66517011538	750	31.040609810034578	0.0	412837	3339.5547704579103	0.75	49.996929
21615.994280637944	750	31.711499287469017	0.0	401088	3329.110522565559	0.75	69.915275
21619.578903108904	750	32.12687681650699	0.0	365161	3584.622470962024	0.75	60.276519
21623.312119931823	750	32.39365999358917	0.0	321064	3733.2168229178287	0.75	67.040505
21626.27240410082	750	33.43337582459286	0.0	361565	2960.2841689963116	0.75	66.788635
21629.305321806572	750	34.400458118839815	0.0	378327	3032.9177057530437	0.75	62.32333
21633.176864386503	750	34.52891553890957	0.0	390680	3871.5425799302384	0.75	61.525566
21636.385186047504	750	35.32059387790849	0.0	345516	3208.3216610010845	0.75	79.583372
21640.277030917616	750	35.42874900779861	0.0	384505	3891.8448701098805	0.75	64.443828
21645.646451420238	750	34.05932850517802	0.0	372093	5369.420502620584	0.75	58.879512
21651.900507607897	750	31.805272317519037	0.0	438281	6254.056187658988	0.75	62.327504
21653.591709826822	300	34.11407009859001	0.0	167025	1691.2022189290255	-0.15000000000000002	26.908827
21655.163257038344	300	36.54252288706917	0.0	160064	1571.547211520841	0.3	27.591437
21656.459945515024	300	39.24583441038903	0.0	137507	1296.6884766801463	0.3	25.36694
21657.449256024607	300	42.25652390080904	0.0	118421	989.3105095799822	0.3	36.062877

