188.91850610794415	750	4.0	1.4342768133466879	450283	1434.276813346688	0.5	-5.4173902973907575	64.858346
192.32995048621524	1850	4.5885556217289025	0.0	957685	3411.444378271098	0.5	0.75	81.460624
195.18079733626865	1850	5.737708771675481	0.0	877771	2850.8468500534213	0.5	1.85	82.465457
199.34071580129483	1850	5.5777903066492955	0.0	933276	4159.918465026186	0.5	1.85	78.955826
203.8472733394094	1850	5.071232768534727	0.0	996749	4506.557538114569	0.5	1.85	75.455188
208.98657046951504	1850	4.0	0.0680643615709223	801058	5139.297130105649	0.5	1.5573232452450343	86.249306
211.73960726070848	750	5.246963208806563	0.0	352642	2753.036791193437	0.5	-0.3500000000000001	81.00828
215.17866404808802	750	5.8079064214270435	0.0	437162	3439.056787379519	0.5	0.75	69.475262
216.63102033510603	750	8.355550134409036	0.0	374758	1452.3562870180087	0.5	0.75	70.789292
218.15807540103793	750	10.828495068477151	0.0	362795	1527.0550659318837	0.5	0.75	64.786022
219.6377614755684	750	13.348808993946673	0.0	353220	1479.68607453048	0.5	0.75	70.008689
221.32200610125253	750	15.664564368262532	0.0	405134	1684.2446256841388	0.5	0.75	59.00323
222.9855687328867	750	18.00100173662838	0.0	386351	1663.5626316341557	0.5	0.75	59.358241
226.82845329931558	1200	18.158117170199493	0.0	687371	3842.8845664288856	0.5	0.75	70.998108
230.19148307012338	1200	18.79508739939168	0.0	526950	3363.0297708078133	0.5	1.2	67.735752
235.04468314173835	1850	17.941887327776705	0.0	923170	4853.200071614972	0.5	1.2000000000000002	83.7301
239.78467968737826	1850	17.201890782136807	0.0	966699	4739.996545639898	0.5	1.85	86.226021
243.74277758946644	1850	17.243792880048627	0.0	885714	3958.0979020881823	0.5	1.85	85.258591
250.47624398580373	1850	14.510326483711335	0.0	987708	6733.466396337291	0.5	1.85	79.995224
263.30252977239735	1850	5.684040697117705	0.0	923755	12826.28578659363	0.5	1.85	86.363677
265.6064771163194	300	7.380093353195646	0.0	157671	2303.94734392206	0.5	-1.25	28.807059
267.0299944871891	300	9.956575982326013	0.0	157812	1423.517370869631	0.5	0.3	21.07483
268.42836371223046	300	12.558206757284617	0.0	163927	1398.3692250413962	0.5	0.3	16.837774
269.58149251955905	300	15.405077949956036	0.0	137654	1153.128807328581	0.5	0.3	6.466535
270.85627659064403	300	18.130293878871065	0.0	146754	1274.7840710849732	0.5	0.3	25.355956
272.3195360088204	300	20.667034460694676	0.0	153938	1463.2594181763898	0.5	0.3	22.855883
275.73838948416403	750	21.24818098535105	0.0	425781	3418.853475343627	0.5	0.3	65.665965
277.7221015813363	750	23.264468888178744	0.0	277716	1983.7120971723045	0.5	0.75	68.231907
279.6969959284621	750	25.289574541052914	0.0	400396	1974.894347125828	0.5	0.75	69.601487
281.76145974965374	1200	27.22511071986126	0.0	641447	2064.4638211916563	0.5	0.75	80.154442
283.42218052117926	1200	29.56438994833571	0.0	570392	1660.7207715255483	0.5	1.2	78.009495
286.9495416682368	1850	30.03702880127821	0.0	954453	3527.3611470574983	0.5	1.2000000000000002	83.67714
290.2170847620548	1850	30.76948570746018	0.0	885062	3267.5430938180307	0.5	1.85	87.533761
294.82225807020586	2850	30.16431239930913	0.0	1587293	4605.173308151053	0.5	1.85	81.858634
302.2438265004644	2850	26.74274396905056	0.0	1492672	7421.568430258569	0.5	2.85	99.177905
308.7721230354007	2850	24.214447434114263	0.0	1439896	6528.296534936295	0.5	2.85	97.217465
314.8828384779672	2850	22.103731991547786	0.0	1139291	6110.715442566478	0.5	2.85	93.825455
323.07688001118345	2850	17.90969045833154	0.0	1499009	8194.041533216247	0.5	2.85	93.982147
326.73112697018485	1850	18.25544349933014	0.0	908665	3654.2469590014002	0.5	0.8500000000000001	82.415248
330.0644734795383	1850	18.92209698997664	0.0	930577	3333.346509353499	0.5	1.85	83.556577
333.98944339932314	1850	18.99712707019186	0.0	858450	3924.969919784785	0.5	1.85	92.068418
338.45982429769793	1850	18.526746171817063	0.0	1025005	4470.380898374795	0.5	1.85	85.276808
342.64086781538174	1850	18.34570265413327	0.0	886255	4181.043517683794	0.5	1.85	78.86339
346.878206404673	1850	18.108364064841993	0.0	973972	4237.338589291278	0.5	1.85	84.84845
356.7976918359363	1850	12.188878633578682	0.0	958994	9919.48543126331	0.5	1.85	87.119023
359.5937212174624	1200	13.392849252052521	0.0	638661	2796.0293815261607	0.5	0.5499999999999999	77.309224
361.8276037495518	1200	15.158966719963157	0.0	538612	2233.882532089365	0.5	1.2	74.51099
363.809109416977	1200	17.177461052538014	0.0	550906	1981.5056674251416	0.5	1.2	86.366143

