21788.616893063776	750	4.0	4.264022486880352	450283	4264.022486880352	-17.585296693585512	64.858346
21789.870474059375	300	6.746419004404097	0.0	155580	1253.5809955959026	-0.15000000000000002	18.412623
21793.729467059962	750	6.887426003815712	0.0	350812	3858.993000588385	0.3	60.430767
21803.859520205773	750	4.0	3.2426271419951336	382355	10130.053145810845	-13.193296710579073	55.551349
21808.5100181021	300	4.0	0.650497896330111	163442	4650.497896330111	-2.9471409542194777	16.877619
21812.35194244961	300	4.158075652489755	0.0	126289	3841.924347510245	0.3	18.579568
21814.66658253736	300	5.843435564740557	0.0	153295	2314.6400877491983	0.3	42.291519
21816.52009903243	300	7.989919069669395	0.0	173849	1853.5164950711628	0.3	35.451274
21817.935884798717	300	10.574133303385562	0.0	150710	1415.7857662838335	0.3	28.497356
21819.08329513918	300	13.4267229629229	0.0	139105	1147.410340462663	0.3	21.660501
21820.278667659528	300	16.231350442571188	0.0	141840	1195.372520351714	0.3	2.177717
21826.105897960057	750	14.404120142042892	0.0	405134	5827.230300528295	0.3	59.00323
21831.348127602134	750	13.161890499965146	0.0	386351	5242.229642077746	0.75	59.358241
21834.970318851214	750	13.539699250884452	0.0	434409	3622.1912490806944	0.75	56.692976
21837.574958733872	750	14.935059368227874	0.0	337059	2604.639882656578	0.75	54.76216
21842.857812484846	750	13.65220561725487	0.0	366214	5282.853750973004	0.75	58.858709
21845.811151370755	750	14.698866731344802	0.0	360831	2953.3388859100673	0.75	60.531124
21849.672814377467	750	14.837203724634838	0.0	372963	3861.663006709964	0.75	69.564049
21857.055206903053	750	11.45481119905079	0.0	405596	7382.392525584047	0.75	60.564875
21860.460822694356	750	12.049195407743111	0.0	350713	3405.6157913076786	0.75	67.172129
21866.284787458288	750	10.225230643812859	0.0	386472	5823.964763930252	0.75	62.777649
21870.47786466029	750	10.032153441814325	0.0	399894	4193.0772019985325	0.75	55.443233
21874.79323305255	750	9.716785049552003	0.0	401853	4315.368392262321	0.75	47.960406
21879.348405315628	750	9.161612786478564	0.0	343800	4555.172263073441	0.75	55.451197
21883.16670742954	750	9.343310672566785	0.0	359903	3818.3021139117777	0.75	66.786337
21886.491612394522	750	10.018405707582065	0.0	379700	3324.9049649847207	0.75	66.676537
21890.468431307705	750	10.041586794402193	0.0	425781	3976.8189131798745	0.75	65.665965
21892.875297479422	750	11.634720622683886	0.0	277716	2406.8661717183063	0.75	68.231907
21897.702950233757	750	10.807067868345584	0.0	400396	4827.652754338303	0.75	69.601487
21902.263771173668	750	10.246246928436978	0.0	400508	4560.820939908606	0.75	67.821489
21905.79498581868	750	10.715032283423556	0.0	358218	3531.2146450134233	0.75	64.789531
21909.876568127438	750	10.633449974664986	0.0	400322	4081.5823087585713	0.75	60.651768
21913.31533648211	750	11.19468161999502	0.0	369834	3438.7683546699664	0.75	68.369339
21918.042001661346	750	10.468016440758603	0.0	412837	4726.6651792364155	0.75	49.996929
21928.632318216674	750	4.0	0.12230011457123874	401088	10590.316555329842	0.2241095073436734	69.915275
21933.43621460188	300	4.0	0.8038963852050401	159914	4803.89638520504	-3.606754456381673	21.738399
21936.708889205212	300	4.727325396663485	0.0	131610	3272.6746033365152	0.3	28.4111
21938.596645178477	300	6.83956942339713	0.0	124011	1887.7559732663544	0.3	21.943337
21940.10462437307	300	9.331590228803242	0.0	144254	1507.9791945938875	0.3	12.774971
21941.52347735526	300	11.912737246615661	0.0	149991	1418.8529821875798	0.3	17.21265
21942.763896251527	300	14.67231835034665	0.0	147968	1240.4188962690118	0.3	5.263918
21944.121251794724	300	17.3149628071473	0.0	161857	1357.3555431993516	0.3	26.901789
21949.41396379889	750	16.02225080298642	0.0	372093	5292.7120041608805	0.3	58.879512
21955.400680852657	750	14.035533749214304	0.0	438281	5986.717053772113	0.75	62.327504
21958.67723227456	750	14.758982327314795	0.0	398987	3276.5514218995095	0.75	63.729239
21962.00153767535	750	15.434676926523618	0.0	393804	3324.305400791178	0.75	62.845425
21968.546611659996	1200	12.889602941877287	0.0	538612	6545.073984646331	0.75	74.51099
21974.236556841108	1200	11.199657760763056	0.0	550906	5689.945181114231	1.2	86.366143

