22284.836395491133	750	4.0	4.3779972098671385	450283	4377.997209867139	-73.80144285762742	64.858346
22287.79279102578	750	5.043604465355893	0.0	398865	2956.3955346441076	37.30694774282116	57.017244
22290.481146309958	750	6.355249181179587	0.0	350812	2688.355284176306	49.53439726135709	60.430767
22293.480960889756	750	7.355434601380731	0.0	382355	2999.8145797988554	39.207823032133746	55.551349
22296.697085146196	750	8.139310344942938	0.0	411561	3216.1242564377926	35.708620955217725	51.003805
22299.129834371226	750	9.706561119911186	0.0	318564	2432.7492250317514	54.252000083560986	62.986308
22301.555938495076	750	11.280456996060598	0.0	352642	2426.104123850587	71.31441799403183	81.00828
22304.35947268993	750	12.476922801211902	0.0	437162	2803.534194848697	43.94053818670605	69.475262
22306.94864187519	750	13.887753615945563	0.0	374758	2589.169185266339	57.681454273815504	70.789292
22309.83194627933	750	15.004449211810986	0.0	362795	2883.304404134576	45.836272051926805	64.786022
22312.575831473172	750	16.260564017966786	0.0	353220	2743.885193844201	58.18502339881593	70.008689
22316.59110062637	750	16.245294864765572	0.0	405134	4015.2691532012136	35.63150226952917	59.00323
22320.15882013168	750	16.677575359455908	0.0	386351	3567.719505309668	47.71472422025977	59.358241
22324.006396160854	750	16.82999933028613	0.0	434409	3847.5760291697743	42.523882025230556	56.692976
22327.35403146595	750	17.482364025185134	0.0	337059	3347.635305100998	41.66792139000558	54.76216
22332.76684929076	750	16.06954620037488	0.0	366214	5412.817824810257	48.406541934633836	58.858709
22336.592522181596	750	16.243873309539953	0.0	360831	3825.672890834925	49.100589048161304	60.531124
22339.78905218766	750	17.04734330347559	0.0	372963	3196.5300060643635	58.9438058139744	69.564049
22343.22388192346	750	17.612513567677535	0.0	405596	3434.829735798056	39.08272725573663	60.564875
22346.391435104753	750	18.44496038638251	0.0	350713	3167.5531812950294	56.195305162945644	67.172129
22349.50100241181	750	19.33539307932788	0.0	386472	3109.567307054628	45.8423031210838	62.777649
22354.77635753816	1200	18.060037952977602	0.0	616206	5275.355126350276	57.09385149382384	68.532883
22360.08718932033	1200	16.74920617080672	0.0	656471	5310.831782170886	45.69259308258809	63.455907
22362.63921667444	750	18.197178816697146	0.0	343800	2552.0273541095744	35.8070729127465	55.451197
22365.55631901789	750	19.280076473247735	0.0	359903	2917.102343449409	57.277353060696605	66.786337
22368.653311409995	750	20.183084081143537	0.0	379700	3096.9923921041996	53.69031629537219	66.676537
22373.02217381673	750	19.81422167440958	0.0	425781	4368.862406733954	51.87874368281537	65.665965
22375.447251030047	750	21.38914446109115	0.0	277716	2425.077213318431	55.88863627581473	68.231907
22378.206328089353	750	22.630067401783226	0.0	400396	2759.077059307926	56.69205323288801	69.601487
22382.978206132084	1200	21.858189359050677	0.0	641447	4771.878042732547	68.3657470054535	80.154442
22388.19857601586	1200	20.637819475273943	0.0	570392	5220.369883776732	61.12892222454211	78.009495
22394.144485137025	1200	18.691910354106138	0.0	620283	5945.909121167807	53.67453510265016	72.909556
22398.238575109226	750	18.59782038190953	0.0	369834	4094.08997219661	50.42328474062561	68.369339
22404.70242236818	1200	16.133973122954583	0.0	670129	6463.8472589549465	43.639332434497476	62.28877
22408.88525851507	750	15.951136976063832	0.0	401088	4182.8361468907515	58.822186338307795	69.915275
22412.67426586044	750	16.162129630692778	0.0	365161	3789.007345371051	38.15992246287269	60.276519
22415.508658313454	750	17.327737177680312	0.0	321064	2834.3924530124686	56.13053433110116	67.040505
22418.878353570668	750	17.958041920468816	0.0	361565	3369.6952572114947	53.6345161054191	66.788635
22422.127188611586	750	18.70920687954824	0.0	378327	3248.8350409205723	45.38239461526515	62.32333
22427.103108681702	1200	17.733286809431377	0.0	587506	4975.920070116864	62.21343448466478	72.886388
22430.702480367974	750	18.133915123160524	0.0	345516	3599.371686270854	66.73313750009174	79.583372
22433.93385791435	750	18.902537576783054	0.0	384505	3231.3775463774696	35.852891186903015	64.443828
22440.482281667624	1200	16.354113823511646	0.0	599477	6548.42375327141	59.81481088460728	71.343181
22448.17832702163	750	12.658068469507974	0.0	438281	7696.045354003671	40.55799003037691	62.327504
22452.455791205975	750	12.380604285161306	0.0	398987	4277.46418434667	51.728421217727	63.729239
22455.748681648933	750	13.087713842205483	0.0	393804	3292.890442955822	49.62451534898482	62.845425
22460.495475630978	1200	12.340919860161657	0.0	538612	4746.793982043826	63.91782743622792	74.51099
22462.807401440386	750	14.028994050752598	0.0	314107	2311.9258094090605	61.242738256780044	75.210559

