16594.174893953776	750	4.0	5.127185897414645	450283	5127.185897414644	-21.29689935888297	64.858346
16596.06817545503	300	6.106718498746048	0.0	155580	1893.2815012539522	-0.15000000000000002	18.412623
16602.420163183993	1200	4.0	0.24526923021822403	571051	6351.987728964272	-0.7546576899383634	73.587374
16604.345083755914	300	6.075079428082315	0.0	155432	1924.920571917685	-0.6000000000000001	19.997309
16609.391979026357	750	5.0281841576361614	0.0	411561	5046.8952704461535	0.3	51.003805
16612.171268310023	750	6.248894873972471	0.0	318564	2779.2892836636906	0.75	62.986308
16615.750293169553	750	6.669870014442507	0.0	352642	3579.024859529964	0.75	81.00828
16620.56330947489	750	5.856853709105808	0.0	437162	4813.0163053367	0.75	69.475262
16622.135977549457	300	8.28418563453712	0.0	150710	1572.6680745686874	-0.15000000000000002	28.497356
16626.984556281837	750	7.4356069021563105	0.0	362795	4848.578732380809	0.3	64.786022
16628.684904420086	300	9.735258763907645	0.0	141840	1700.3481382486666	-0.15000000000000002	2.177717
16631.119559987153	300	11.300603196841573	0.0	156148	2434.6555670660705	0.3	19.431299
16633.148011785317	300	13.272151398678416	0.0	160746	2028.4517981631589	0.3	21.445722
16636.700381154795	750	13.719782029200257	0.0	434409	3552.36936947816	0.3	56.692976
16637.824037727238	300	16.59612545675714	0.0	140051	1123.6565724431202	-0.15000000000000002	21.119447
16640.13077269074	750	18.289390493254707	0.0	366214	2306.7349635024307	0.3	58.858709
16642.857362670922	750	19.562800513074915	0.0	360831	2726.589980179792	0.75	60.531124
16645.615724471583	750	20.804438712414182	0.0	372963	2758.3618006607335	0.75	69.564049
16648.650879517445	750	21.769283666551583	0.0	405596	3035.155045862602	0.75	60.564875
16651.33558817917	750	23.08457500482845	0.0	350713	2684.708661723132	0.75	67.172129
16654.919133827192	750	23.501029356804086	0.0	386472	3583.5456480243643	0.75	62.777649
16657.977180359736	750	24.442982824262863	0.0	399894	3058.046532541223	0.75	55.443233
16662.48451734158	750	23.935645842415184	0.0	401853	4507.336981847683	0.75	47.960406
16664.746814995273	300	25.67334818872515	0.0	137654	2262.297653690032	-0.15000000000000002	6.466535
16670.785790027832	750	23.634373156164653	0.0	359903	6038.975032560497	0.3	66.786337
16674.379815172637	300	24.040348011360688	0.0	153938	3594.025144803962	-0.15000000000000002	22.855883
16677.26287126322	300	25.157291920775002	0.0	181901	2883.056090585687	0.3	27.469573
16683.42424013572	750	22.99592304827893	0.0	277716	6161.368872496072	0.3	68.231907
16690.61117053312	750	19.808992650876302	0.0	400396	7186.930397402625	0.75	69.601487
16693.466476110312	300	20.953687073686336	0.0	149029	2855.3055771899676	-0.15000000000000002	23.365013
16699.70940892296	750	18.710754261034584	0.0	358218	6242.932812651749	0.3	64.789531
16707.560157086828	750	14.86000609716925	0.0	400322	7850.7481638653335	0.75	60.651768
16712.04012682503	300	14.380036358966198	0.0	143881	4479.9697382030545	-0.15000000000000002	25.091594
16717.74001325849	300	12.680149925507058	0.0	163444	5699.88643345914	0.3	17.178658
16722.702498255345	300	11.717664928653214	0.0	179328	4962.484996853844	0.3	28.893466
16726.343283977552	300	12.076879206443445	0.0	159914	3640.785722209768	0.3	21.738399
16728.813190270088	300	13.606972913908816	0.0	131610	2469.90629253463	0.3	28.4111
16733.606028104878	750	12.81413507912026	0.0	361565	4792.837834788555	0.3	66.788635
16739.424252996665	750	10.99591018733114	0.0	378327	5818.224891789121	0.75	62.32333
16747.176107288757	750	7.244055895240475	0.0	390680	7751.854292090664	0.75	61.525566
16750.206219905507	300	8.213943278491747	0.0	147968	3030.1126167487273	-0.15000000000000002	5.263918
16756.05924103048	750	6.360922153518628	0.0	384505	5853.021124973119	0.3	64.443828
16759.857692795234	750	6.562470388763655	0.0	372093	3798.4517647549733	0.75	58.879512
16763.95815584844	750	6.462007335560791	0.0	438281	4100.463053202864	0.75	62.327504
16768.61147300637	750	5.808690177628018	0.0	398987	4653.317157932773	0.75	63.729239
16775.355241325597	750	4.0	0.9350781415982147	393804	6743.768319226233	-3.2708360088723225	62.845425
16778.444620872207	300	4.910620453391046	0.0	137507	3089.3795466089537	-0.15000000000000002	25.36694
16784.488875323357	750	4.0	1.133633997760423	314107	6044.254451151469	-4.574626190369819	75.210559

