67097.96877238373	750	4.0	2.288238812003366	450283	2288.238812	-9.089426891614474	64.858346
67105.43692161223	2850	4.0	3.4681492285036275	1431809	7468.1492285	-14.163041682565598	90.683379
67110.88580779968	2850	4.0	1.4488861874545829	1300868	5448.88618745	-3.3802106060547064	90.483169
67117.70493661391	2850	4.0	2.81912881423608	1520281	6819.12881424	-9.272253901215144	89.788956
67125.57791386408	2850	4.0	3.872977250157832	1472558	7872.97725016	-13.803802175678678	85.928154
67130.51785438461	2850	4.0	0.9399405205334306	1224260	4939.94052053	-1.1917442382937513	94.229141
67136.9909665283	2850	4.0	2.473112143689177	1388403	6473.11214369	-7.784382217863461	97.582873
67144.23412637375	2850	4.0	3.2431598454429786	1638769	7243.15984544	-11.095587335404808	97.908255
67149.3166830732	2850	4.0	1.0825566994447453	1348011	5082.55669944	-1.8049938076124046	96.808308
67153.68102647977	2850	4.0	0.3643434065665897	1429765	4364.34340657	1.2833233517636644	94.962414
67160.02852459457	2850	4.0	2.3474981148114313	1354548	6347.49811481	-7.244241893689155	95.957675
67167.5336091386	2850	4.0	3.505084544011795	1519951	7505.08454401	-12.221863539250718	92.483401
67173.49475620924	2850	4.0	1.9611470706452392	1422919	5961.14707065	-5.582932403774528	93.510922
67182.20996341767	2850	4.0	4.715207208430477	1578343	8715.20720843	-17.425390996251046	91.568178
67188.68576011003	2850	4.0	2.475796692366921	1231445	6475.79669237	-7.795925777177761	88.830113
67194.73483052592	2850	4.0	2.049070415888468	1471065	6049.07041589	-5.961002788320412	93.514387
67200.06516819762	2850	4.0	1.3303376717005349	1491626	5330.3376717	-2.870451988312299	94.650033
67205.6473259823	2850	4.0	1.5821577846857617	1358801	5582.15778469	-3.953278474148775	92.142023
67215.41368243925	2850	4.0	5.766356456952893	1537156	9766.35645695	-21.94533276489744	89.30989
67222.39764068318	2850	4.0	2.9839582439241177	1336050	6983.95824392	-9.981020448873705	93.680429
67227.38709755012	2850	4.0	0.9894568669526715	1415116	4989.45686695	-1.4046645278964873	90.785318
67233.36792311943	2850	4.0	1.9808255693066759	1468126	5980.82556931	-5.667549948018706	89.398189
67239.72702723421	2850	4.0	2.359104114790246	1505760	6359.10411479	-7.294147693598058	85.954529
67244.74773359005	2850	4.0	1.020706355833212	1323990	5020.70635583	-1.5390373300828109	89.320458
67252.51220076991	2850	4.0	3.7644671798582747	1383735	7764.46717986	-13.337208873390582	93.348429
67258.64998088477	2850	4.0	2.1377801148556173	1480464	6137.78011486	-6.3424544938791545	97.271626
67264.51731240955	2850	4.0	1.8673315247737328	1547572	5867.33152477	-5.17952555652705	97.509012
67269.7150667542	2850	4.0	1.197754344650658	1141971	5197.75434465	-2.300343681997829	93.311238
67279.93392830028	2850	4.0	6.218861546069846	1498470	10218.8615461	-23.891104648100335	96.041687
67289.72345771908	2850	4.0	5.789529418810854	1561263	9789.52941881	-22.044976500886673	96.863845
67296.23219694204	2850	4.0	2.50873922295939	1341201	6508.73922296	-7.937578658725377	94.816085
67307.76712347867	2850	4.0	7.534926536627039	1497683	11534.9265366	-29.550184107496264	92.910185
67312.9746484452	2850	4.0	1.2075249665403325	1358081	5207.52496654	-2.3423573561234297	95.193139
67320.5013377028	2850	4.0	3.526689257589359	1587293	7526.68925759	-12.314763807634243	81.858634
67327.23179399443	2850	4.0	2.730456291633144	1492672	6730.45629163	-8.89096205402252	99.177905
67337.24066491253	2850	4.0	6.0088709181064335	1439896	10008.8709181	-22.988144947857663	97.217465
67342.35979429298	2850	4.0	1.1191293804312046	1139291	5119.12938043	-1.9622563358541796	93.825455
67348.578575336	2850	4.0	2.218781043028268	1499009	6218.78104303	-6.6907584850215525	93.982147
67354.63724151785	2850	4.0	2.05866618184404	1427478	6058.66618184	-6.0022645819293725	90.92969
67362.55599054293	2850	4.0	3.918749025080182	1402287	7918.74902508	-14.000620807844781	91.34334
67368.06807174682	2850	4.0	1.5120812039074236	1339500	5512.08120391	-3.651949176801921	97.297482
67374.77842383902	2850	4.0	2.7103520921925375	1527299	6710.35209219	-8.80451399642791	92.902955
67381.27960606164	2850	4.0	2.5011822226256335	1343002	6501.18222263	-7.905083557290224	87.659279
67386.23743350396	2850	4.0	0.9578274423378834	1587250	4957.82744234	-1.2686580020528981	95.172719
67392.49935588913	2850	4.0	2.2619223851495907	1464921	6261.92238515	-6.876266256143239	96.481395
67399.00854508771	2850	4.0	2.5091891985821575	1483527	6509.18919858	-7.939513553903277	95.602302
67404.78130399763	2850	4.0	1.7727589099240075	1231456	5772.75890992	-4.772863312673232	92.485503
67411.37629436584	2850	4.0	2.594990368202675	1364537	6594.9903682	-8.308458583271504	97.895096

