13187.98388709596	750	4.0	3.974865311257283	450283	3974.865311257283	-62.19289158422989	64.858346
13190.572050263174	750	5.411836832786868	0.0	398865	2588.163167213131	37.30694774282116	57.017244
13192.564275573204	750	7.419611522757528	0.0	350812	1992.2253100293408	49.53439726135709	60.430767
13195.349330899904	1200	8.634556196056895	0.0	617681	2785.055326700631	58.87137604797988	69.474665
13198.253662545603	1200	9.73022455035681	0.0	652874	2904.3316457000856	46.176398894182356	64.23322
13200.910258692269	1200	11.073628403690442	0.0	520315	2656.596146666368	64.23110350586552	75.14582
13203.750297836023	750	12.233589259936187	0.0	352642	2840.0391437542557	67.6912292345531	81.00828
13205.452288717992	750	14.531598377965329	0.0	437162	1701.990881970858	43.94053818670605	69.475262
13208.315240887441	1200	15.668646208517261	0.0	584846	2862.9521694480686	71.00884020240727	82.430225
13211.218880997818	1200	16.76500609814081	0.0	560821	2903.640110376453	56.71266867445105	76.960357
13214.080370314576	1200	17.903516781383594	0.0	607410	2861.489316757214	68.39672667617816	82.096766
13217.039955578763	1200	18.94393151719561	0.0	594078	2959.585264187981	45.51593503586405	70.906301
13220.608554883662	1200	19.37533221229665	0.0	624282	3568.5993048989576	60.397441453335624	73.534048
13223.989516726988	1200	19.9943703689725	0.0	687371	3380.96184332415	54.776127730538505	70.998108
13228.264111781193	1850	19.719775314767293	0.0	821631	4274.595054205208	66.04957101492738	78.494849
13230.687350315022	1200	21.296536780939075	0.0	587876	2423.2385338282184	52.50991222251557	72.569044
13235.022546409116	1850	20.961340686842604	0.0	966699	4335.196094096469	74.43268421690473	86.226021
13239.706828471939	1850	20.277058624022004	0.0	885714	4684.282062820599	68.51753380735349	85.258591
13244.784051986599	1850	19.199835109361416	0.0	987708	5077.223514660588	59.5019982027586	79.995224
13247.487234462582	1200	20.49665263337994	0.0	586839	2703.182475981475	63.444560336070744	79.134663
13251.174457535632	1850	20.8094295603292	0.0	891604	3687.22307305074	67.37851107636527	81.773294
13254.419031428468	1850	21.564855667493045	0.0	955231	3244.5738928361575	61.361716707876674	79.031768
13257.964472790094	1850	22.01941430586578	0.0	968026	3545.441361627266	52.99779644730492	73.123347
13261.122946916	1850	22.860940179958728	0.0	874175	3158.47412590705	67.94181803672566	80.700778
13264.8803207872	1850	23.103566308759007	0.0	897976	3757.37387119972	72.88920259297404	86.994267
13269.077314778478	1850	22.906572317481245	0.0	905935	4196.993991277762	73.46320174835421	89.133614
13274.54776037622	1850	21.43612671974101	0.0	1076599	5470.445597740231	74.72328004362873	90.791041
13277.862873577631	1850	22.121013518328777	0.0	758197	3315.1132014122336	67.95152441266671	87.50057
13282.454566793267	1850	21.52932030269276	0.0	972798	4591.69321563602	72.96706372219077	88.832031
13286.615421174527	1850	21.368465921432634	0.0	975811	4160.854381260124	73.14603000751325	89.334885
13296.471699854026	1850	15.512187241932656	0.0	873429	9856.27867949998	68.77168736090755	87.120667
13299.872039977468	1200	16.11184711848939	0.0	620283	3400.3401234432645	44.00759190627453	72.909556
13303.463362979706	1200	16.520524116251625	0.0	584349	3591.3230022377643	66.94207121321617	79.771897
13309.328728604007	1850	14.655158491951045	0.0	1035329	5865.365624300578	48.982062277546724	71.430146
13314.001213481819	1200	13.982673614140065	0.0	690253	4672.48487781098	76.4968627852952	87.732581
13318.928636902103	1200	13.055250193856027	0.0	598727	4927.423420284039	52.61912849502004	77.763467
13326.169207764242	1200	9.814679331717434	0.0	487812	7240.570862138593	63.29163035592236	77.846693
13329.41582664457	750	10.568060451389723	0.0	361565	3246.618880327712	42.16916284841154	66.788635
13332.310219832745	750	11.673667263214913	0.0	378327	2894.39318817481	45.38239461526515	62.32333
13335.30716692038	750	12.676720175579009	0.0	390680	2996.947087635905	48.59802426280343	61.525566
13338.301302287806	750	13.682584808153862	0.0	345516	2994.1353674251463	70.11833935431406	79.583372
13346.667339305866	1200	9.316547790092365	0.0	641452	8366.037018061497	57.34071953352638	75.706383
13350.782473312449	750	9.201413783510375	0.0	372093	4115.134006581989	29.350213805434926	58.879512
13353.926159634866	750	10.057727461092387	0.0	438281	3143.6863224179883	51.15101669476942	62.327504
13356.545080197622	750	11.438806898335631	0.0	398987	2618.920562756756	51.728421217727	63.729239
13360.791529528711	1200	11.192357567247102	0.0	638661	4246.449331088529	66.8580976027805	77.309224
13364.455328691842	1200	11.528558404115262	0.0	538612	3663.7991631318387	57.47289772290094	74.51099
13369.819863873641	1200	10.16402322231598	0.0	550906	5364.535181799282	74.01446138471348	86.366143

