23234.709721660678	750	4.0	3.9127276647253035	450283	3912.7276647253034	-16.074728958318804	64.858346
23236.141314680786	300	6.568406979893699	0.0	155580	1431.593020106301	-0.15000000000000002	18.412623
23237.307815434084	300	9.401906226594866	0.0	139857	1166.500753298834	0.3	17.596212
23238.456260761843	300	12.253460898835879	0.0	155432	1148.4453277589848	0.3	19.997309
23239.5895293979	300	15.120192262777211	0.0	163442	1133.2686360586692	0.3	16.877619
23241.424655676667	750	17.28506598401304	0.0	318564	1835.1262787641672	0.3	62.986308
23245.34219629415	1200	17.367525366527104	0.0	561791	3917.5406174859377	0.75	89.177904
23249.57449155469	750	17.135230105989677	0.0	437162	4232.295260537425	0.3	69.475262
23253.490753269478	750	17.218968391199567	0.0	374758	3916.261714790112	0.75	70.789292
23258.05000763642	750	16.65971402425855	0.0	362795	4559.254366941016	0.75	64.786022
23260.364658361996	750	18.345063298681055	0.0	353220	2314.650725577495	0.75	70.008689
23262.707427465797	750	20.0022941948825	0.0	405134	2342.7691037985574	0.75	59.00323
23265.06795187474	750	21.64176978594043	0.0	386351	2360.5244089420703	0.75	59.358241
23267.658515299587	750	23.05120636109032	0.0	434409	2590.5634248501096	0.75	56.692976
23270.576436875137	1200	24.133284785541026	0.0	526950	2917.9215755492946	0.75	67.735752
23276.060248529986	1850	22.64947313069337	0.0	923170	5483.811654847658	1.2000000000000002	83.7301
23280.561041396984	1200	22.148680263695603	0.0	617242	4500.792866997767	0.5499999999999999	75.662786
23291.282817654777	1850	15.426904005901784	0.0	885714	10721.776257793817	1.2000000000000002	85.258591
23294.51300474904	750	16.19671691164174	0.0	405596	3230.187094260045	-0.3500000000000001	60.564875
23300.478446402692	750	14.231275257986484	0.0	350713	5965.441653655254	0.75	67.172129
23301.901742403432	300	16.807979257246657	0.0	157671	1423.296000739826	-0.15000000000000002	28.807059
23302.994232461973	300	19.715489198705278	0.0	157812	1092.4900585413807	0.3	21.07483
23306.593405524058	750	20.116316136624178	0.0	401853	3599.1730620811	0.3	47.960406
23309.75221201497	750	20.957509645711937	0.0	343800	3158.8064909122418	0.75	55.451197
23312.81254662179	750	21.89717503889245	0.0	359903	3060.334606819489	0.75	66.786337
23317.999321726944	1200	20.710399933735644	0.0	590335	5186.775105156807	0.75	79.644231
23323.18273897461	750	19.526982686067466	0.0	425781	5183.417247668176	0.3	65.665965
23332.870692295637	1200	13.839029365041009	0.0	487160	9687.953321026456	0.75	80.893459
23335.64226118463	300	15.067460476047868	0.0	153605	2771.5688889931416	-0.6000000000000001	28.256686
23339.536190910934	300	15.17353074974284	0.0	149029	3893.9297263050294	0.3	23.365013
23342.74596456728	300	15.963757093400101	0.0	157421	3209.7736563427393	0.3	25.589487
23346.13650088058	300	16.57322078009596	0.0	157488	3390.536313304141	0.3	17.795984
23349.57051149311	300	17.13921016756382	0.0	143881	3434.0106125321363	0.3	25.091594
23354.31517133813	300	16.394550322547374	0.0	163444	4744.65984501645	0.3	17.178658
23360.681318638184	300	14.02840302249324	0.0	179328	6366.147300054135	0.3	28.893466
23365.21947917154	300	13.49024248913614	0.0	159914	4538.160533357098	0.3	21.738399
23367.195165412442	300	15.514556248235767	0.0	131610	1975.6862409003727	0.3	28.4111
23369.232927196103	300	17.47679446457138	0.0	124011	2037.7617836643867	0.3	21.943337
23371.314139867896	300	19.395581792776145	0.0	144254	2081.212671795234	0.3	12.774971
23373.134460796216	300	21.575260864459867	0.0	149991	1820.3209283162807	0.3	17.21265
23374.58647907566	300	24.123242585017042	0.0	147968	1452.0182794428235	0.3	5.263918
23377.474319417342	750	25.23540224333461	0.0	384505	2887.8403416824317	0.3	64.443828
23381.145868574873	750	25.563853085804336	0.0	372093	3671.5491575302713	0.75	58.879512
23387.1104515077	750	23.59927015297638	0.0	438281	5964.582932827959	0.75	62.327504
23397.603973351994	750	17.1057483086839	0.0	398987	10493.521844292483	0.75	63.729239
23401.587651503094	300	17.12207015758449	0.0	160064	3983.6781510994115	-0.15000000000000002	27.591437
23406.577440481098	300	16.13228117957976	0.0	137507	4989.788978004725	0.3	25.36694
23410.555620282797	300	16.15410137787864	0.0	118421	3978.1798017011197	0.3	36.062877

