7992.957240679337	750	4.0	2.752351768226307	450283	2752.351768226307	-11.085112603373119	64.858346
7993.977140458031	300	6.980100221306277	0.0	155580	1019.8997786937232	-0.15000000000000002	18.412623
7995.099099521116	300	9.858141158220798	0.0	139857	1121.959063085479	0.3	17.596212
7996.3300430681165	300	12.627197611221074	0.0	155432	1230.943546999725	0.3	19.997309
7997.542172012067	300	15.415068667271026	0.0	163442	1212.1289439500486	0.3	16.877619
7998.245685602599	300	18.711555076738275	0.0	126289	703.513590532753	0.3	18.579568
7999.29665590496	750	21.660584774376936	0.0	352642	1050.970302361338	0.3	81.00828
8001.959657245362	750	22.99758343397475	0.0	437162	2663.001340402188	0.75	69.475262
8008.944971551394	1200	20.012269127943206	0.0	584846	6985.314306031541	0.75	82.430225
8015.317213872316	1200	17.64002680702162	0.0	560821	6372.242320921589	1.2	76.960357
8020.778758938475	1200	16.178481740861844	0.0	607410	5461.545066159773	1.2	82.096766
8026.452470719599	750	14.504769959738216	0.0	405134	5673.711781123629	0.3	59.00323
8031.188191626513	750	13.769049052825238	0.0	386351	4735.7209069129785	0.75	59.358241
8032.790910230896	750	16.16633044844203	0.0	434409	1602.71860438321	0.75	56.692976
8034.366726572222	750	18.59051410711581	0.0	337059	1575.8163413262216	0.75	54.76216
8035.9019059441525	750	21.055334735185323	0.0	366214	1535.1793719304849	0.75	58.858709
8039.056446739649	750	21.90079393968978	0.0	360831	3154.5407954955413	0.75	60.531124
8043.928312763653	1200	21.028927915685856	0.0	581493	4871.866024003926	0.75	79.137254
8048.973090499394	1200	19.984150179945303	0.0	639204	5044.777735740549	1.2	72.000653
8055.174024182242	1200	17.783216497097378	0.0	586839	6200.933682847925	1.2	79.134663
8061.875697920709	1200	15.08154275862956	0.0	601738	6701.673738467819	1.2	74.235946
8068.506622891971	1200	12.450617787368024	0.0	616206	6630.924971261535	1.2	68.532883
8073.165625045414	750	11.791615633924742	0.0	401853	4659.002153443282	0.3	47.960406
8077.696474018683	750	11.26076666065565	0.0	343800	4530.848973269092	0.75	55.451197
8082.582500049506	750	10.374740629831743	0.0	359903	4886.026030823906	0.75	66.786337
8086.472524058726	750	10.48471662061225	0.0	379700	3890.024009219493	0.75	66.676537
8089.917447735305	750	11.039792944033312	0.0	425781	3444.9236765789396	0.75	65.665965
8091.8081835170315	750	13.149057162307132	0.0	277716	1890.7357817261793	0.75	68.231907
8095.037963117392	750	13.919277561946334	0.0	400396	3229.779600360798	0.75	69.601487
8097.409421081508	750	15.547819597830065	0.0	400508	2371.457964116268	0.75	67.821489
8099.836359201879	750	17.1208814774601	0.0	358218	2426.938120369966	0.75	64.789531
8105.610348241336	1200	15.346892438002039	0.0	620283	5773.98903945806	0.75	72.909556
8109.90056894164	1200	15.056671737698577	0.0	584349	4290.22070030346	1.2	79.771897
8115.476549632848	1200	13.48069104649005	0.0	670129	5575.980691208528	1.2	62.28877
8122.099818051394	1200	10.857422627944018	0.0	690253	6623.268418546032	1.2	87.732581
8126.649022436902	1200	10.308218242436597	0.0	598727	4549.204385507423	1.2	77.763467
8130.543292594412	1200	10.41394808492651	0.0	487812	3894.270157510088	1.2	77.846693
8134.00365656879	1200	10.953584110549311	0.0	575591	3460.363974377198	1.2	77.292461
8140.6743232644685	1200	8.282917414870756	0.0	605884	6670.666695678556	1.2	74.001829
8144.375542103563	750	8.581698575775432	0.0	390680	3701.218839095324	0.3	61.525566
8147.226879942061	750	9.730360737278403	0.0	345516	2851.3378384970297	0.75	79.583372
8151.4075513303305	750	9.549689349007625	0.0	384505	4180.671388270778	0.75	64.443828
8154.366126270446	750	10.59111440889264	0.0	372093	2958.5749401149865	0.75	58.879512
8159.032576511735	750	9.924664167603318	0.0	438281	4666.450241289323	0.75	62.327504
8167.0109422702935	750	5.946298409044964	0.0	398987	7978.365758558354	0.75	63.729239
8169.181933421811	300	7.775307257527451	0.0	160064	2170.991151517513	-0.15000000000000002	27.591437
8170.214015357561	300	10.743225321777077	0.0	137507	1032.0819357503733	0.3	25.36694
8171.920251483297	750	13.036989196041564	0.0	314107	1706.236125735514	0.3	75.210559

