11751.261113	750	4.0	4.2446647119615655	450283	4244.66471196	-17.50205826143473	64.858346
11762.1484623	2850	4.0	6.887349260426865	1431809	10887.3492604	-28.86560181983552	90.683379
11772.0695891	2850	4.0	5.921126865096754	1300868	9921.1268651	-22.61084551991604	90.483169
11785.2960105	2850	4.0	9.226421352750407	1520281	13226.4213528	-36.82361181682675	89.788956
11796.1429427	2850	4.0	6.846932224455986	1472558	10846.9322245	-26.591808565160736	85.928154
11804.7250658	2850	4.0	4.582123094824916	1224260	8582.12309482	-16.853129307747135	94.229141
11815.7921094	2850	4.0	7.067043585202131	1388403	11067.0435852	-27.53828741636916	97.582873
11831.217731	2850	4.0	11.42562165443546	1638769	15425.6216544	-46.280173114072475	97.908255
11853.787362	2850	4.0	18.56963094424763	1348011	22569.6309442	-76.99941306026481	96.808308
11867.5110191	2850	4.0	9.723657124353343	1429765	13723.6571244	-38.96172563471937	94.962414
11876.3372375	2850	4.0	4.826218444572041	1354548	8826.21844457	-17.902739311659776	95.957675
11886.8049873	2850	4.0	6.467749786717524	1519951	10467.7497867	-24.96132408288535	92.483401
11899.6127179	2850	4.0	8.807730589887788	1422919	12807.7305899	-35.02324153651748	93.510922
11913.31219	2850	4.0	9.699472040730425	1578343	13699.4720407	-38.857729775140825	91.568178
11925.7485764	2850	4.0	8.436386458808736	1231445	12436.3864588	-33.42646177287756	88.830113
11934.2418755	2850	4.0	4.493299039801826	1471065	8493.2990398	-16.47118587114785	93.514387
11942.6263269	2850	4.0	4.384451460827548	1491626	8384.45146083	-16.003141281558456	94.650033
11948.8936326	2850	4.0	2.2673056716067013	1358801	6267.30567161	-6.899414387908815	92.142023
11957.3901673	2850	4.0	4.496534701888737	1537156	8496.53470189	-16.485099218121565	89.30989
11965.1960035	2850	4.0	3.805836164022148	1336050	7805.83616402	-13.515095505295237	93.680429
11972.3391345	2850	4.0	3.143131006204917	1415116	7143.1310062	-10.665463326681143	90.785318
11979.2363996	2850	4.0	2.8972651055735796	1468126	6897.26510557	-9.608239953966391	89.398189
11986.4613841	2850	4.0	3.224984523600411	1505760	7224.9845236	-11.017433451481768	85.954529
11992.0782154	2850	4.0	1.616831281062141	1323990	5616.83128106	-4.102374508567205	89.320458
11998.1841547	2850	4.0	2.105939356292537	1383735	6105.93935629	-6.205539232057909	93.348429
12005.9501402	2850	4.0	3.76598543208746	1480464	7765.98543209	-13.34373735797608	97.271626
12013.0149594	2850	4.0	3.064819233732729	1547572	7064.81923373	-10.328722705050735	97.509012
12020.0939543	2850	4.0	3.078994940534034	1141971	7078.99494053	-10.389678244296347	93.311238
12026.8226636	2850	4.0	2.7287092132485187	1498470	6728.70921325	-8.88344961696863	96.041687
12034.4801784	2850	4.0	3.6575148622384415	1561263	7657.51486224	-12.877313907625298	96.863845
12040.0240533	2850	4.0	1.54387484848249	1341201	5543.87484848	-3.7886618484747063	94.816085
12047.7127367	2850	4.0	3.688683463034915	1497683	7688.68346303	-13.011338891050134	92.910185
12056.8093238	2850	4.0	5.096587120541537	1358081	9096.58712054	-19.065324618328606	95.193139
12070.1116734	2850	4.0	9.302349546946324	1587293	13302.3495469	-37.15010305186919	81.858634
12081.3672111	2850	4.0	7.255537751487372	1492672	11255.5377515	-28.3488123313957	99.177905
12093.1845794	2850	4.0	7.817368296285757	1439896	11817.3682963	-30.764683674028753	97.217465
12102.6117529	2850	4.0	5.427173475529082	1139291	9427.17347553	-20.486845944775048	93.825455
12113.017063	2850	4.0	6.405310088020969	1499009	10405.310088	-24.692833378490164	93.982147
12123.939251	2850	4.0	6.922187965865562	1427478	10922.1879659	-26.915408253221912	90.92969
12135.1941124	2850	4.0	7.254861394442736	1402287	11254.8613944	-28.345903996103765	91.34334
12148.4921253	2850	4.0	9.298012903435064	1339500	13298.0129034	-37.13145548477077	97.297482
12174.4352482	2850	4.0	21.94312297722593	1527299	25943.1229772	-91.50542880207149	92.902955
12185.0189399	2850	4.0	6.58369164394685	1343002	10583.6916439	-25.459874068971452	87.659279
12195.4419985	2850	4.0	6.423058607823097	1587250	10423.0586078	-24.769152013639314	95.172719
12204.9763987	2850	4.0	5.534400225209085	1464921	9534.40022521	-20.947920968399064	96.481395
12219.5751568	2850	4.0	10.598758112737439	1483527	14598.7581127	-42.724659884770986	95.602302
12230.2373015	2850	4.0	6.662144642893009	1231456	10662.1446429	-25.797221964439935	92.485503
12243.163175	2850	4.0	8.925873471881998	1364537	12925.8734719	-35.53125592909259	97.895096

