929.2112641425414	750	4.0	6.865112348267744	450283	6865.112348267744	0.5	-28.7699830975513	64.858346
931.2718400601052	300	5.939424082436076	0.0	155580	2060.575917563924	0.5	-0.15000000000000002	18.412623
933.0553942643912	300	8.155869878150016	0.0	139857	1783.5542042860604	0.5	0.3	17.596212
934.9133319590619	300	10.297932183479393	0.0	155432	1857.9376946706218	0.5	0.3	19.997309
936.7705552554216	300	12.440708887119614	0.0	163442	1857.2232963597808	0.5	0.3	16.877619
939.8246079554175	750	13.386656187123771	0.0	318564	3054.052699995841	0.5	0.3	62.986308
943.3902532762057	750	13.821010866335513	0.0	352642	3565.645320788258	0.5	0.75	81.00828
948.4671818107886	750	12.744082331752645	0.0	437162	5076.928534582869	0.5	0.75	69.475262
953.6064053454976	750	11.604858797043685	0.0	374758	5139.223534708961	0.5	0.75	70.789292
958.5350106197279	750	10.676253522813338	0.0	362795	4928.605274230345	0.5	0.75	64.786022
966.196788716772	750	7.014475425769197	0.0	353220	7661.778097044142	0.5	0.75	70.008689
972.0678591672918	300	5.143404975249454	0.0	156148	5871.070450519743	0.5	-0.15000000000000002	19.431299
977.9703638451372	300	4.0	0.7590997025959714	160746	5902.504677845425	0.5	-2.964128721162677	21.445722
984.383507977504	300	4.0	2.413144132366817	179801	6413.144132366817	0.5	-10.076519769177311	23.726678
988.8342034557782	300	4.0	0.4506954782741468	140051	4450.695478274147	0.5	-1.637990556578831	21.119447
992.4136493807035	300	4.42055407507461	0.0	138313	3579.44592492539	0.5	0.3	19.984984
997.4185967750404	300	4.0	0.584393319262269	143509	5004.9473943368785	0.5	-2.2128912728277568	18.452936
1001.7002852793745	300	4.0	0.2816885043339007	150616	4281.688504333901	0.5	-0.9112605686357729	35.116669
1004.9314930902614	300	4.768792189113112	0.0	165384	3231.2078108868886	0.5	0.3	26.310814
1007.3345268310491	300	6.365758448325476	0.0	140881	2403.0337407876364	0.5	0.3	26.782579
1010.3005852705502	300	7.399700008824242	0.0	157671	2966.0584395012334	0.5	0.3	28.807059
1013.6358618197959	300	8.064423459578553	0.0	157812	3335.2765492456892	0.5	0.3	21.07483
1018.3754320685808	300	7.324853210793537	0.0	163927	4739.570248785016	0.5	0.3	16.837774
1021.8481651543615	300	7.852120125012918	0.0	137654	3472.7330857806196	0.5	0.3	6.466535
1025.5516783149292	300	8.148606964445257	0.0	146754	3703.5131605676606	0.5	0.3	25.355956
1029.741227698654	300	7.959057580720303	0.0	153938	4189.549383724955	0.5	0.3	22.855883
1032.332122910603	300	9.368162368771456	0.0	181901	2590.895211948845	0.5	0.3	27.469573
1033.0562444982857	300	12.64404078108876	0.0	111155	724.1215876826956	0.5	0.3	12.138089
1033.7625932459782	300	15.937692033396361	0.0	153605	706.3487476924001	0.5	0.3	28.256686
1034.2929933820699	300	19.40729189730447	0.0	149029	530.400136091886	0.5	0.3	23.365013
1034.7662895071944	300	22.93399577218001	0.0	157421	473.2961251244624	0.5	0.3	25.589487
1036.1906523482187	1200	25.509632931155817	0.0	620283	1424.3628410241906	0.5	0.29999999999999993	72.909556
1037.6348389607779	1200	28.065446318596425	0.0	584349	1444.1866125593897	0.5	1.2	79.771897
1040.8991068602147	2850	28.801178419159726	0.0	1587293	3264.2678994367	0.5	1.2000000000000002	81.858634
1044.271249665973	2850	29.42903561340133	0.0	1492672	3372.142805758397	0.5	2.85	99.177905
1049.0091256374706	4300	28.69115964190388	0.0	2143948	4737.875971497447	0.5	2.8499999999999996	99.974279
1053.2246204536282	4300	28.475664825746062	0.0	1919781	4215.494816157818	0.5	4.3	99.97428
1057.7849052109834	4300	27.915380068390935	0.0	2147467	4560.284757355127	0.5	4.3	99.974277
1062.1056234564041	4300	27.594661822970338	0.0	2133870	4320.718245420598	0.5	4.3	99.974275
1067.0540293574434	4300	26.646255921931054	0.0	2146120	4948.405901039286	0.5	4.3	99.974277
1072.179804952445	4300	25.52048032692932	0.0	2108491	5125.775595001736	0.5	4.3	99.974276
1077.21321762286	4300	24.487067656514444	0.0	2184571	5033.412670414871	0.5	4.3	99.974116
1081.72721283029	4300	23.973072449084388	0.0	2121928	4513.995207430062	0.5	4.3	99.974273
1086.7463324739417	4300	22.953952805432742	0.0	2219102	5019.119643651644	0.5	4.3	99.974276
1092.0417399803175	4300	21.65854529905697	0.0	2124950	5295.40750637577	0.5	4.3	99.974279
1097.5633046563378	4300	20.13698062303668	0.0	2246506	5521.564676020292	0.5	4.3	99.97428
1101.6123811674902	4300	20.087904111884118	0.0	1961140	4049.0765111525616	0.5	4.3	99.97428
1109.0856404710423	4300	16.614644808331928	0.0	2155012	7473.259303552195	0.5	4.3	99.974274

