16749.55824063496	750	4.0	3.5333118074124745	450283	3533.3118074124745	-14.44324077187364	64.858346
16753.88445924999	750	4.0	0.3262186150318439	398865	4326.218615031844	-0.6527400446369287	57.017244
16755.33899412887	300	6.545465121122313	0.0	139857	1454.534878877686	-0.15000000000000002	17.596212
16756.787141886507	300	9.097317363484416	0.0	155432	1448.1477576378954	0.3	19.997309
16758.328080014417	300	11.556379235574694	0.0	163442	1540.9381279097233	0.3	16.877619
16760.817827351304	750	13.066631898687085	0.0	318564	2489.747336887609	0.3	62.986308
16765.33249781747	750	12.551961432519285	0.0	352642	4514.670466167799	0.75	81.00828
16771.599139669186	750	10.285319580804844	0.0	437162	6266.641851714441	0.75	69.475262
16774.81616881184	750	11.068290438147857	0.0	374758	3217.029142656987	0.75	70.789292
16779.054483724176	750	10.829975525813337	0.0	362795	4238.314912334518	0.75	64.786022
16785.870317974142	750	8.01414127584698	0.0	353220	6815.834249966358	0.75	70.008689
16787.943278143804	300	9.94118110618639	0.0	156148	2072.9601696605896	-0.15000000000000002	19.431299
16789.329019119403	300	12.555440130586105	0.0	160746	1385.7409756002855	0.3	21.445722
16791.377844521172	300	14.506614728817057	0.0	179801	2048.825401769047	0.3	23.726678
16792.68712986303	300	17.19732938696111	0.0	140051	1309.285341855952	0.3	21.119447
16793.780921309775	300	20.103537940213812	0.0	138313	1093.7914467472947	0.3	19.984984
16796.56142356678	750	21.323035683209543	0.0	360831	2780.5022570042697	0.3	60.531124
16799.666515819757	750	22.217943430232072	0.0	372963	3105.0922529774675	0.75	69.564049
16804.974173356866	1200	20.910285893124335	0.0	639204	5307.657537107737	0.75	72.000653
16809.635029223282	1200	20.24943002670668	0.0	586839	4660.855866417657	1.2	79.134663
16815.1149762896	1200	18.769482960386803	0.0	601738	5479.947066319878	1.2	74.235946
16820.483296502713	1200	17.401162747272963	0.0	616206	5368.32021311384	1.2	68.532883
16825.82286386081	1200	16.061595389176603	0.0	656471	5339.5673580963585	1.2	63.455907
16830.724694454013	1200	15.159764795969927	0.0	536667	4901.830593206676	1.2	68.420849
16836.29594786545	1200	13.588511384535936	0.0	587236	5571.253411433992	1.2	78.698824
16841.402505134145	1200	12.481954115839006	0.0	590335	5106.557268696931	1.2	79.644231
16847.20929208985	1200	10.675167160134523	0.0	696376	5806.786955704482	1.2	80.745588
16851.3335670706	1200	10.55089217938297	0.0	487160	4124.274980751552	1.2	80.893459
16857.729019580456	1200	8.15543966952704	0.0	622896	6395.452509855931	1.2	80.053124
16863.88425946493	1200	6.000199785055652	0.0	641447	6155.239884471388	1.2	80.154442
16869.629925792928	750	4.254533457053532	0.0	358218	5745.666328002119	0.3	64.789531
16871.43786750183	300	6.446591748153304	0.0	157488	1807.9417089002282	-0.15000000000000002	17.795984
16872.7531323247	300	9.13132692528337	0.0	143881	1315.2648228699356	0.3	25.091594
16874.19901376637	300	11.685445483611248	0.0	163444	1445.881441672119	0.3	17.178658
16875.97151593277	300	13.912943317208494	0.0	179328	1772.5021664027558	0.3	28.893466
16877.877721173398	300	16.00673807658354	0.0	159914	1906.2052406249509	0.3	21.738399
16883.408614718297	750	14.475844531685198	0.0	321064	5530.893544898344	0.3	67.040505
16888.613529697774	750	13.270929552208797	0.0	361565	5204.914979476403	0.75	66.788635
16892.373187992875	750	13.51127125710516	0.0	378327	3759.658295103637	0.75	62.32333
16895.403323094393	750	14.481136155585936	0.0	390680	3030.135101519224	0.75	61.525566
16898.123463232245	750	15.760996017733133	0.0	345516	2720.1401378528044	0.75	79.583372
16901.280386660535	750	16.60407258944237	0.0	384505	3156.923428290761	0.75	64.443828
16904.539817690882	750	17.3446415590926	0.0	372093	3259.43103034977	0.75	58.879512
16907.898313907306	750	17.98614534266917	0.0	438281	3358.49621642343	0.75	62.327504
16913.06499540127	1200	16.819463848705475	0.0	630203	5166.681493963696	0.75	77.745919
16919.325033443252	1200	14.559425806722581	0.0	638661	6260.038041982895	1.2	77.309224
16926.011237000363	1850	11.873222249616205	0.0	830730	6686.203557106377	1.2000000000000002	84.040637
16934.010717516463	1850	7.87374173351359	0.0	846370	7999.480516102614	1.85	92.020773

