40290.02753152567	750	4.0	6.08032816050688	450283	6080.32816051	-25.395411090179586	64.858346
40311.46162409524	2850	4.0	17.434092569566538	1431809	21434.0925696	-74.21659804913611	90.683379
40322.70383047593	2850	4.0	7.242206380696666	1300868	11242.2063807	-28.29148743699566	90.483169
40341.31755317014	2850	4.0	14.613722694208368	1520281	18613.7226942	-59.989007585095976	89.788956
40363.88236479194	2850	4.0	18.564811621803468	1472558	22564.8116218	-76.97868997375491	85.928154
40379.54449369346	2850	4.0	11.662128901509215	1224260	15662.1289015	-47.29715427648962	94.229141
40402.26134246917	2850	4.0	18.716848775713817	1388403	22716.8487757	-77.63244973556942	97.582873
40433.746963836806	2850	4.0	27.485621367632287	1638769	31485.6213676	-115.33817188081883	97.908255
40454.97963950776	2850	4.0	17.232675670949906	1348011	21232.6756709	-71.2505053850846	96.808308
40467.87434591858	2850	4.0	8.894706410821824	1429765	12894.7064108	-35.39723756653384	94.962414
40482.25121581361	2850	4.0	10.376869895026408	1354548	14376.869895	-41.77054054861355	95.957675
40505.198570192406	2850	4.0	18.94735437879764	1519951	22947.3543788	-78.62362382882986	92.483401
40525.43308101246	2850	4.0	16.234510820053725	1422919	20234.5108201	-66.95839652623101	93.510922
40550.85977061152	2850	4.0	21.426689599061138	1578343	25426.6895991	-89.2847652759629	91.568178
40575.75711213518	2850	4.0	20.89734152366144	1231445	24897.3415237	-87.00856855174419	88.830113
40599.38188441515	2850	4.0	19.624772279968184	1471065	23624.77228	-81.5365208038632	93.514387
40613.51831233985	2850	4.0	10.136427924697498	1491626	14136.4279247	-40.73664007619924	94.650033
40626.96918192346	2850	4.0	9.450869583609828	1358801	13450.8695836	-37.788739209522255	92.142023
40650.65869707237	2850	4.0	19.68951514891301	1537156	23689.5151489	-81.81491514032595	89.30989
40670.31749120268	2850	4.0	15.658794130311158	1336050	19658.7941303	-64.48281476033799	93.680429
40690.93695811853	2850	4.0	16.61946691584946	1415116	20619.4669158	-68.61370773815268	90.785318
40720.09327082593	2850	4.0	25.156312707403668	1468126	29156.3127074	-105.32214464183578	89.398189
40744.277170712405	2850	4.0	20.18389988647173	1505760	24183.8998865	-83.94076951182844	85.954529
40758.11615960569	2850	4.0	9.83898889328584	1323990	13838.9888933	-39.45765224112911	89.320458
40770.88155853749	2850	4.0	8.765398931800789	1383735	12765.3989318	-34.84121540674339	93.348429
40793.915107044064	2850	4.0	19.033548506570597	1480464	23033.5485066	-78.99425857825356	97.271626
40816.20448243209	2850	4.0	18.289375388025746	1547572	22289.375388	-75.79431416851071	97.509012
40829.77118621017	2850	4.0	9.566703778082294	1141971	13566.7037781	-38.286826245753865	93.311238
40860.75693199321	2850	4.0	26.98574578303842	1498470	30985.745783	-113.1887068670652	96.041687
40886.47137732716	2850	4.0	21.714445333949474	1561263	25714.4453339	-90.52211493598274	96.863845
40902.81819464285	2850	4.0	12.346817315693523	1341201	16346.8173157	-50.24131445748214	94.816085
40916.39113301879	2850	4.0	9.572938375946125	1497683	13572.9383759	-38.313635016568334	92.910185
40935.812601884936	2850	4.0	15.421468866143693	1358081	19421.4688661	-63.462316124417875	95.193139
40960.427990639284	2850	4.0	20.61538875434887	1587293	24615.3887543	-85.79617164370015	81.858634
40979.31042419171	2850	4.0	14.882433552429276	1492672	18882.4335524	-61.144464275445884	99.177905
41008.80477791227	2850	4.0	25.49435372055782	1439896	29494.3537206	-106.77572099839864	97.217465
41027.478407442606	2850	4.0	14.673629530330578	1139291	18673.6295303	-60.24660698042148	93.825455
41047.96583893805	2850	4.0	16.48743149544606	1499009	20487.4314954	-68.04595543041806	93.982147
41060.674912600545	2850	4.0	8.70907366249508	1427478	12709.0736625	-34.599016748728836	90.92969
41079.413295339655	2850	4.0	14.738382739100842	1402287	18738.3827391	-60.52504577813362	91.34334
41100.330230293686	2850	4.0	16.916934954029415	1339500	20916.934954	-69.89282030232648	97.297482
41118.26151872706	2850	4.0	13.931288433370188	1527299	17931.2884334	-57.0545402634918	92.902955
41146.120837963375	2850	4.0	23.859319236317145	1343002	27859.3192363	-99.74507271616372	87.659279
41173.077356552276	2850	4.0	22.956518588898657	1587250	26956.5185889	-95.86302993226423	95.172719
41193.6822996768	2850	4.0	16.60494312453528	1464921	20604.9431245	-68.5512554355017	96.481395
41206.83440470571	2850	4.0	9.1521050289058	1483527	13152.1050289	-36.50405162429493	95.602302
41223.34035584614	2850	4.0	12.505951140430712	1231456	16505.9511404	-50.92558990385206	92.485503
41244.26804248358	2850	4.0	16.927686637433272	1364537	20927.6866374	-69.93905254096308	97.895096

