18506.270983881353	750	4.0	5.460500454044817	450283	5460.500454044817	-22.730151952392713	64.858346
18507.570538506956	300	6.700445374400823	0.0	155580	1299.5546255991767	-0.15000000000000002	18.412623
18510.20169750775	750	8.069286373604898	0.0	350812	2631.1590007959244	0.3	60.430767
18512.771017071802	750	9.499966809554422	0.0	382355	2569.3195640504764	0.75	55.551349
18517.74832685729	1200	8.522657024064957	0.0	652874	4977.309785489465	0.75	64.23322
18521.615595545994	1200	8.655388335358868	0.0	520315	3867.2686887060877	1.2	75.14582
18526.113524084318	1200	8.157459797034786	0.0	561791	4497.928538324082	1.2	89.177904
18532.81987327142	1200	5.451110609931964	0.0	709534	6706.349187102822	1.2	82.426144
18534.775868853976	300	7.495115027377502	0.0	150710	1955.9955825544616	-0.6000000000000001	28.497356
18536.828364824396	300	9.442619056957264	0.0	139105	2052.4959704202374	0.3	21.660501
18542.131545219174	750	8.139438662178396	0.0	353220	5303.1803947788685	0.3	70.008689
18544.92093778505	300	9.350046096304325	0.0	156148	2789.392565874071	-0.15000000000000002	19.431299
18546.509119521237	300	11.761864360115611	0.0	160746	1588.1817361887142	0.3	21.445722
18548.08884026756	300	14.182143613796502	0.0	179801	1579.7207463191096	0.3	23.726678
18551.036575259415	750	15.234408621940611	0.0	337059	2947.73499185589	0.3	54.76216
18556.093874108512	750	14.177109772843975	0.0	366214	5057.298849096635	0.75	58.858709
18557.677388238993	300	16.593595642363333	0.0	143509	1583.5141304806434	-0.15000000000000002	18.452936
18559.400583973984	300	18.870399907372335	0.0	150616	1723.1957349909962	0.3	35.116669
18564.808336770966	750	17.46264711039077	0.0	405596	5407.752796981567	0.3	60.564875
18565.90812744104	300	20.362856440321305	0.0	140881	1099.790670069463	-0.15000000000000002	26.782579
18567.17477278361	300	23.09621109775312	0.0	157671	1266.6453425681875	0.3	28.807059
18571.15899105061	750	23.111992830747756	0.0	399894	3984.2182670053617	0.3	55.443233
18578.627656535362	750	19.64332734599933	0.0	401853	7468.665484748425	0.75	47.960406
18580.41806605469	300	21.852917826669174	0.0	137654	1790.4095193301594	-0.15000000000000002	6.466535
18581.70757906258	300	24.563404818783475	0.0	146754	1289.5130078857005	0.3	25.355956
18583.162571350385	300	27.108412530976338	0.0	153938	1454.9922878071368	0.3	22.855883
18587.435225776993	750	26.83575810436995	0.0	425781	4272.654426606386	0.3	65.665965
18590.587983401285	750	27.683000480077585	0.0	277716	3152.7576242923637	0.75	68.231907
18593.658035026467	750	28.612948854892565	0.0	400396	3070.0516251850195	0.75	69.601487
18597.582482483496	1200	28.68850139786468	0.0	641447	3924.4474570278826	0.75	80.154442
18601.142715952054	1200	29.128267929304812	0.0	570392	3560.2334685598694	1.2	78.009495
18605.34976497296	1200	28.921218908396344	0.0	620283	4207.049020908467	1.2	72.909556
18609.013204047413	1200	29.2577798339466	0.0	584349	3663.4390744497477	1.2	79.771897
18613.36259026556	1200	28.908393615801558	0.0	670129	4349.386218145042	1.2	62.28877
18619.66993593136	1850	26.601047949995696	0.0	1026056	6307.345665805861	1.2000000000000002	97.037422
18626.630435872714	1850	23.640548008644757	0.0	943942	6960.499941350938	1.85	90.168439
18630.811586199154	1850	23.459397682206223	0.0	728962	4181.150326438535	1.85	86.066994
18636.108142708796	1850	22.16284117256126	0.0	938587	5296.556509644962	1.85	86.593761
18641.51394972912	1850	20.75703415224023	0.0	908665	5405.807020321029	1.85	82.415248
18648.38402745959	1850	17.886956421770105	0.0	930577	6870.077730470128	1.85	83.556577
18657.28899802226	1850	12.981985859096818	0.0	858450	8904.970562673287	1.85	92.068418
18666.85417852187	1850	7.416805359492111	0.0	1025005	9565.180499604707	1.85	85.276808
18673.0470868343	1850	5.223897047059326	0.0	886255	6192.908312432785	1.85	78.86339
18675.666176828294	750	6.604807053063875	0.0	438281	2619.0899939954506	-0.3500000000000001	62.327504
18679.617365582013	1200	6.653618299347716	0.0	630203	3951.188753716159	0.75	77.745919
18683.588595331756	1200	6.682388549606218	0.0	638661	3971.229749741498	1.2	77.309224
18687.102342077687	1200	7.168641803675133	0.0	538612	3513.7467459310847	1.2	74.51099
18693.04253243869	1850	5.228451442675207	0.0	846370	5940.190360999925	1.2000000000000002	92.020773

