18822.973946417933	750	4.0	5.8396300502769165	450283	5839.630050276916	-24.36040921619074	64.858346
18825.214164793677	300	5.759781624254254	0.0	155580	2240.2183757457465	-0.15000000000000002	18.412623
18826.642256627885	300	8.331689790048644	0.0	139857	1428.0918342056093	0.3	17.596212
18827.98551552534	300	10.988430892596813	0.0	155432	1343.2588974518294	0.3	19.997309
18829.41785243376	300	13.556093984173181	0.0	163442	1432.3369084236328	0.3	16.877619
18832.278703519616	750	14.695242898316847	0.0	318564	2860.8510858563354	0.3	62.986308
18835.86355469885	750	15.110391719081992	0.0	352642	3584.851179234854	0.75	81.00828
18839.989992179097	750	14.983954238837205	0.0	437162	4126.437480244787	0.75	69.475262
18843.596656299822	750	15.377290118109416	0.0	374758	3606.664120727789	0.75	70.789292
18846.82187159197	750	16.152074825964206	0.0	362795	3225.215292145209	0.75	64.786022
18850.82486961379	750	16.149076804143245	0.0	353220	4002.9980218209625	0.75	70.008689
18855.01044754985	750	15.963498868080991	0.0	405134	4185.5779360622555	0.75	59.00323
18858.31865310713	750	16.655293310800353	0.0	386351	3308.205557280639	0.75	59.358241
18863.520569160864	750	15.453377257064396	0.0	434409	5201.916053735956	0.75	56.692976
18868.504978389577	750	14.468968028350558	0.0	337059	4984.409228713838	0.75	54.76216
18872.88947008439	750	14.0844763335393	0.0	366214	4384.491694811258	0.75	58.858709
18877.856914057476	750	13.117032360453424	0.0	360831	4967.443973085876	0.75	60.531124
18883.965642405998	750	11.00830401192917	0.0	372963	6108.728348524255	0.75	69.564049
18887.901976876532	750	11.071969541395923	0.0	405596	3936.3344705332456	0.75	60.564875
18892.46116562813	750	10.512780789796325	0.0	350713	4559.1887515995995	0.75	67.172129
18898.873660427187	750	8.100285990740952	0.0	386472	6412.494799055374	0.75	62.777649
18902.331302657996	750	8.642643759932763	0.0	399894	3457.6422308081874	0.75	55.443233
18905.17341678357	750	9.800529634355325	0.0	401853	2842.1141255774387	0.75	47.960406
18907.75357844774	750	11.220367970187835	0.0	343800	2580.161664167491	0.75	55.451197
18910.356179446546	750	12.617766971382773	0.0	359903	2602.600998805063	0.75	66.786337
18913.07881897069	750	13.895127447235161	0.0	379700	2722.639524147611	0.75	66.676537
18915.980586408034	750	14.99336000989237	0.0	425781	2901.767437342791	0.75	65.665965
18919.799590108476	1200	15.174356309451344	0.0	487160	3819.003700441025	0.75	80.893459
18924.232246953845	1200	14.741699464083307	0.0	622896	4432.656845368038	1.2	80.053124
18929.00371920683	1200	13.970227211099521	0.0	641447	4771.4722529837845	1.2	80.154442
18933.58572225392	1200	13.388224164007642	0.0	570392	4582.00304709188	1.2	78.009495
18939.536028114326	1200	11.437918303599965	0.0	620283	5950.305860407678	1.2	72.909556
18947.03179395898	1200	7.9421524589453085	0.0	584349	7495.765844654657	1.2	79.771897
18948.538359479055	300	10.4355869388726	0.0	163444	1506.565520072708	-0.6000000000000001	17.178658
18950.07620615889	300	12.89774025903531	0.0	179328	1537.8466798372926	0.3	28.893466
18952.531189389054	750	14.442757028871558	0.0	365161	2454.9832301637502	0.3	60.276519
18954.767313940363	750	16.206632477561023	0.0	321064	2236.124551310534	0.75	67.040505
18957.49786038275	750	17.476086035175495	0.0	361565	2730.5464423855274	0.75	66.788635
18963.409713549125	1200	15.564232868801655	0.0	605884	5911.853166373841	0.75	74.001829
18969.499030901825	1200	13.474915516105465	0.0	587506	6089.317352696188	1.2	72.886388
18974.771554574367	1200	12.202391843563062	0.0	566904	5272.523672542403	1.2	86.974261
18980.873384140283	1200	10.100562277646917	0.0	641452	6101.829565916145	1.2	75.706383
18984.326427808974	750	10.647518608956736	0.0	372093	3453.043668690182	0.3	58.879512
18988.352115976584	750	10.621830441346205	0.0	438281	4025.6881676105318	0.75	62.327504
18992.980883122782	750	9.99306329514714	0.0	398987	4628.767146199065	0.75	63.729239
18998.870771733822	750	8.103174684110757	0.0	393804	5889.888611036383	0.75	62.845425
19005.02794761081	750	5.945998807119326	0.0	331053	6157.17587699143	0.75	60.678126
19006.81748277199	300	8.156463645941367	0.0	118421	1789.5351611779606	-0.15000000000000002	36.062877

