4690.759187988034	750	4.0	3.9247822452337946	450283	3924.7822452337946	-60.7507039482044	64.858346
4693.924816291636	750	4.834371696397409	0.0	398865	3165.6283036025907	37.30694774282116	57.017244
4696.735642821364	750	6.023545166669162	0.0	350812	2810.8265297282464	49.53439726135709	60.430767
4699.336055966173	750	7.423132021860408	0.0	382355	2600.4131448087537	39.207823032133746	55.551349
4703.083935624211	1200	7.6752523638230015	0.0	652874	3747.879658037407	54.32451676193826	64.23322
4706.133282176393	1200	8.625905811641202	0.0	520315	3049.346552181799	64.23110350586552	75.14582
4709.0485514426	750	9.710636545433983	0.0	352642	2915.269266207218	67.6912292345531	81.00828
4713.280515337699	750	9.478672650334374	0.0	437162	4231.963895099609	43.94053818670605	69.475262
4715.313957584763	750	11.445230403270216	0.0	374758	2033.4422470641578	57.681454273815504	70.789292
4718.551941036363	1200	12.207246951670388	0.0	560821	3237.983451599828	64.35499430641161	76.960357
4721.6094774944795	750	13.149710493554783	0.0	353220	3057.5364581156036	49.25310527285025	70.008689
4725.439161626607	750	13.320026361427761	0.0	405134	3829.684132127023	35.63150226952917	59.00323
4731.146613546177	750	11.612574441857229	0.0	386351	5707.4519195705325	47.71472422025977	59.358241
4736.077636343229	750	10.681551644805158	0.0	434409	4931.022797052073	42.523882025230556	56.692976
4739.519274963931	750	11.239913024102636	0.0	337059	3441.6386207025207	41.66792139000558	54.76216
4743.11711162273	750	11.642076365304165	0.0	366214	3597.836658798471	48.406541934633836	58.858709
4746.084978230808	750	12.674209757225936	0.0	360831	2967.866608078228	49.100589048161304	60.531124
4749.516924146805	750	13.242263841229345	0.0	372963	3431.9459159965927	58.9438058139744	69.564049
4757.36139261176	750	9.397795376274987	0.0	405596	7844.468464954359	39.08272725573663	60.564875
4764.644943012217	750	6.114244975818776	0.0	350713	7283.55040045621	56.195305162945644	67.172129
4766.571253591797	300	8.187934396237445	0.0	157671	1926.3105795813308	-18.970184520798494	28.807059
4772.1153297229785	750	6.643858265056899	0.0	399894	5544.076131180546	52.23013877627525	55.443233
4777.2491887314645	750	5.509999256570957	0.0	401853	5133.859008485942	30.016831048248612	47.960406
4781.224649726077	750	5.534538261958283	0.0	343800	3975.460994612674	46.53210385732817	55.451197
4784.115265077252	750	6.643922910782912	0.0	359903	2890.6153511753705	57.277353060696605	66.786337
4789.021391444789	750	5.737796543246474	0.0	379700	4906.126367536438	53.69031629537219	66.676537
4791.57688481971	300	7.182303168324568	0.0	181901	2555.4933749219067	-20.996151468092872	27.469573
4795.074184735165	750	7.685003252870279	0.0	277716	3497.299915454289	67.27007478642625	68.231907
4799.750569951724	750	7.0086180363106765	0.0	400396	4676.385216559603	56.69205323288801	69.601487
4807.165971194033	750	4.0	0.40678320599807555	400508	7415.401242308752	41.17420520790554	67.821489
4808.588742534307	300	6.577228659726206	0.0	157421	1422.7713402737932	-25.797960269294535	25.589487
4811.4812511473865	750	7.6847200466465155	0.0	400322	2892.508613079691	59.15199304468066	60.651768
4814.125790961911	750	9.040180232122497	0.0	369834	2644.5398145240188	57.54006651746116	68.369339
4817.805587690742	1200	9.360383503292034	0.0	670129	3679.796728830463	43.639332434497476	62.28877
4821.7181220142875	1200	9.447849179746227	0.0	690253	3912.534323545807	79.22073285256175	87.732581
4827.7686491318755	1200	7.397322062159032	0.0	598727	6050.527117587195	52.61912849502004	77.763467
4830.4209974903815	750	8.744973703653052	0.0	321064	2652.3483585059803	42.738008305810055	67.040505
4832.160473040674	750	11.005498153360659	0.0	361565	1739.4755502923917	53.6345161054191	66.788635
4836.010666385727	1200	11.155304808307406	0.0	605884	3850.1933450532533	62.15993849268205	74.001829
4841.642456042083	1200	9.523515151951482	0.0	587506	5631.789656355924	57.88246197348263	72.886388
4843.566425210178	750	11.599545983856576	0.0	345516	1923.9691680949047	66.73313750009174	79.583372
4846.985056957042	1200	12.180914236992423	0.0	641452	3418.6317468641537	57.34071953352638	75.706383
4851.360782527448	1850	11.805188666586586	0.0	886255	4375.725570405836	65.06857148325741	78.86339
4856.8133849749065	1850	10.352586219127966	0.0	973972	5452.602447458619	70.98000474499611	84.84845
4861.999648811376	1850	9.166322382658306	0.0	958994	5186.26383646966	71.79614403033668	87.119023
4866.35458355162	1850	8.811387642414255	0.0	982064	4354.934740244052	70.28304003058662	86.680563
4872.981814643743	1850	6.184156550291973	0.0	830730	6627.231092122282	65.71153085892459	84.040637
4879.969117612932	1200	4.0	0.8031464188971394	550906	6987.302969189112	48.047562811540296	86.366143

