4217.446165232622	750	4.0	1.384287999087403	450283	1384.287999087403	-5.202438396075833	64.858346
4217.967093446997	300	7.479071785625267	0.0	155580	520.9282143747322	-0.15000000000000002	18.412623
4218.471419483571	300	10.974745749052188	0.0	139857	504.3260365730793	0.3	17.596212
4219.079257574952	300	14.366907657670001	0.0	155432	607.8380913821869	0.3	19.997309
4221.637661761693	1200	15.808503470928157	0.0	652874	2558.404186741843	0.29999999999999993	64.23322
4224.365781025984	1850	17.080384206638268	0.0	801058	2728.1192642898895	1.2000000000000002	86.249306
4227.305178481936	1850	18.140986750685247	0.0	905515	2939.39745595302	1.85	94.086702
4230.954915528317	1850	18.491249704304572	0.0	1060487	3649.7370463806733	1.85	90.155937
4233.4537357865265	1850	19.992429446095038	0.0	852833	2498.8202582095364	1.85	90.218296
4238.053181410207	2850	19.392983822415133	0.0	1429765	4599.445623679904	1.85	94.962414
4243.984033102708	2850	17.462132129913574	0.0	1354548	5930.851692501557	2.85	95.957675
4246.9446698031015	1850	18.50149542951967	0.0	917428	2960.6367003939004	0.8500000000000001	82.202545
4251.293379977614	1850	18.152785255007295	0.0	946851	4348.7101745123755	1.85	83.629776
4261.412690494064	1850	12.03347473855691	0.0	1036454	10119.310516450387	1.85	80.875505
4265.519087207592	1200	11.92707802502938	0.0	526950	4106.396713527531	0.5499999999999999	67.735752
4270.415091923773	750	11.03107330884915	0.0	366214	4896.004716180228	0.3	58.858709
4271.900241353773	300	13.545923878848713	0.0	143509	1485.1494300004379	-0.15000000000000002	18.452936
4273.355324271963	300	16.09084096065811	0.0	150616	1455.0829181906024	0.3	35.116669
4274.94523499421	300	18.500930238410575	0.0	165384	1589.910722247534	0.3	26.310814
4279.249186675258	750	18.196978557363334	0.0	350713	4303.95168104724	0.3	67.172129
4282.86906958682	750	18.5770956458009	0.0	386472	3619.8829115624358	0.75	62.777649
4287.437939403392	750	18.008225829228497	0.0	399894	4568.869816572404	0.75	55.443233
4290.730805212518	750	18.715360020102594	0.0	401853	3292.8658091259017	0.75	47.960406
4293.032661541512	750	20.413503691108957	0.0	343800	2301.8563289936383	0.75	55.451197
4295.82232584537	750	21.62383938725096	0.0	359903	2789.6643038579973	0.75	66.786337
4299.577753431391	1200	21.868411801230213	0.0	590335	3755.427586020746	0.75	79.644231
4302.098699599011	750	23.347465633610778	0.0	425781	2520.9461676194373	0.3	65.665965
4306.566265864814	1850	22.87989936780687	0.0	758197	4467.566265803904	0.75	87.50057
4310.63809074547	1200	22.80807448715098	0.0	622896	4071.8248806558936	0.5499999999999999	80.053124
4315.783721435623	1200	21.662443796997962	0.0	641447	5145.630690153017	1.2	80.154442
4319.902537909806	1200	21.543627322815173	0.0	570392	4118.81647418279	1.2	78.009495
4325.94232544897	1200	19.50383978365045	0.0	620283	6039.787539164725	1.2	72.909556
4330.529595632369	1200	18.916569600251965	0.0	584349	4587.270183398484	1.2	79.771897
4333.530595901476	750	19.915569331144397	0.0	412837	3001.0002691075697	0.3	49.996929
4336.006670080064	750	21.439495152556272	0.0	401088	2476.074178588127	0.75	69.915275
4339.5385620890875	1200	21.907603143534068	0.0	598727	3531.892009022205	0.75	77.763467
4343.6162076246455	1850	21.829957607975746	0.0	728962	4077.6455355583207	1.2000000000000002	86.066994
4346.562397878447	1200	22.883767354175387	0.0	575591	2946.190253800359	0.5499999999999999	77.292461
4351.636996876541	1850	21.809168356080807	0.0	908665	5074.598998094576	1.2000000000000002	82.415248
4356.496543329052	1850	20.949621903570876	0.0	930577	4859.546452509935	1.85	83.556577
4362.212101127248	1850	19.234064105374703	0.0	858450	5715.5577981961715	1.85	92.068418
4365.284631333471	1200	20.161533899151745	0.0	641452	3072.5302062229566	0.5499999999999999	75.706383
4371.059989063527	1850	18.38617616909646	0.0	886255	5775.357730055287	1.2000000000000002	78.86339
4375.3758090233805	1200	18.07035620924303	0.0	634861	4315.819959853429	0.5499999999999999	75.003938
4380.663287910012	1200	16.78287732261188	0.0	630203	5287.478886631146	1.2	77.745919
4383.17706604527	750	18.269099187353046	0.0	393804	2513.7781352588345	0.3	62.845425
4385.758443730624	1200	19.68772150199934	0.0	538612	2581.377685353706	0.75	74.51099
4388.178294158036	1200	21.26787107458823	0.0	550906	2419.8504274111137	1.2	86.366143

