18497.266553992857	750	4.0	4.492096968258112	450283	4492.096968258112	-18.56601696350988	64.858346
18498.665030832384	300	6.6015231604739535	0.0	155580	1398.4768395260464	-0.15000000000000002	18.412623
18499.848369719522	300	9.418184273333548	0.0	139857	1183.3388871404063	0.3	17.596212
18501.16738506764	300	12.09916892521706	0.0	155432	1319.0153481164841	0.3	19.997309
18502.574637867096	300	14.69191612576039	0.0	163442	1407.2527994566724	0.3	16.877619
18505.423159329126	750	15.84339466372913	0.0	318564	2848.521462031259	0.3	62.986308
18508.66719374241	750	16.599360250447877	0.0	352642	3244.034413281252	0.75	81.00828
18512.375561420053	750	16.890992572804407	0.0	437162	3708.3676776434695	0.75	69.475262
18515.549024747048	750	17.717529245808848	0.0	374758	3173.4633269955584	0.75	70.789292
18518.748746672354	750	18.517807320503568	0.0	362795	3199.721925305279	0.75	64.786022
18521.917946591046	750	19.34860740181131	0.0	353220	3169.199918692258	0.75	70.008689
18526.34482218392	750	18.92173180893607	0.0	405134	4426.875592875242	0.75	59.00323
18530.93528005951	750	18.331273933344647	0.0	386351	4590.4578755914235	0.75	59.358241
18536.154328943892	750	17.112225048963225	0.0	434409	5219.048884381424	0.75	56.692976
18541.685335549617	750	15.58121844324088	0.0	337059	5531.006605722346	0.75	54.76216
18544.73838464698	300	16.528169345877227	0.0	138313	3053.0490973636497	-0.15000000000000002	19.984984
18547.102589980692	300	18.16396401216288	0.0	143509	2364.205333714347	0.3	18.452936
18548.901863179286	300	20.364690813569823	0.0	150616	1799.273198593059	0.3	35.116669
18550.686432410213	300	22.58012158264263	0.0	165384	1784.5692309271922	0.3	26.310814
18554.528312094666	750	22.73824189819126	0.0	350713	3841.87968445137	0.3	67.172129
18559.37414046871	750	21.89241352414835	0.0	386472	4845.8283740429115	0.75	62.777649
18564.825869707216	750	20.440684285643258	0.0	399894	5451.729238505094	0.75	55.443233
18571.144715306134	750	18.121838686726957	0.0	401853	6318.8455989162985	0.75	47.960406
18576.99174070511	750	16.274813287750465	0.0	343800	5847.0253989764915	0.75	55.451197
18580.11003998369	300	17.15651400916922	0.0	146754	3118.299278581243	-0.15000000000000002	25.355956
18582.239724534957	300	19.02682945790517	0.0	153938	2129.684551264055	0.3	22.855883
18584.341397316257	300	20.925156676601254	0.0	181901	2101.672781303914	0.3	27.469573
18587.127771622076	750	22.138782370784533	0.0	277716	2786.3743058167215	0.3	68.231907
18588.62220830746	300	24.644345685400097	0.0	153605	1494.4366853844365	-0.15000000000000002	28.256686
18592.07340671218	750	25.193147280677426	0.0	400508	3451.198404722674	0.3	67.821489
18596.92616584476	1200	24.3403881480981	0.0	570392	4852.759132579325	0.75	78.009495
18603.11503221761	1200	22.151521775246895	0.0	620283	6188.866372851202	1.2	72.909556
18608.90711726074	1200	20.359436732117878	0.0	584349	5792.085043129015	1.2	79.771897
18612.250611905703	750	21.015942087151178	0.0	412837	3343.494644966702	0.3	49.996929
18615.71712405851	750	21.54942993434775	0.0	401088	3466.5121528034283	0.75	69.915275
18619.065855027893	750	22.200698964963756	0.0	365161	3348.7309693839948	0.75	60.276519
18623.23754337125	1200	22.029010621602698	0.0	487812	4171.688343361057	0.75	77.846693
18628.21845100638	1200	21.048102986471015	0.0	575591	4980.907635131684	1.2	77.292461
18633.60376121019	1200	19.662792782663626	0.0	605884	5385.310203807388	1.2	74.001829
18637.80750917767	750	19.459044815183095	0.0	390680	4203.747967480533	0.3	61.525566
18642.06044817123	750	19.206105821623538	0.0	345516	4252.938993559553	0.75	79.583372
18646.67154578433	750	18.59500820851946	0.0	384505	4611.097613104079	0.75	64.443828
18652.640217762524	750	16.626336230330082	0.0	372093	5968.671978189375	0.75	58.879512
18656.42407810873	300	16.842475884123107	0.0	172312	3783.860346206974	-0.15000000000000002	26.146503
18658.751963642306	300	18.51459035054545	0.0	167025	2327.8855335776575	0.3	26.908827
18660.54708101755	300	20.71947297530366	0.0	160064	1795.117375241792	0.3	27.591437
18664.10020469353	750	21.166349299325514	0.0	331053	3553.1236759781473	0.3	60.678126
18667.76359967284	750	21.502954320016013	0.0	314107	3663.394979309502	0.75	75.210559

