936.868318641658	750	4.0	6.865112348267744	450283	6865.112348267744	-28.7699830975513	64.858346
938.9288945592218	300	5.939424082436076	0.0	155580	2060.575917563924	-0.15000000000000002	18.412623
940.7124487635078	300	8.155869878150016	0.0	139857	1783.5542042860604	0.3	17.596212
942.5703864581785	300	10.297932183479393	0.0	155432	1857.9376946706218	0.3	19.997309
944.4276097545383	300	12.440708887119614	0.0	163442	1857.2232963597808	0.3	16.877619
945.7377094596565	300	15.130609182001447	0.0	126289	1310.099705118168	0.3	18.579568
949.1640006187913	750	15.704318022866609	0.0	352642	3426.2911591348357	0.3	81.00828
953.9390642207429	750	14.929254420914987	0.0	437162	4775.063601951622	0.75	69.475262
958.5779113827869	750	14.29040725887106	0.0	374758	4638.847162043927	0.75	70.789292
963.6084767684398	750	13.259841873218098	0.0	362795	5030.565385652963	0.75	64.786022
969.0223712726852	750	11.8459473689727	0.0	353220	5413.894504245398	0.75	70.008689
981.7887747287832	750	4.0	0.9204560871253415	405134	12766.403456098042	-3.2079611746389687	59.00323
987.6662916230886	300	4.0	1.8775168943053369	160746	5877.516894305337	-8.22332264551295	21.445722
993.8651784513863	300	4.0	2.1988868282977028	179801	6198.886828297703	-9.15521336168012	23.726678
997.9260983375664	300	4.0	0.06091988618005052	140051	4060.9198861800505	0.03804448942578276	21.119447
1001.8969680548581	300	4.029130282708226	0.0	138313	3970.8697172917737	0.3	19.984984
1007.1002304585814	300	4.0	1.1741321210151172	143509	5203.262403723344	-4.748768120365004	18.452936
1010.5612483789545	300	4.538982079626962	0.0	150616	3461.017920373038	0.3	35.116669
1013.4842460848321	300	5.61598437374933	0.0	165384	2922.9977058776312	0.3	26.310814
1016.0558542804404	300	7.044376178141027	0.0	140881	2571.608195608304	0.3	26.782579
1018.9711207017247	300	8.129109756856787	0.0	157671	2915.26642128424	0.3	28.807059
1022.9232909065767	300	8.176939552004725	0.0	157812	3952.1702048520615	0.3	21.07483
1027.4302322636286	300	7.669998194952845	0.0	163927	4506.941357051881	0.3	16.837774
1030.905050727441	300	8.195179731140346	0.0	137654	3474.8184638124985	0.3	6.466535
1034.700814757107	300	8.399415701474247	0.0	146754	3795.764029666099	0.3	25.355956
1038.621159527579	300	8.479070931002356	0.0	153938	3920.344770471892	0.3	22.855883
1040.4064000324977	300	10.693830426083755	0.0	181901	1785.2405049185998	0.3	27.469573
1040.9496458344954	300	14.150584624086068	0.0	111155	543.2458019976875	0.3	12.138089
1041.5910415148837	300	17.50918894369769	0.0	153605	641.3956803883785	0.3	28.256686
1042.1063394468747	300	20.993891011706605	0.0	149029	515.2979319910842	0.3	23.365013
1043.012677415641	750	24.08755304294029	0.0	358218	906.3379687663141	0.3	64.789531
1043.9252561614478	750	27.17497429713361	0.0	400322	912.5787458066804	0.75	60.651768
1046.024145497738	1850	29.076084960843485	0.0	885062	2098.8893362901263	0.75	87.533761
1048.098485628103	1850	31.001744830478493	0.0	1035329	2074.3401303649925	1.85	71.430146
1051.38570019473	2850	31.71453026385139	0.0	1492672	3287.2145666271044	1.85	99.177905
1056.162462264432	4300	30.937768194149363	0.0	2143948	4776.762069702025	2.8499999999999996	99.974279
1060.449958589946	4300	30.650271868635343	0.0	1919781	4287.496325514022	4.3	99.97428
1064.9962321882686	4300	30.103998270312783	0.0	2147467	4546.27359832256	4.3	99.974277
1069.338332255779	4300	29.76189820280228	0.0	2133870	4342.1000675105015	4.3	99.974275
1074.1909492353313	4300	28.909281223250165	0.0	2146120	4852.6169795521155	4.3	99.974277
1079.3603830813918	4300	27.739847377189776	0.0	2108491	5169.433846060388	4.3	99.974276
1084.3319738292694	4300	26.768256629312006	0.0	2184571	4971.59074787777	4.3	99.974116
1088.9616505610024	4300	26.138579897578794	0.0	2121928	4629.676731733213	4.3	99.974273
1093.8671131200479	4300	25.233117338533575	0.0	2219102	4905.462559045221	4.3	99.974276
1099.113879228329	4300	23.986351230252325	0.0	2124950	5246.766108281252	4.3	99.974279
1104.7654318167545	4300	22.334798641827042	0.0	2246506	5651.552588425282	4.3	99.97428
1108.805419756787	4300	22.294810701794603	0.0	1961140	4039.9879400324407	4.3	99.97428
1116.0384363335638	4300	19.06179412501771	0.0	2155012	7233.016576776891	4.3	99.974274

