19012.375548301447	750	4.0	5.558065529459364	450283	5558.065529459364	-23.149681776675266	64.858346
19015.183267433298	300	5.192280868151962	0.0	155580	2807.719131848038	-0.15000000000000002	18.412623
19016.568799767916	300	7.8067485335352504	0.0	139857	1385.5323346167118	0.3	17.596212
19018.13334445544	300	10.24220384601217	0.0	155432	1564.5446875230796	0.3	19.997309
19020.360097264052	300	12.015451037399814	0.0	163442	2226.7528086123575	0.3	16.877619
19022.034158122104	300	14.34139017934634	0.0	126289	1674.0608580534742	0.3	18.579568
19024.102504039845	300	16.273044261605317	0.0	153295	2068.3459177410227	0.3	42.291519
19031.256836247445	750	13.118712054008757	0.0	437162	7154.33220759656	0.3	69.475262
19034.221322301837	750	14.154225999614532	0.0	374758	2964.4860543942254	0.75	70.789292
19036.828032165686	750	15.547516135764342	0.0	362795	2606.7098638501907	0.75	64.786022
19039.43475648266	750	16.940791818790466	0.0	353220	2606.724316973878	0.75	70.008689
19042.36484035236	750	18.01070794908931	0.0	405134	2930.0838697011563	0.75	59.00323
19045.15992364217	750	19.215624659276457	0.0	386351	2795.083289812849	0.75	59.358241
19050.22609460478	1200	18.14945369667255	0.0	687371	5066.17096260391	0.75	70.998108
19053.960649809884	1200	18.414898491568522	0.0	526950	3734.5552051040263	1.2	67.735752
19058.423617324002	1200	17.95193097744881	0.0	587876	4462.967514119711	1.2	72.569044
19063.2393740379	1200	17.136174263548384	0.0	617242	4815.7567139004295	1.2	75.662786
19068.44958843524	1200	15.925959866212539	0.0	581493	5210.214397335844	1.2	79.137254
19076.49486596876	1200	11.880682332691675	0.0	639204	8045.277533520865	1.2	72.000653
19079.664553374976	750	12.710994926474354	0.0	350713	3169.6874062173215	0.3	67.172129
19082.82520306271	750	13.550345238737554	0.0	386472	3160.6496877368	0.75	62.777649
19085.37695005645	750	14.998598245001329	0.0	399894	2551.746993736226	0.75	55.443233
19088.25839938271	750	16.117148918741304	0.0	401853	2881.449326260027	0.75	47.960406
19093.379219071612	1200	14.996329229838805	0.0	536667	5120.819688902497	0.75	68.420849
19099.285562705565	1200	13.089985595883606	0.0	587236	5906.343633955202	1.2	78.698824
19105.172127736932	1200	11.203420564514538	0.0	590335	5886.5650313690685	1.2	79.644231
19111.478199035566	1200	8.897349265881653	0.0	696376	6306.071298632885	1.2	80.745588
19116.08423821405	1200	8.29131008739684	0.0	487160	4606.039178484813	1.2	80.893459
19119.71602406392	750	8.659524237526222	0.0	400396	3631.7858498706173	0.3	69.601487
19124.318109902713	750	8.057438398732824	0.0	400508	4602.085838793398	0.75	67.821489
19129.5668729115	750	6.808675389948633	0.0	358218	5248.763008784192	0.75	64.789531
19136.704128197427	750	4.0	0.3285798959799768	400322	7137.25528592861	-0.6628935527139002	60.651768
19138.784458989143	300	5.919669208283938	0.0	143881	2080.330791716062	-0.15000000000000002	25.091594
19140.44776931833	300	8.256358879100418	0.0	163444	1663.3103291835184	0.3	17.178658
19142.17699167524	300	10.527136522188231	0.0	179328	1729.2223569121873	0.3	28.893466
19143.943790065605	300	12.760338131822499	0.0	159914	1766.7983903657337	0.3	21.738399
19145.50622417999	300	15.197904017436018	0.0	131610	1562.4341143864797	0.3	28.4111
19149.331291960912	750	15.37283623651187	0.0	361565	3825.06778092415	0.3	66.788635
19153.663622344855	750	15.040505852571778	0.0	378327	4332.3303839400905	0.75	62.32333
19157.34812516584	750	15.356003031585782	0.0	390680	3684.5028209859956	0.75	61.525566
19162.032738868656	750	14.671389328770365	0.0	345516	4684.613702815417	0.75	79.583372
19166.94295522626	750	13.761172971169232	0.0	384505	4910.216357601134	0.75	64.443828
19170.72578734774	750	13.978340849687129	0.0	372093	3782.8321214821026	0.75	58.879512
19173.8382064889	750	14.865921708523304	0.0	438281	3112.4191411638235	0.75	62.327504
19177.625774564094	750	15.078353633327643	0.0	398987	3787.568075195662	0.75	63.729239
19182.87508035431	750	13.829047843111997	0.0	393804	5249.305790215645	0.75	62.845425
19187.338699622098	1200	13.365428575325275	0.0	538612	4463.619267786722	0.75	74.51099
19191.424882098843	1200	13.279246098582254	0.0	550906	4086.1824767430203	1.2	86.366143

