14791.934280489992	750	4.0	1.9120480482224669	450283	1912.0480482224668	0.5	-7.471806607356607	64.858346
14794.675350144003	1200	5.258930345989344	0.0	611087	2741.0696540106555	0.5	0.75	69.839987
14799.64278262905	1200	4.291497860943664	0.0	571051	4967.432485045681	0.5	1.2	73.587374
14802.630138718667	300	5.304141771325032	0.0	155432	2987.3560896186314	0.5	-0.6000000000000001	19.997309
14805.852505520876	300	6.081774969114155	0.0	163442	3222.366802210877	0.5	0.3	16.877619
14806.898816486077	300	9.035464003913475	0.0	126289	1046.31096520068	0.5	0.3	18.579568
14808.149947528653	300	11.784332961337427	0.0	153295	1251.1310425760494	0.5	0.3	42.291519
14809.41338099518	300	14.520899494810568	0.0	173849	1263.4334665268575	0.5	0.3	35.451274
14810.60887520212	300	17.3254052878705	0.0	150710	1195.4942069400686	0.5	0.3	28.497356
14814.369599634849	750	17.56468085514279	0.0	362795	3760.724432727711	0.5	0.3	64.786022
14816.978630112888	750	18.955650377103616	0.0	353220	2609.0304780391734	0.5	0.75	70.008689
14819.360103306315	750	20.574177183675683	0.0	405134	2381.473193427933	0.5	0.75	59.00323
14822.702277804041	1200	21.23200268595077	0.0	624282	3342.174497724912	0.5	0.75	73.534048
14826.060744592538	1200	21.87353589745331	0.0	687371	3358.466788497464	0.5	1.2	70.998108
14828.825422160817	1200	23.108858329173774	0.0	526950	2764.6775682795355	0.5	1.2	67.735752
14836.02438925359	1850	19.909891236402395	0.0	923170	7198.967092771378	0.5	1.2000000000000002	83.7301
14849.202943269875	1850	10.731337220116156	0.0	966699	13178.55401628624	0.5	1.85	86.226021
14860.204241508478	1200	4.0	0.2699610184881676	581493	11001.298238604324	0.5	-0.6108323794991207	79.137254
14861.88498953777	300	6.31925197070783	0.0	165384	1680.7480292921705	0.5	-0.6000000000000001	26.310814
14863.049764897232	300	9.154476611244913	0.0	140881	1164.7753594629173	0.5	0.3	26.782579
14864.159819427714	300	12.044422080763642	0.0	157671	1110.054530481272	0.5	0.3	28.807059
14865.171177830383	300	15.033063678093505	0.0	157812	1011.3584026701352	0.5	0.3	21.07483
14866.329993260992	300	17.87424824748494	0.0	163927	1158.8154306085687	0.5	0.3	16.837774
14871.260834765657	1200	16.943406742817523	0.0	536667	4930.841504667417	0.5	0.29999999999999993	68.420849
14879.738781501952	1200	12.465460006522315	0.0	587236	8477.946736295207	0.5	1.2	78.698824
14883.943488577448	750	12.260752931027843	0.0	379700	4204.707075494471	0.5	0.3	66.676537
14887.09387156658	750	13.110369941895675	0.0	425781	3150.38298913217	0.5	0.75	65.665965
14888.747459045282	750	15.456782463195339	0.0	277716	1653.5874787003354	0.5	0.75	68.231907
14890.39210845623	750	17.812133052246253	0.0	400396	1644.6494109490857	0.5	0.75	69.601487
14892.168221765727	750	20.036019742749048	0.0	400508	1776.1133094972024	0.5	0.75	67.821489
14895.171216868472	1200	21.033024640005063	0.0	570392	3002.9951027439865	0.5	0.75	78.009495
14898.03142946963	1200	22.172812038846953	0.0	620283	2860.2126011581113	0.5	1.2	72.909556
14901.608837932463	1850	22.59540357601368	0.0	885062	3577.4084628332744	0.5	1.2000000000000002	87.533761
14905.830097029078	1850	22.374144479398986	0.0	1035329	4221.259096614692	0.5	1.85	71.430146
14910.367626349434	1850	21.836615159042704	0.0	1026056	4537.529320356283	0.5	1.85	97.037422
14916.377001739247	2850	19.827239769229973	0.0	1439896	6009.375389812733	0.5	1.85	97.217465
14929.766053742378	2850	10.438187766097828	0.0	1139291	13389.052003132143	0.5	2.85	93.825455
14934.234212135318	750	9.970029373159988	0.0	361565	4468.1583929378385	0.5	-1.35	66.788635
14937.851824633546	750	10.352416874931082	0.0	378327	3617.612498228905	0.5	0.75	62.32333
14940.030011114306	750	12.174230394170465	0.0	390680	2178.186480760618	0.5	0.75	61.525566
14941.861078583734	750	14.343162924743345	0.0	345516	1831.0674694271202	0.5	0.75	79.583372
14944.062010554844	750	16.14223095363309	0.0	384505	2200.9319711102567	0.5	0.75	64.443828
14946.096251281508	750	18.10799022697033	0.0	372093	2034.2407266627579	0.5	0.75	58.879512
14948.398462665651	750	19.805778842826125	0.0	438281	2302.2113841442056	0.5	0.75	62.327504
14950.361199991328	750	21.843041517147725	0.0	398987	1962.7373256784008	0.5	0.75	63.729239
14955.035818813107	1850	21.168422695369998	0.0	982064	4674.618821777726	0.5	0.75	86.680563
14961.907708950393	2850	18.296532558082856	0.0	1231456	6871.890137287145	0.5	1.85	92.485503
14969.711994692083	2850	14.492246816392244	0.0	1364537	7804.28574169061	0.5	2.85	97.895096

