6681.328962281047	750	4.0	5.105653885378062	450283	5105.653885378062	0.5	-21.204311707125665	64.858346
6685.484664020708	300	4.0	0.15570173966025685	155580	4155.701739660257	0.5	-0.8195174805391044	18.412623
6687.941297450676	300	5.543366570032065	0.0	139857	2456.6334299679343	0.5	0.3	17.596212
6689.227726586165	300	8.256937434542367	0.0	155432	1286.4291354896984	0.5	0.3	19.997309
6690.215446434069	300	11.26921758663774	0.0	163442	987.7198479046284	0.5	0.3	16.877619
6690.761174043657	300	14.723489977049944	0.0	126289	545.7276095877967	0.5	0.3	18.579568
6691.410076979311	300	18.074587041395613	0.0	153295	648.9029356543269	0.5	0.3	42.291519
6693.237944475907	750	20.246719544800097	0.0	437162	1827.8674965955186	0.5	0.3	69.475262
6694.907420261343	750	22.577243759364418	0.0	374758	1669.4757854356799	0.5	0.75	70.789292
6698.91124957999	1850	22.573414440717382	0.0	913888	4003.8293186470373	0.5	0.75	86.733288
6702.358819531301	1850	23.12584448940685	0.0	939819	3447.5699513105315	0.5	1.85	89.239922
6705.419186138324	1850	24.065477882383643	0.0	917428	3060.366607023208	0.5	1.85	82.202545
6709.973958671917	2850	23.51070534879062	0.0	1422919	4554.772533593022	0.5	1.85	93.510922
6715.080545589187	2850	22.40411843152043	0.0	1578343	5106.5869172701905	0.5	2.85	91.568178
6719.998893860587	2850	21.485770160120413	0.0	1231445	4918.3482714000165	0.5	2.85	88.830113
6726.369893221908	2850	19.11477079879976	0.0	1471065	6370.999361320654	0.5	2.85	93.514387
6731.61915423225	2850	17.865509788456745	0.0	1491626	5249.261010343016	0.5	2.85	94.650033
6737.983686763798	2850	15.500977256909117	0.0	1358801	6364.5325315476275	0.5	2.85	92.142023
6750.361837781676	2850	7.122826239032065	0.0	1537156	12378.151017877051	0.5	2.85	89.30989
6755.159298650546	1200	6.325365370161676	0.0	586839	4797.460868870389	0.5	-0.44999999999999996	79.134663
6759.054232714939	750	6.430431305769087	0.0	386472	3894.9340643925884	0.5	0.3	62.777649
6764.828214454366	750	4.6564495663411	0.0	399894	5773.981739427987	0.5	0.75	55.443233
6766.988317874928	300	6.496346145780349	0.0	163927	2160.103420560751	0.5	-0.15000000000000002	16.837774
6768.247098328062	300	9.237565692646667	0.0	137654	1258.7804531336812	0.5	0.3	6.466535
6769.70902087543	300	11.775643145278243	0.0	146754	1461.9225473684235	0.5	0.3	25.355956
6771.310308096537	300	14.174355924171952	0.0	153938	1601.2872211062904	0.5	0.3	22.855883
6773.227580867648	300	16.257083153060503	0.0	181901	1917.27277111145	0.5	0.3	27.469573
6775.893959783104	750	17.590704237604832	0.0	277716	2666.378915455671	0.5	0.3	68.231907
6779.530531845639	750	17.95413217506975	0.0	400396	3636.572062535084	0.5	0.75	69.601487
6785.323287521417	1200	16.16137649929162	0.0	641447	5792.755675778131	0.5	0.75	80.154442
6790.837063143252	1200	14.647600877457343	0.0	570392	5513.775621834275	0.5	1.2	78.009495
6795.740337528828	1200	13.744326491881566	0.0	620283	4903.274385575779	0.5	1.2	72.909556
6800.890238470856	1200	12.594425549852604	0.0	584349	5149.900942028962	0.5	1.2	79.771897
6805.328020648968	1200	12.156643371740754	0.0	670129	4437.782178111849	0.5	1.2	62.28877
6812.1389096656685	1200	9.345754355041004	0.0	690253	6810.889016699749	0.5	1.2	87.732581
6819.727043143396	1200	5.757620877313331	0.0	598727	7588.133477727674	0.5	1.2	77.763467
6823.287677081475	750	6.196986939234128	0.0	321064	3560.6339380792024	0.5	0.3	67.040505
6825.550127727494	750	7.934536293214846	0.0	361565	2262.450646019283	0.5	0.75	66.788635
6828.153680611817	750	9.3309834088926	0.0	378327	2603.5528843222455	0.5	0.75	62.32333
6831.085758362047	750	10.398905658662214	0.0	390680	2932.077750230386	0.5	0.75	61.525566
6835.014659685343	750	10.470004335367268	0.0	345516	3928.901323294945	0.5	0.75	79.583372
6838.276786229961	750	11.207877790749677	0.0	384505	3262.1265446175917	0.5	0.75	64.443828
6840.644183586086	750	12.840480434623895	0.0	372093	2367.3973561257812	0.5	0.75	58.879512
6844.555863332325	750	12.928800688384037	0.0	438281	3911.6797462398595	0.5	0.75	62.327504
6849.762298298383	750	11.722365722326042	0.0	398987	5206.434966057996	0.5	0.75	63.729239
6855.731014387475	750	9.753649633234973	0.0	393804	5968.716089091069	0.5	0.75	62.845425
6859.156894862147	750	10.327769158562397	0.0	331053	3425.880474672577	0.5	0.75	60.678126
6862.04337882622	750	11.44128519448968	0.0	314107	2886.4839640727173	0.5	0.75	75.210559

