50365.79719033068	750	4.0	4.043612194844198	450283	4043.61219484	-16.63753243783005	64.858346
50377.799300905295	2850	4.0	8.002110574609791	1431809	12002.1105746	-33.6590754708221	90.683379
50391.60024555254	2850	4.0	9.800944647247716	1300868	13800.9446472	-39.29406198316518	90.483169
50404.07479388277	2850	4.0	8.474548330234244	1520281	12474.5483302	-33.59055782000725	89.788956
50419.12450352769	2850	4.0	11.049709644914548	1472558	15049.7096449	-44.66375147313256	85.928154
50430.712574599114	2850	4.0	7.588071071431013	1224260	11588.0710714	-29.778705607153356	94.229141
50452.99257605325	2850	4.0	18.280001454127472	1388403	22280.0014541	-75.75400625274813	97.582873
50469.68156520504	2850	4.0	12.688989151801652	1638769	16688.9891518	-51.7126533527471	97.908255
50478.87104583021	2850	4.0	5.189480625160416	1348011	9189.48062516	-19.464766688189787	96.808308
50485.13978621517	2850	4.0	2.268740384964495	1429765	6268.74038496	-6.905583655347328	94.962414
50489.89565073926	2850	4.0	0.7558645240856185	1354548	4755.86452409	-0.4002174535681595	95.957675
50494.98060607018	2850	4.0	1.0849553309266202	1519951	5084.95533093	-1.8153079229844669	92.483401
50509.93497758259	2850	4.0	10.954371512407128	1422919	14954.3715124	-44.25379750335065	93.510922
50516.20411078867	2850	4.0	2.2691332060760208	1578343	6269.13320608	-6.907272786126889	91.568178
50520.62792761091	2850	4.0	0.4238168222474769	1231445	4423.81682225	1.0275876643358495	88.830113
50526.70999648177	2850	4.0	2.082068870857283	1471065	6082.06887086	-6.1028961446863175	93.514387
50536.87503913891	2850	4.0	6.165042657141957	1491626	10165.0426571	-23.659683425710416	94.650033
50544.56351708697	2850	4.0	3.688477948058875	1358801	7688.47794806	-13.010455176653164	92.142023
50551.272777073245	2850	4.0	2.709259986267856	1537156	6709.25998627	-8.799817940951781	89.30989
50558.168288329114	2850	4.0	2.895511255873613	1336050	6895.51125587	-9.600698400256535	93.680429
50566.26862326114	2850	4.0	4.1003349320188125	1415116	8100.33493202	-14.781440207680893	90.785318
50572.66203849631	2850	4.0	2.3934152351674047	1468126	6393.41523517	-7.4416855112198395	89.398189
50583.61008874216	2850	4.0	6.948050245856815	1505760	10948.0502459	-27.026616057184302	85.954529
50590.70064272514	2850	4.0	3.0905539829757425	1323990	7090.55398298	-10.439382126795692	89.320458
50599.18593388561	2850	4.0	4.485291160470295	1383735	8485.29116047	-16.436751990022266	93.348429
50606.15322979039	2850	4.0	2.967295904780947	1480464	6967.29590478	-9.909372390558072	97.271626
50613.73642536791	2850	4.0	3.583195577524385	1547572	7583.19557752	-12.557740983354856	97.509012
50619.82004375814	2850	4.0	2.0836183902266905	1141971	6083.61839023	-6.109559077974769	93.311238
50625.918964159384	2850	4.0	2.0989204012418203	1498470	6098.92040124	-6.175357725339827	96.041687
50633.28297529313	2850	4.0	3.3640111337467014	1561263	7364.01113375	-11.615247875110816	96.863845
50639.186318247885	2850	4.0	1.903342954757607	1341201	5903.34295476	-5.33437470545771	94.816085
50645.227693825946	2850	4.0	2.0413755780615483	1497683	6041.37557806	-5.927914985664659	92.910185
50651.242220698616	2850	4.0	2.0145268726684917	1358081	6014.52687267	-5.812465552474514	95.193139
50656.37213691595	2850	4.0	1.1299162173254227	1587293	5129.91621733	-2.0086397344993174	81.858634
50664.86492550078	2850	4.0	4.492788584837609	1492672	8492.78858484	-16.468990914801715	99.177905
50676.7102146034	2850	4.0	7.845289102617829	1439896	11845.2891026	-30.884743141256664	97.217465
50689.07817148857	2850	4.0	8.367956885169129	1139291	12367.9568852	-33.13221460622725	93.825455
50701.40629800235	2850	4.0	8.328126513787899	1499009	12328.1265138	-32.960944009287964	93.982147
50715.57845764161	2850	4.0	10.172159639256417	1427478	14172.1596393	-40.89028644880259	90.92969
50729.47353240382	2850	4.0	9.895074762207893	1402287	13895.0747622	-39.69882147749394	91.34334
50751.24296598006	2850	4.0	17.76943357623928	1339500	21769.4335762	-73.5585643778289	97.297482
50766.48502679121	2850	4.0	11.242060811155055	1527299	15242.0608112	-45.49086148796673	92.902955
50776.11200467173	2850	4.0	5.626977880512728	1343002	9626.97788051	-21.346004886204728	87.659279
50783.00194885378	2850	4.0	2.8899441820527128	1587250	6889.94418205	-9.576759982826665	95.172719
50788.069754599885	2850	4.0	1.067805746102651	1464921	5067.8057461	-1.7415647082413996	96.481395
50793.3125224208	2850	4.0	1.2427678209193547	1483527	5242.76782092	-2.4939016299532244	95.602302
50807.33724197938	2850	4.0	10.024719558583868	1231456	14024.7195586	-40.25629410191063	92.485503
50812.801044851265	2850	4.0	1.4638028718798524	1364537	5463.80287188	-3.4443523490833647	97.895096

