54002.68157047815	750	4.0	4.838144007766586	450283	4838.14400777	-20.05401923339632	64.858346
54013.89434531279	2850	4.0	7.212774834637992	1431809	11212.7748346	-30.264931788943365	90.683379
54023.59993457367	2850	4.0	5.705589260885153	1300868	9705.58926089	-21.684033821806157	90.483169
54033.0545982308	2850	4.0	5.4546636571285285	1520281	9454.66365713	-20.60505372565267	89.788956
54039.30708553754	2850	4.0	2.2524873067328164	1472558	6252.48730673	-6.83569541895111	85.928154
54044.7096503951	2850	4.0	1.402564857562992	1224260	5402.56485756	-3.1810288875208657	94.229141
54050.81577468195	2850	4.0	2.106124286846536	1388403	6106.12428685	-6.206334433440105	97.582873
54056.563237357244	2850	4.0	1.7474626752950126	1638769	5747.4626753	-4.664089503768555	97.908255
54063.51365086953	2850	4.0	2.950413512280243	1348011	6950.41351228	-9.836778102805043	96.808308
54073.81726325579	2850	4.0	6.303612386263269	1429765	10303.6123863	-24.255533260932054	94.962414
54084.63439829652	2850	4.0	6.817135040729858	1354548	10817.1350407	-26.463680675138388	95.957675
54092.57618714301	2850	4.0	3.9417888464825754	1519951	7941.78884648	-14.099692039875075	92.483401
54102.1964645382	2850	4.0	5.620277395199613	1422919	9620.2773952	-21.317192799358335	93.510922
54105.48410679179	2850	4.712357746415515	0.0	1578343	3287.64225358	2.85	91.568178
54107.90537281992	2850	6.291091718279648	0.0	1231445	2421.26602814	2.85	88.830113
54110.733500397786	2850	7.462964140416536	0.0	1471065	2828.12757786	2.85	93.514387
54113.61470617042	2850	8.581758367784325	0.0	1491626	2881.20577263	2.85	94.650033
54117.59552211761	2850	8.60094242058667	0.0	1358801	3980.8159472	2.85	92.142023
54120.89742713327	2850	9.299037404933431	0.0	1537156	3301.90501565	2.85	89.30989
54123.46609123796	2850	10.730373300238405	0.0	1336050	2568.6641047	2.85	93.680429
54126.22032097856	2850	11.97614355963873	0.0	1415116	2754.2297406	2.85	90.785318
54130.386245213274	2850	11.81021932491955	0.0	1468126	4165.92423472	2.85	89.398189
54136.45386098272	2850	9.742603555470476	0.0	1505760	6067.61576945	2.85	85.954529
54142.269648299356	2850	7.926816238837714	0.0	1323990	5815.78731663	2.85	89.320458
54148.0653985982	2850	6.131065939991281	0.0	1383735	5795.75029885	2.85	93.348429
54155.91585716767	2850	4.0	1.7193926294725952	1480464	7850.45856946	-4.543388306732158	97.271626
54163.11670580501	2850	4.0	3.200848637345878	1547572	7200.84863735	-10.913649140587275	97.509012
54168.46587401627	2850	4.0	1.3491682112564722	1141971	5349.16821126	-2.95142330840283	93.311238
54176.841541954294	2850	4.0	4.375667938021259	1498470	8375.66793802	-15.965372133491412	96.041687
54185.552104955495	2850	4.0	4.710563001199397	1561263	8710.5630012	-17.405420905157403	96.863845
54197.327089365535	2850	4.0	7.774984410040157	1341201	11774.98441	-30.58243296317267	94.816085
54207.72821321817	2850	4.0	6.401123852643639	1497683	10401.1238526	-24.674832566367648	92.910185
54217.692774495896	2850	4.0	5.9645612777210175	1358081	9964.56127772	-22.797613494200373	95.193139
54224.76116847496	2850	4.0	3.068393979065486	1587293	7068.39397907	-10.34409410998159	81.858634
54231.45673269967	2850	4.0	2.695564224712158	1492672	6695.56422471	-8.740926166262279	99.177905
54241.35728325022	2850	4.0	5.90055055055206	1439896	9900.55055055	-22.522367367373857	97.217465
54251.75342283162	2850	4.0	6.396139581404899	1139291	10396.1395814	-24.653400200041062	93.825455
54263.31091839225	2850	4.0	7.557495560620631	1499009	11557.4955606	-29.64723091066871	93.982147
54273.45428662922	2850	4.0	6.143368236963408	1427478	10143.368237	-23.56648341894265	90.92969
54279.95957839279	2850	4.0	2.505291763571283	1402287	6505.29176357	-7.922754583356516	91.34334
54285.56858763973	2850	4.0	1.6090092469451955	1339500	5609.00924695	-4.068739761864341	97.297482
54292.80518888454	2850	4.0	3.236601244797297	1527299	7236.6012448	-11.067385352628376	92.902955
54297.59313811369	2850	4.0	0.787949229161095	1343002	4787.94922916	-0.5381816853927082	87.659279
54303.83135160575	2850	4.0	2.2382134920583323	1587250	6238.21349206	-6.774318015850829	95.172719
54315.22003637954	2850	4.0	7.3886847737844015	1464921	11388.6847738	-28.921344527272925	96.481395
54325.99356300482	2850	4.0	6.773526625279377	1483527	10773.5266253	-26.27616448870132	95.602302
54332.72929100908	2850	4.0	2.7357280042553613	1231456	6735.72800426	-8.913630418298053	92.485503
54344.174457418114	2850	4.0	7.445166409035648	1364537	11445.166409	-29.164215558853286	97.895096

