1840.8345895138166	750	4.0	1.5754002818435975	450283	1575.4002818435974	-6.024221211927469	64.858346
1841.6772112711674	300	7.157378242649309	0.0	155580	842.6217573506916	-0.15000000000000002	18.412623
1843.0470618479355	750	9.78752766588118	0.0	350812	1369.8505767681293	0.3	60.430767
1845.1356866685342	1200	11.698902845282603	0.0	617681	2088.6248205985758	0.75	69.474665
1849.9945332905747	1850	10.840056223241762	0.0	996749	4858.846622040842	1.2000000000000002	75.455188
1853.4146481380517	1200	11.419941375764877	0.0	520315	3420.1148474768856	0.5499999999999999	75.14582
1861.1742624896692	1850	7.660327024147237	0.0	905515	7759.61435161764	1.2000000000000002	94.086702
1863.2431957426293	750	9.591393771187219	0.0	437162	2068.9332529600183	-0.3500000000000001	69.475262
1866.2440597331984	1200	10.590529780618155	0.0	584846	3000.863990569063	0.75	82.430225
1869.169149812349	1200	11.66543970146743	0.0	560821	2925.0900791507256	1.2	76.960357
1873.5431949393549	1850	11.291394574461483	0.0	939819	4374.045127005947	1.2000000000000002	89.239922
1878.5045170079613	1850	10.330072505855005	0.0	917428	4961.322068606478	1.85	82.202545
1881.6078457817625	1200	11.226743732053883	0.0	624282	3103.3287738011227	0.5499999999999999	73.534048
1886.4274353475553	1850	10.407154166261241	0.0	1036454	4819.589565792641	1.2000000000000002	80.875505
1889.9412470534098	1200	10.893342460406634	0.0	526950	3513.8117058546063	0.5499999999999999	67.735752
1893.3102794270596	1200	11.524310086756758	0.0	587876	3369.032373649878	1.2	72.569044
1897.9415631832637	1850	10.893026330552726	0.0	966699	4631.283756204031	1.2000000000000002	86.226021
1900.6569228430378	1200	12.177666670778546	0.0	581493	2715.3596597741803	0.5499999999999999	79.137254
1905.8327546671555	1850	11.00183484666094	0.0	987708	5175.831824117608	1.2000000000000002	79.995224
1910.1025116747585	1850	10.732077839057755	0.0	923755	4269.757007603184	1.85	86.363677
1912.6439048962288	1200	12.190684617587358	0.0	601738	2541.3932214703973	0.5499999999999999	74.235946
1917.1361671315162	1850	11.698422382299926	0.0	955231	4492.2622352874305	1.2000000000000002	79.031768
1922.203534589376	1850	10.631054924439923	0.0	968026	5067.367457860003	1.85	73.123347
1925.5566453605154	1200	11.277944153300556	0.0	536667	3353.110771139366	0.5499999999999999	68.420849
1930.1802251350246	1850	10.654364378791268	0.0	897976	4623.579774509288	1.2000000000000002	86.994267
1932.7711214187432	1200	12.063468095072633	0.0	590335	2590.8962837186355	0.5499999999999999	79.644231
1936.7042818778393	1850	12.130307635976628	0.0	1076599	3933.160459096004	1.2000000000000002	90.791041
1940.16032266727	1850	12.674266846545995	0.0	758197	3456.0407894306322	1.85	87.50057
1945.1682686640063	1850	11.666320849809493	0.0	972798	5007.945996736503	1.85	88.832031
1952.4128097639777	1850	8.421779749838054	0.0	975811	7244.5410999714395	1.85	89.334885
1953.6735479048489	750	11.16104160896691	0.0	358218	1260.7381408711424	-0.3500000000000001	64.789531
1957.557262423303	1850	11.2773270905128	0.0	954453	3883.7145184541087	0.75	83.67714
1962.8338781184939	1850	10.000711395321996	0.0	885062	5276.615695190805	1.85	87.533761
1966.4948410714615	1200	10.339748442354209	0.0	670129	3660.9629529677886	0.5499999999999999	62.28877
1970.001305209328	1200	10.83328430448776	0.0	690253	3506.464137866447	1.2	87.732581
1972.4375858893889	1200	12.397003624426965	0.0	598727	2436.280680060796	1.2	77.763467
1975.6651630812535	1850	13.169426432562275	0.0	728962	3227.57719186469	1.2000000000000002	86.066994
1985.9452570777182	2850	6.88933243609743	0.0	1499009	10280.093996464846	1.85	93.982147
1987.4440380518683	300	9.390551461947341	0.0	144254	1498.7809741500873	-2.25	12.774971
1989.8496855281105	1200	10.984903985705143	0.0	587506	2405.647476242198	0.29999999999999993	72.886388
1993.118662308357	1200	11.71592720545864	0.0	566904	3268.976780246502	1.2	86.974261
1997.898922605034	1850	10.935666908781641	0.0	1025005	4780.260296677	1.2000000000000002	85.276808
2001.3574104226686	1200	11.477179091147027	0.0	599477	3458.487817634614	0.5499999999999999	71.343181
2007.7463391544322	1850	9.088250359383391	0.0	973972	6388.928731763635	1.2000000000000002	84.84845
2010.075015455744	1200	10.759574058071783	0.0	630203	2328.676301311608	0.5499999999999999	77.745919
2013.6663575591572	1200	11.16823195465877	0.0	638661	3591.3421034130133	1.2	77.309224
2017.3017477971796	1850	11.532841716636396	0.0	830730	3635.390238022373	1.2000000000000002	84.040637
2021.0408328646581	1850	11.793756649157764	0.0	846370	3739.0850674786334	1.85	92.020773

