65464.3567125939	750	4.0	1.8710689380755445	450283	1871.06893808	-7.295596433724841	64.858346
65468.78654222027	2850	4.0	0.42982962636486083	1431809	4429.82962636	-1.0982673933689016	90.683379
65472.249404218586	2850	4.53713800167968	0.0	1300868	3462.86199832	2.85	90.483169
65478.32227118448	2850	4.0	1.5357289642157457	1520281	6072.8669659	-3.753634546127706	89.788956
65483.23380678375	2850	4.0	0.9115355992721424	1472558	4911.53559927	-1.0696030768702123	85.928154
65486.58532766604	2850	4.6484791177074465	0.0	1224260	3351.52088229	2.85	94.229141
65491.079431408005	2850	4.15437537574696	0.0	1388403	4494.10374196	2.85	97.582873
65496.20547191883	2850	4.0	0.9716651350799002	1638769	5126.04051083	-1.32816008084357	97.908255
65500.07901700201	2850	4.126454916822041	0.0	1348011	3873.54508318	2.85	96.808308
65505.09713740626	2850	4.0	0.8916654874270953	1429765	5018.12040425	-0.9841615959365093	94.962414
65510.443042630206	2850	4.0	1.345905223939867	1354548	5345.90522394	-2.937392462941428	95.957675
65516.81039831678	2850	4.0	2.367355686581979	1519951	6367.35568658	-7.329629452302511	92.483401
65524.97607024513	2850	4.0	4.165671928343773	1422919	8165.67192834	-15.062389291878224	93.510922
65539.31525453954	2850	4.0	10.339184294409536	1578343	14339.1842944	-41.608492465961	91.568178
65550.37403975811	2850	4.0	7.058785218574214	1231445	11058.7852186	-27.50277643986912	88.830113
65563.10088981493	2850	4.0	8.726850056819545	1471065	12726.8500568	-34.67545524432404	93.514387
65578.55514422756	2850	4.0	11.454254412632222	1491626	15454.2544126	-46.40329397431855	94.650033
65589.13022284153	2850	4.0	6.575078613959881	1358801	10575.078614	-25.422838040027486	92.142023
65601.41587988997	2850	4.0	8.285657048450696	1537156	12285.6570485	-32.77832530833799	89.30989
65612.61449273661	2850	4.0	7.198612846637718	1336050	11198.6128466	-28.104035240542185	93.680429
65624.51085838197	2850	4.0	7.8963656453656	1415116	11896.3656454	-31.10437227507208	90.785318
65635.05863345556	2850	4.0	6.547775073587645	1468126	10547.7750736	-25.305432816426872	89.398189
65647.25338749784	2850	4.0	8.19475404227397	1505760	12194.7540423	-32.38744238177807	85.954529
65661.38514360588	2850	4.0	10.131756108037989	1323990	14131.756108	-40.71655126456335	89.320458
65676.06033588508	2850	4.0	10.675192279212508	1383735	14675.1922792	-43.05332680061378	93.348429
65705.5682589772	2850	4.0	25.507923092114165	1480464	29507.9230921	-106.83406929609092	97.271626
65746.21479310429	2850	4.0	36.646534127089645	1547572	40646.5341271	-154.73009674648546	97.509012
65762.23185972593	2850	4.0	12.017066621647864	1141971	16017.0666216	-48.82338647308581	93.311238
65765.67017533988	2850	4.561684386049263	0.0	1498470	3438.31561395	2.85	96.041687
65768.89062129954	2850	5.341238426389445	0.0	1561263	3220.44595966	2.85	96.863845
65771.97153813238	2850	6.260321593555879	0.0	1341201	3080.91683283	2.85	94.816085
65775.26693445706	2850	6.964925268867024	0.0	1497683	3295.39632469	2.85	92.910185
65780.42326939396	2850	5.808590331975698	0.0	1358081	5156.33493689	2.85	95.193139
65786.2812674299	2850	4.0	0.04940770397978758	1587293	5857.99803596	2.6375468728869134	81.858634
65790.14600497189	2850	4.135262458020459	0.0	1492672	3864.73754198	2.85	99.177905
65794.42571276755	2850	4.0	0.1444453376441852	1439896	4279.70779566	2.2288850481300035	97.217465
65799.80553687958	2850	4.0	1.3798241120252814	1139291	5379.82411203	-3.08324368170871	93.825455
65804.29099876886	2850	4.0	0.4854618892916596	1499009	4485.46188929	0.7625138760458636	93.982147
65808.25513456971	2850	4.035864199144533	0.0	1427478	3964.13580086	2.85	90.92969
65813.05500702084	2850	4.0	0.7640082519848607	1402287	4799.87245113	-0.4352354835349006	91.34334
65816.84712745137	2850	4.207879569478361	0.0	1339500	3792.12043052	2.85	97.297482
65821.81008847746	2850	4.0	0.7550814566199324	1527299	4962.9610261	-0.3968502634657094	92.902955
65826.58424713982	2850	4.0	0.7741586623554804	1343002	4774.15866236	-0.4788822481285653	87.659279
65833.31494693726	2850	4.0	2.7306997974361846	1587250	6730.69979744	-8.892009128975594	95.172719
65839.35409226544	2850	4.0	2.03914532818975	1464921	6039.14532819	-5.918324911215926	96.481395
65850.65446028174	2850	4.0	7.3003680163127935	1483527	11300.3680163	-28.54158247014501	95.602302
65863.01532225453	2850	4.0	8.360861972785868	1231456	12360.8619728	-33.10170648297923	92.485503
65874.58761100381	2850	4.0	7.572288749270001	1364537	11572.2887493	-29.710841621861	97.895096

