69430.74136475653	750	4.0	2.4304790559882594	450283	2430.47905599	-9.701059940749515	64.858346
69439.66527867748	2850	4.0	4.92391392095473	1431809	8923.91392095	-20.422829860105338	90.683379
69450.09776639506	2850	4.0	6.432487717581156	1300868	10432.4877176	-24.80969718559897	90.483169
69480.38353050177	2850	4.0	26.285764106702768	1520281	30285.7641067	-110.17878565882191	89.788956
69495.89952380705	2850	4.0	11.515993305275476	1472558	15515.9933053	-46.66877121268454	85.928154
69502.85495857064	2850	4.0	2.955434763577232	1224260	6955.43476358	-9.858369483382097	94.229141
69509.4902698336	2850	4.0	2.635311262966163	1388403	6635.31126297	-8.4818384307545	97.582873
69515.92873525473	2850	4.0	2.438465421127444	1638769	6438.46542113	-7.6354013108480085	97.908255
69521.60092519803	2850	4.0	1.672189943313695	1348011	5672.18994331	-4.340416756248889	96.808308
69528.47374373113	2850	4.0	2.8728185330861207	1429765	6872.81853309	-9.50311969227032	94.962414
69538.53313863304	2850	4.0	6.059394901916981	1354548	10059.3949019	-23.205398078243018	95.957675
69554.96454043014	2850	4.0	12.431401797106064	1519951	16431.4017971	-50.60502772755607	92.483401
69563.37948145518	2850	4.0	4.414941025030527	1422919	8414.94102503	-16.134246407631263	93.510922
69573.73115722925	2850	4.0	6.351675774079806	1578343	10351.6757741	-24.462205828543162	91.568178
69583.65978651724	2850	4.0	5.928629287979349	1231445	9928.62928798	-22.643105938311198	88.830113
69594.68735850751	2850	4.0	7.027571990283929	1471065	11027.5719903	-27.36855955822089	93.514387
69605.4668107917	2850	4.0	6.779452284192492	1491626	10779.4522842	-26.30164482202771	94.650033
69613.718512613	2850	4.0	4.251701821310142	1358801	8251.70182131	-15.432317831633613	92.142023
69626.50135616113	2850	4.0	8.782843548122992	1537156	12782.8435481	-34.91622725692886	89.30989
69634.17143443308	2850	4.0	3.6700782719617826	1336050	7670.07827196	-12.931336569435665	93.680429
69639.99959922882	2850	4.0	1.8281647957303404	1415116	5828.16479573	-5.011108621640464	90.785318
69647.09912853531	2850	4.0	3.0995293065064797	1468126	7099.52930651	-10.477976017977863	89.398189
69653.55586266147	2850	4.0	2.4567341261499087	1505760	6456.73412615	-7.713956742444607	85.954529
69658.89196998435	2850	4.0	1.3361073228844844	1323990	5336.10732288	-2.8952614884032823	89.320458
69663.68342448695	2850	4.0	0.7914545025908174	1383735	4791.45450259	-0.5532543611405147	93.348429
69669.5857508604	2850	4.0	1.9023263734469993	1480464	5902.32637345	-5.330003405822097	97.271626
69675.55016691817	2850	4.0	1.9644160577855327	1547572	5964.41605779	-5.596989048477791	97.509012
69678.80997876078	2850	4.740188157397081	0.0	1141971	3259.8118426	2.85	93.311238
69683.33529260977	2850	4.214874308414108	0.0	1498470	4525.31384898	2.85	96.041687
69688.62754542247	2850	4.0	1.077378504288138	1561263	5292.2528127	-1.7827275684389936	96.863845
69692.87559816733	2850	4.0	0.24805274486404413	1341201	4248.05274486	1.7833731970846103	94.816085
69697.645970309	2850	4.0	0.7703721416644994	1497683	4770.37214166	-0.4626002091573471	92.910185
69702.1206815044	2850	4.0	0.474711195412141	1358081	4474.71119541	0.8087418597277938	95.193139
69708.41538208936	2850	4.0	2.2947005849658946	1587293	6294.70058497	-7.0172125153533464	81.858634
69714.40116171626	2850	4.0	1.9857796269116716	1492672	5985.77962691	-5.688852395720188	99.177905
69723.42702371429	2850	4.0	5.025861998015173	1439896	9025.86199802	-18.76120659146524	97.217465
69732.43363330429	2850	4.0	5.006609589997572	1139291	9006.60959	-18.678421236989557	93.825455
69757.63181012902	2850	4.0	21.198176824737242	1499009	25198.1768247	-88.30216034637014	93.982147
69775.24192981287	2850	4.0	13.6101196838517	1427478	17610.1196839	-55.6735146405623	90.92969
69785.87869754843	2850	4.0	6.636767735554824	1402287	10636.7677356	-25.68810126288574	91.34334
69793.2763093378	2850	4.0	3.3976117893819264	1339500	7397.61178938	-11.759730694342283	97.297482
69799.20076987233	2850	4.0	1.9244605345387735	1527299	5924.46053454	-5.425180298516727	92.902955
69804.52381974066	2850	4.0	1.323049868310739	1343002	5323.04986831	-2.8391144337361776	87.659279
69812.28122874297	2850	4.0	3.757409002321844	1587250	7757.40900232	-13.30685870998393	95.172719
69821.87586795124	2850	4.0	5.594639208264786	1464921	9594.63920826	-21.206948595538577	96.481395
69837.26328532954	2850	4.0	11.387417378295801	1483527	15387.4173783	-46.11589472667194	95.602302
69846.09344640437	2850	4.0	4.830161074836788	1231456	8830.16107484	-17.919692621798184	92.485503
69856.40921392475	2850	4.0	6.315767520379743	1364537	10315.7675204	-24.30780033763289	97.895096

