10152.6645125	750	4.0	4.782926972877741	450283	4782.92697288	-19.816585983374285	64.858346
10166.7584491	2850	4.0	10.093936634929666	1431809	14093.9366349	-42.65392753019756	90.683379
10182.6105071	2850	4.0	11.852057993173457	1300868	15852.0579932	-48.11384937064586	90.483169
10193.5508242	2850	4.0	6.940317072391767	1520281	10940.3170724	-26.993363411284594	89.788956
10207.9550462	2850	4.0	10.404222034898575	1472558	14404.2220349	-41.88815475006387	85.928154
10218.002842	2850	4.0	6.047795721701829	1224260	10047.7957217	-23.15552160331786	94.229141
10237.4654427	2850	4.0	15.462600717332425	1388403	19462.6007173	-63.63918308452943	97.582873
10254.9921019	2850	4.0	13.526659178615363	1638769	17526.6591786	-55.31463446804606	97.908255
10284.6776168	2850	4.0	25.68551497885554	1348011	29685.5149789	-107.59771440907882	96.808308
10292.6868768	2850	4.0	4.00925999075425	1429765	8009.25999075	-14.389817960243276	94.962414
10299.5070479	2850	4.0	2.8201710688395405	1354548	6820.17106884	-9.276735596010024	95.957675
10310.5607846	2850	4.0	7.053736667795892	1519951	11053.7366678	-27.481067671522332	92.483401
10317.5534388	2850	4.0	2.992654247397869	1422919	6992.6542474	-10.018413263810835	93.510922
10327.3033758	2850	4.0	5.749936948100338	1578343	9749.9369481	-21.87472887683145	91.568178
10333.935814	2850	4.0	2.6324382079835407	1231445	6632.43820798	-8.469484294329225	88.830113
10341.8742615	2850	4.0	3.9384475219617525	1471065	7938.44752196	-14.085324344435536	93.514387
10350.4975408	2850	4.0	4.623279322216284	1491626	8623.27932222	-17.03010108553002	94.650033
10363.0802612	2850	4.0	8.582720346057288	1358801	12582.7203461	-34.055697488046334	92.142023
10379.3793649	2850	4.0	12.299103782112224	1537156	16299.1037821	-50.036146263082564	89.30989
10392.2976413	2850	4.0	8.918276318603068	1336050	12918.2763186	-35.49858816999319	93.680429
10406.8230405	2850	4.0	10.5253992736604	1415116	14525.3992737	-42.40921687673971	90.785318
10423.9122088	2850	4.0	13.0891683015639	1468126	17089.1683016	-53.433423696724766	89.398189
10443.8848439	2850	4.0	15.972635024424989	1505760	19972.6350244	-65.83233060502745	85.954529
10457.373561	2850	4.0	9.488717121256085	1323990	13488.7171213	-37.95148362140117	89.320458
10470.3713971	2850	4.0	8.997836173162929	1383735	12997.8361732	-35.84069554460059	93.348429
10484.8206526	2850	4.0	10.44925543084523	1480464	14449.2554308	-42.081798352634486	97.271626
10501.8809405	2850	4.0	13.060287963390405	1547572	17060.2879634	-53.309238242578736	97.509012
10510.2004298	2850	4.0	4.319489262886689	1141971	8319.48926289	-15.723803830412765	93.311238
10524.7310553	2850	4.0	10.530625479320731	1498470	14530.6254793	-42.43168956107914	96.041687
10540.6324333	2850	4.0	11.901378023329421	1561263	15901.3780233	-48.32592550031651	96.863845
10556.7462416	2850	4.0	12.113808304941633	1341201	16113.8083049	-49.23937571124902	94.816085
10575.5880828	2850	4.0	14.84184122235128	1497683	18841.8412224	-60.9699172561105	92.910185
10602.3212395	2850	4.0	22.733156706978665	1358081	26733.156707	-94.90257384000826	95.193139
10610.9704125	2850	4.0	4.649172973977673	1587293	8649.17297398	-17.14144378810399	81.858634
10619.0458945	2850	4.0	4.075482009469335	1492672	8075.48200947	-14.674572640718138	99.177905
10628.6584445	2850	4.0	5.612550006097115	1439896	9612.5500061	-21.283965026217594	97.217465
10634.7370963	2850	4.0	2.078651753405714	1139291	6078.65175341	-6.08820253964457	93.825455
10643.9187248	2850	4.0	5.181628499438228	1499009	9181.62849944	-19.431002547584377	93.982147
10651.5513638	2850	4.0	3.6326390615854054	1427478	7632.63906159	-12.770347964817242	90.92969
10659.1745798	2850	4.0	3.6232159762590337	1402287	7623.21597626	-12.729828697913845	91.34334
10667.0673726	2850	4.0	3.892792766804365	1339500	7892.7927668	-13.889008897258767	97.297482
10682.2589668	2850	4.0	11.191594186273864	1527299	15191.5941863	-45.27385500097761	92.902955
10696.3620387	2850	4.0	10.103071888289561	1343002	14103.0718883	-40.59320911964511	87.659279
10711.183809	2850	4.0	10.82177030099085	1587250	14821.770301	-43.683612294260655	95.172719
10726.9255238	2850	4.0	11.74171479820888	1464921	15741.7147982	-47.63937363229818	96.481395
10744.1891745	2850	4.0	13.263650743892464	1483527	17263.6507439	-54.183698198737595	95.602302
10760.9823727	2850	4.0	12.793198217517794	1231456	16793.1982175	-52.160752335326514	92.485503
10774.501033	2850	4.0	9.518660251182258	1364537	13518.6602512	-38.08023908008371	97.895096

