1995.9653097262412	750	4.0	2.993897582587049	450283	2993.897582587049	-12.12375960512431	64.858346
1997.5135575754064	300	6.451752150834994	0.0	155580	1548.247849165005	-0.15000000000000002	18.412623
2000.851755635255	1850	7.1135540909863595	0.0	877771	3338.1980598486357	0.30000000000000004	82.465457
2003.5551567920159	1850	8.410152934225632	0.0	933276	2703.401156760726	1.85	78.955826
2006.73961701938	1850	9.225692706861434	0.0	996749	3184.4602273642	1.85	75.455188
2009.2099680310625	1850	10.755341695179004	0.0	801058	2470.351011682429	1.85	86.249306
2011.6216811695149	1850	12.343628556726758	0.0	905515	2411.7131384522463	1.85	94.086702
2017.137371955244	2850	10.827937770997577	0.0	1638769	5515.690785729182	1.85	97.908255
2021.9380575988157	2850	10.027252127425797	0.0	1348011	4800.685643571782	2.85	96.808308
2023.825337820239	1200	12.139971906002652	0.0	560821	1887.2802214231458	-0.44999999999999996	76.960357
2027.3290729180228	1850	12.636236808218849	0.0	939819	3503.735097783804	1.2000000000000002	89.239922
2029.913552086111	1200	14.05175764013065	0.0	594078	2584.4791680881985	0.5499999999999999	70.906301
2032.3385788545252	1200	15.626730871716449	0.0	624282	2425.0267684142	1.2	73.534048
2035.0388915495328	1200	16.92641817670887	0.0	687371	2700.3126950075784	1.2	70.998108
2037.2851374649272	1200	18.6801722613143	0.0	526950	2246.245915394569	1.2	67.735752
2039.8762197684357	1200	20.089089957805953	0.0	587876	2591.0823035083463	1.2	72.569044
2042.282276689451	1200	21.683033036790665	0.0	617242	2406.056921015288	1.2	75.662786
2044.198931657907	1200	23.766378068334618	0.0	581493	1916.6549684560503	1.2	79.137254
2048.1268911911357	1850	23.838418535105898	0.0	987708	3927.959533228716	1.2000000000000002	79.995224
2050.498997727766	1200	25.46631199847577	0.0	586839	2372.106536630127	0.5499999999999999	79.134663
2052.733524288283	1200	27.23178543795819	0.0	601738	2234.5265605175814	1.2	74.235946
2055.100714166709	1200	28.864595559532695	0.0	616206	2367.189878425496	1.2	68.532883
2057.914962821932	1200	30.050346904309986	0.0	656471	2814.2486552227097	1.2	63.455907
2060.358027217638	1200	31.60728250860353	0.0	536667	2443.0643957064563	1.2	68.420849
2062.920865798517	1200	33.04444392772485	0.0	587236	2562.838580878687	1.2	78.698824
2066.463271979199	1850	33.502037747042635	0.0	905935	3542.4061806822165	1.2000000000000002	89.133614
2072.869225288734	2850	31.096084437507677	0.0	1547572	6405.9533095349525	1.85	97.509012
2076.095446177344	1850	31.8698635488977	0.0	758197	3226.220888609976	0.8500000000000001	87.50057
2081.1444509542075	1850	30.820858772034434	0.0	972798	5049.004776863269	1.85	88.832031
2087.173664789832	1850	28.79164493641007	0.0	975811	6029.213835624365	1.85	89.334885
2092.2578210222196	1850	27.707488704022122	0.0	873429	5084.156232387947	1.85	87.120667
2097.7666255500285	1850	26.198684176213288	0.0	954453	5508.804527808836	1.85	83.67714
2105.601128440258	1850	22.36418128598373	0.0	885062	7834.502890229555	1.85	87.533761
2111.004558552516	1850	20.960751173726255	0.0	1035329	5403.430112257476	1.85	71.430146
2114.850206490707	1850	21.115103235534992	0.0	1026056	3845.6479381912627	1.85	97.037422
2118.5852813567076	1850	21.38002836953448	0.0	943942	3735.0748660005133	1.85	90.168439
2121.580880325082	1850	22.38442940116015	0.0	728962	2995.5989683743264	1.85	86.066994
2125.5207386163056	1850	22.444571109936813	0.0	938587	3939.8582912233383	1.85	86.593761
2129.6879861251755	1850	22.277323601066886	0.0	908665	4167.247508869927	1.85	82.415248
2134.8322480368133	2850	21.133061689428697	0.0	1402287	5144.261911638186	1.85	91.34334
2140.6513187895766	2850	19.313990936665554	0.0	1339500	5819.070752763143	2.85	97.297482
2147.716349550962	2850	16.248960175280203	0.0	1527299	7065.030761385352	2.85	92.902955
2153.0009510483483	2850	14.964358677894138	0.0	1343002	5284.601497386067	2.85	87.659279
2158.586140308279	2850	13.379169417963338	0.0	1587250	5585.1892599307985	2.85	95.172719
2164.137542075045	2850	11.827767651197588	0.0	1464921	5551.401766765751	2.85	96.481395
2169.6846638916363	2850	10.2806458346063	0.0	1483527	5547.121816591288	2.85	95.602302
2174.3343270566024	2850	9.630982669639842	0.0	1231456	4649.66316496646	2.85	92.485503
2180.3479784703045	2850	7.617331255937671	0.0	1364537	6013.65141370217	2.85	97.895096

