7639.967033295544	750	4.0	2.2982937896467757	450283	2298.2937896467756	-9.132663295481136	64.858346
7642.021228680167	750	5.94580461537696	0.0	398865	2054.19538462304	0.75	57.017244
7644.137245240976	1200	7.829788054568357	0.0	571051	2116.0165608086036	0.75	73.587374
7646.493084024917	1200	9.473949270627461	0.0	617681	2355.838783940895	1.2	69.474665
7648.63607710456	1200	11.3309561909846	0.0	652874	2142.9930796428616	1.2	64.23322
7650.251153231035	1200	13.715880064509383	0.0	520315	1615.0761264752155	1.2	75.14582
7652.0147682046145	1200	15.952265090929444	0.0	561791	1763.614973579939	1.2	89.177904
7657.5460157245325	2850	14.421017571011994	0.0	1638769	5531.2475199174505	1.2000000000000002	97.908255
7663.752740339182	2850	12.214292956361732	0.0	1348011	6206.724614650264	2.85	96.808308
7668.839745996838	2850	11.127287298705191	0.0	1429765	5087.00565765654	2.85	94.962414
7672.902153286904	2850	11.064880008639303	0.0	1354548	4062.4072900658866	2.85	95.957675
7677.987929358155	2850	9.979103937388352	0.0	1519951	5085.776071250952	2.85	92.483401
7682.583088032326	2850	9.383945263218237	0.0	1422919	4595.158674170117	2.85	93.510922
7685.840170178055	1850	10.126863117489265	0.0	1036454	3257.082145728972	0.8500000000000001	80.875505
7689.468626227076	1850	10.498407068468344	0.0	821631	3628.45604902092	1.85	78.494849
7693.207854371859	1850	10.759178923686111	0.0	923170	3739.2281447822324	1.85	83.7301
7696.360229493066	1850	11.606803802479561	0.0	966699	3152.375121206551	1.85	86.226021
7699.506654377079	1850	12.46037891846698	0.0	885714	3146.424884012582	1.85	85.258591
7702.82345323355	1850	13.143580061995381	0.0	987708	3316.7988564715974	1.85	79.995224
7705.80570049903	1850	14.161332796515454	0.0	923755	2982.2472654799253	1.85	86.363677
7710.608829429765	2850	13.358203865780174	0.0	1415116	4803.12893073528	1.85	90.785318
7716.341132369438	2850	11.625900926107589	0.0	1468126	5732.302939672587	2.85	89.398189
7721.528850864157	2850	10.438182431388483	0.0	1505760	5187.718494719105	2.85	85.954529
7725.980866436798	2850	9.98616685874749	0.0	1323990	4452.015572640992	2.85	89.320458
7732.306402256377	2850	7.660631039168203	0.0	1383735	6325.535819579287	2.85	93.348429
7736.257555703783	1850	7.7094775917623135	0.0	905935	3951.15344740589	0.8500000000000001	89.133614
7742.035953380783	1850	5.931079914761654	0.0	1076599	5778.397677000659	1.85	90.791041
7746.172758285486	1850	5.794275010058807	0.0	758197	4136.804904702847	1.85	87.50057
7750.447268777375	1200	5.519764518170273	0.0	622896	4274.5104918885345	0.5499999999999999	80.053124
7757.6928668867	1200	4.0	1.7258335911550058	641447	7245.5981093252785	-6.221084441966524	80.154442
7759.716398597795	300	5.976468288906277	0.0	157421	2023.5317110937233	-0.6000000000000001	25.589487
7761.190344854005	300	8.502522032695357	0.0	157488	1473.9462562109206	0.3	17.795984
7762.508504128206	300	11.184362758494734	0.0	143881	1318.1592742006235	0.3	25.091594
7764.332715323108	300	13.360151563594327	0.0	163444	1824.211194900407	0.3	17.178658
7767.138963365687	300	14.55390352101451	0.0	179328	2806.248042579817	0.3	28.893466
7770.039182129476	300	15.653684757225008	0.0	159914	2900.2187637895026	0.3	21.738399
7772.280073504072	300	17.41279338262928	0.0	131610	2240.89137459573	0.3	28.4111
7773.613681263789	300	20.079185622912448	0.0	124011	1333.6077597168357	0.3	21.943337
7775.141623687351	300	22.551243199350367	0.0	144254	1527.94242356208	0.3	12.774971
7776.736911421373	300	24.95595546532813	0.0	149991	1595.287734022238	0.3	17.21265
7780.661780494566	750	25.03108639213525	0.0	345516	3924.8690731928814	0.3	79.583372
7787.16133860104	750	22.53152828566074	0.0	384505	6499.558106474509	0.75	64.443828
7793.562986671266	750	20.129880215434905	0.0	372093	6401.648070225835	0.75	58.879512
7797.874226520783	750	19.818640365917762	0.0	438281	4311.239849517144	0.75	62.327504
7801.208384629614	750	20.484482257087073	0.0	398987	3334.1581088306866	0.75	63.729239
7803.62078303182	750	22.072083854880265	0.0	393804	2412.3984022068116	0.75	62.845425
7807.142169661466	1200	22.550697225234284	0.0	538612	3521.3866296459787	0.75	74.51099
7810.428075449249	1200	23.264791437450896	0.0	550906	3285.905787783391	1.2	86.366143

