15999.905379078104	750	4.0	3.5333118074124745	450283	3533.3118074124745	-14.44324077187364	64.858346
16001.400287915818	300	6.5050911622846534	0.0	155580	1494.9088377153469	-0.15000000000000002	18.412623
16002.976115617628	300	8.929263460473335	0.0	139857	1575.827701811319	0.3	17.596212
16005.000920444663	300	10.904458633439283	0.0	155432	2024.804827034051	0.3	19.997309
16006.504523514772	300	13.400855563331891	0.0	163442	1503.6030701073907	0.3	16.877619
16009.42834198879	750	14.477037089312617	0.0	318564	2923.8184740192764	0.3	62.986308
16012.371984602705	750	15.53339447539914	0.0	352642	2943.642613913476	0.75	81.00828
16019.105943014227	750	12.799436063877424	0.0	437162	6733.958411521715	0.75	69.475262
16023.155368853633	750	12.750010224472604	0.0	374758	4049.425839404822	0.75	70.789292
16026.500512820905	750	13.404866257200457	0.0	362795	3345.1439672721476	0.75	64.786022
16031.136410395291	750	12.76896868281493	0.0	353220	4635.897574385526	0.75	70.008689
16038.336725853134	750	9.568653224971273	0.0	405134	7200.315457843657	0.75	59.00323
16039.722466828734	300	12.182912249370988	0.0	160746	1385.7409756002855	-0.15000000000000002	21.445722
16041.78841631199	300	14.11696276611436	0.0	179801	2065.949483256627	0.3	23.726678
16044.525593087532	750	15.379785990572588	0.0	337059	2737.176775541773	0.3	54.76216
16047.337922828689	750	16.567456249414096	0.0	366214	2812.329741158491	0.75	58.858709
16050.39004618487	750	17.51533289323351	0.0	360831	3052.123356180585	0.75	60.531124
16053.486863582955	750	18.4185154951469	0.0	372963	3096.8173980866127	0.75	69.564049
16056.766283956324	750	19.139095121779548	0.0	405596	3279.4203733673485	0.75	60.564875
16059.637512578514	750	20.267866499588088	0.0	350713	2871.2286221914615	0.75	67.172129
16062.817464920789	750	21.087914157313172	0.0	386472	3179.9523422749144	0.75	62.777649
16067.006113369043	750	20.89926570905766	0.0	399894	4188.648448255512	0.75	55.443233
16070.440896494698	750	21.464482583404635	0.0	401853	3434.7831256530244	0.75	47.960406
16072.981372056593	750	22.924007021509706	0.0	343800	2540.4755618949316	0.75	55.451197
16080.980297665013	1850	18.92508141308821	0.0	897976	7998.925608421493	0.75	86.994267
16089.273094227938	1850	14.632284850162526	0.0	905935	8292.796562925685	1.85	89.133614
16095.140266334229	1200	12.76511274387257	0.0	696376	5867.172106289956	0.5499999999999999	80.745588
16097.532327906203	750	14.373051171897663	0.0	277716	2392.061571974906	0.3	68.231907
16100.815622660948	750	15.08975641715142	0.0	400396	3283.294754746243	0.75	69.601487
16105.301261927192	750	14.604117150906458	0.0	400508	4485.639266244963	0.75	67.821489
16108.548461961978	750	15.356917116119686	0.0	358218	3247.2000347867697	0.75	64.789531
16111.849796300416	750	16.055582777684382	0.0	400322	3301.3343384353025	0.75	60.651768
16117.119054691564	750	14.786324386535929	0.0	369834	5269.258391148454	0.75	68.369339
16122.4715798749	750	13.433799203198388	0.0	412837	5352.525183337541	0.75	49.996929
16126.04046952908	750	13.86490954902054	0.0	401088	3568.889654177848	0.75	69.915275
16130.709303000876	750	13.196076077222743	0.0	365161	4668.833471797796	0.75	60.276519
16136.937039156783	750	10.96833992131679	0.0	321064	6227.736155905954	0.75	67.040505
16140.683314725571	750	11.222064352529232	0.0	361565	3746.275568787558	0.75	66.788635
16142.246097397878	300	13.659281680222088	0.0	144254	1562.7826723071444	-0.15000000000000002	12.774971
16145.335293602111	750	14.57008547598772	0.0	390680	3089.19620423437	0.3	61.525566
16148.029610845733	750	15.875768232364404	0.0	345516	2694.3172436233144	0.75	79.583372
16151.204344487189	750	16.70103459090946	0.0	384505	3174.733641454941	0.75	64.443828
16154.425956203202	750	17.47942287489655	0.0	372093	3221.6117160129106	0.75	58.879512
16157.815399716184	750	18.089979361915386	0.0	438281	3389.4435129811636	0.75	62.327504
16161.208891587248	750	18.69648749085128	0.0	398987	3393.491871064108	0.75	63.729239
16164.752500787812	750	19.15287829028878	0.0	393804	3543.6092005624996	0.75	62.845425
16168.135386066271	750	19.769993011829044	0.0	331053	3382.885278459739	0.75	60.678126
16170.705628832935	750	21.19975024516556	0.0	314107	2570.2427666634817	0.75	75.210559

