10964.773180566468	750	4.0	2.7039540741785544	450283	2703.9540741785545	-10.877002518967783	64.858346
10965.633407443082	300	7.139773123385195	0.0	155580	860.2268766148045	-0.15000000000000002	18.412623
10968.314398227167	1200	8.45878233930163	0.0	571051	2680.9907840835667	0.29999999999999993	73.587374
10971.28896119039	1200	9.484219376079222	0.0	617681	2974.5629632224077	1.2	69.474665
10976.838258362548	1200	7.934922203920767	0.0	652874	5549.2971721584545	1.2	64.23322
10980.82177818302	1200	7.951402383448925	0.0	520315	3983.5198204718417	1.2	75.14582
10986.73260219072	1200	6.0405783757493205	0.0	561791	5910.824007699604	1.2	89.177904
10989.544933521353	750	7.228247045115759	0.0	437162	2812.3313306335617	0.3	69.475262
10991.717029350535	750	9.056151215932251	0.0	374758	2172.095829183507	0.75	70.789292
10993.90969636373	750	10.86348420273946	0.0	362795	2192.667013192791	0.75	64.786022
10995.843383403451	750	12.929797163016026	0.0	353220	1933.687039723435	0.75	70.008689
10997.815896931055	750	14.957283635411768	0.0	405134	1972.513527604259	0.75	59.00323
10999.665809966951	750	17.107370599517008	0.0	386351	1849.9130358947598	0.75	59.358241
11004.488961694255	1850	16.284218872212737	0.0	1036454	4823.151727304273	0.75	80.875505
11010.858515910979	1850	13.914664655488519	0.0	821631	6369.554216724217	1.85	78.494849
11017.42911635958	1850	11.34406420688788	0.0	923170	6570.600448600639	1.85	83.7301
11021.125866554752	1200	11.647314011715642	0.0	617242	3696.7501951722384	0.5499999999999999	75.662786
11025.664812337358	1200	11.10836822911049	0.0	581493	4538.945782605152	1.2	79.137254
11035.738873883833	1200	5.03430668263625	0.0	639204	10074.061546474239	1.2	72.000653
11036.709916103846	300	8.063264462622804	0.0	140881	971.0422200134454	-0.6000000000000001	26.782579
11037.886108556842	300	10.887072009624964	0.0	157671	1176.1924529978403	0.3	28.807059
11039.618035019159	300	13.155145547307697	0.0	157812	1731.9264623172685	0.3	21.07483
11042.059837333574	300	14.71334323289194	0.0	163927	2441.802314415756	0.3	16.837774
11043.279119952282	300	17.49406061418454	0.0	137654	1219.2826187074004	0.3	6.466535
11045.667819945093	750	19.10536062137313	0.0	359903	2388.6999928114133	0.3	66.786337
11048.38815476253	750	20.385025803937165	0.0	379700	2720.3348174359635	0.75	66.676537
11051.106979928674	750	21.666200637792617	0.0	425781	2718.825166144551	0.75	65.665965
11052.88373682522	750	23.889443741246968	0.0	277716	1776.7568965456494	0.75	68.231907
11055.650347412597	750	25.122833153869877	0.0	400396	2766.6105873770885	0.75	69.601487
11059.882106321376	1200	24.891074245091243	0.0	641447	4231.758908778635	0.75	80.154442
11063.584558301416	1200	25.1886222650521	0.0	570392	3702.4519800391436	1.2	78.009495
11067.906576486745	1200	24.86660407972293	0.0	620283	4322.018185329174	1.2	72.909556
11075.261043690483	1850	21.51213687598268	0.0	885062	7354.467203740249	1.2000000000000002	87.533761
11082.626084849446	1850	18.14709571702079	0.0	1035329	7365.04115896189	1.85	71.430146
11089.440278239379	1850	15.332902327086668	0.0	1026056	6814.193389934125	1.85	97.037422
11103.894150016746	1850	4.87903054971975	0.0	943942	14453.871777366918	1.85	90.168439
11105.960384131751	300	6.812796434712527	0.0	131610	2066.234115007223	-1.25	28.4111
11107.592312866253	300	9.18086770021306	0.0	124011	1631.9287344994664	0.3	21.943337
11109.351102014482	300	11.422078551983072	0.0	144254	1758.7891482299901	0.3	12.774971
11110.990339066733	300	13.782841499732434	0.0	149991	1639.2370522506367	0.3	17.21265
11112.452040400403	300	16.321140166062385	0.0	147968	1461.701333670051	0.3	5.263918
11113.927306532134	300	18.84587403433216	0.0	161857	1475.266131730224	0.3	26.901789
11116.792551493938	750	19.98062907252821	0.0	372093	2865.244961803949	0.3	58.879512
11119.476121293585	750	21.297059272881736	0.0	438281	2683.569799646472	0.75	62.327504
11121.834727060228	750	22.93845350623645	0.0	398987	2358.605766645288	0.75	63.729239
11126.840059068081	1850	21.93312149838256	0.0	982064	5005.332007853886	0.75	86.680563
11132.66082947818	2850	20.112351088284328	0.0	1231456	5820.770410098234	1.85	92.485503
11143.174116607051	4300	13.599063959412787	0.0	2155012	10513.287128871543	2.8499999999999996	99.974274

