23120.785344896623	750	4.0	4.665178135276565	450283	4665.178135276565	-19.31026598168923	64.858346
23122.28417946451	300	6.501165432110702	0.0	155580	1498.8345678892972	-0.15000000000000002	18.412623
23127.83749414826	750	4.947850748360913	0.0	350812	5553.31468374979	0.3	60.430767
23136.29637090271	750	4.0	3.511026006087109	382355	8458.876754448022	-14.347411826174568	55.551349
23139.503788917264	300	4.792581985447048	0.0	163442	3207.4180145529526	-0.15000000000000002	16.877619
23145.470675728946	750	4.0	1.174304826237586	318564	5966.886811684633	-4.749510752821619	62.986308
23149.287608983203	300	4.183066745741296	0.0	153295	3816.933254258703	-0.15000000000000002	42.291519
23155.35031218153	300	4.0	1.879636452584068	173849	6062.703198325365	-7.782436746111492	35.451274
23158.709099396965	300	4.641212784562067	0.0	150710	3358.787215437933	0.3	28.497356
23161.691047528468	300	5.659264653060649	0.0	139105	2981.9481315014173	0.3	21.660501
23165.17130770311	300	6.179004478419437	0.0	141840	3480.260174641213	0.3	2.177717
23170.03749248715	300	5.312819694374711	0.0	156148	4866.184784044726	0.3	19.431299
23175.39321677745	300	4.0	0.04290459592388561	160746	5355.724290298596	0.11551023752729186	21.445722
23178.76727051606	300	4.625946261392324	0.0	179801	3374.0537386076767	0.3	23.726678
23179.796170615136	300	7.5970461623145376	0.0	140051	1028.9000990777859	0.3	21.119447
23180.63582293618	300	10.757393841269245	0.0	138313	839.6523210452932	0.3	19.984984
23181.446812757942	300	13.946404019506172	0.0	143509	810.989821763073	0.3	18.452936
23182.24355142304	300	17.14966535440785	0.0	150616	796.7386650983187	0.3	35.116669
23183.091017732797	300	20.302199044651676	0.0	165384	847.4663097561753	0.3	26.310814
23184.924121679745	750	22.4690950977026	0.0	350713	1833.1039469490763	0.3	67.172129
23186.988195391437	750	24.405021386008055	0.0	386472	2064.0737116945475	0.75	62.777649
23188.60133297056	750	26.791883806886954	0.0	399894	1613.1375791211003	0.75	55.443233
23190.440452722265	750	28.95276405518072	0.0	401853	1839.1197517062362	0.75	47.960406
23193.359453116926	1200	30.03376366051996	0.0	536667	2919.0003946607617	0.75	68.420849
23196.37066067349	1200	31.022556103960028	0.0	587236	3011.2075565599293	1.2	78.698824
23199.375040751554	1200	32.01817602589272	0.0	590335	3004.3800780673027	1.2	79.644231
23207.725047657706	1850	27.66816911973916	0.0	1076599	8350.006906153563	1.2000000000000002	90.791041
23211.726482369282	1200	27.666734408163478	0.0	487160	4001.434711575687	0.5499999999999999	80.893459
23217.15246638863	1200	26.24075038881219	0.0	622896	5425.984019351287	1.2	80.053124
23222.25472386019	1200	25.13849291725463	0.0	641447	5102.257471557562	1.2	80.154442
23227.104392229026	1200	24.288824548415104	0.0	570392	4849.668368839525	1.2	78.009495
23232.079220110107	1200	23.31399666733513	0.0	620283	4974.827881079977	1.2	72.909556
23236.229109377895	1200	23.16410739954787	0.0	584349	4149.889267787261	1.2	79.771897
23240.860604226342	1200	22.532612551100232	0.0	670129	4631.494848447635	1.2	62.28877
23245.19896567503	1200	22.194251102413446	0.0	690253	4338.361448686785	1.2	87.732581
23248.35285892157	1200	23.040357855871676	0.0	598727	3153.89324654177	1.2	77.763467
23250.83374309716	1200	24.55947368028609	0.0	487812	2480.8841755855865	1.2	77.846693
23255.666636429978	1850	23.72658034746955	0.0	938587	4832.893332816542	1.2000000000000002	86.593761
23259.5878135955	1850	23.80540318194543	0.0	908665	3921.1771655241205	1.85	82.415248
23263.971170200024	1850	23.422046577423068	0.0	930577	4383.3566045223615	1.85	83.556577
23269.398019732875	1850	21.995197044572787	0.0	858450	5426.849532850285	1.85	92.068418
23274.378281438017	1850	21.014935339428146	0.0	1025005	4980.261705144639	1.85	85.276808
23278.29456022434	1850	21.098656553102604	0.0	886255	3916.2787863255444	1.85	78.86339
23282.910399298366	1850	20.48281747907975	0.0	973972	4615.839074022853	1.85	84.84845
23287.39414193594	1850	19.99907484150627	0.0	958994	4483.742637573481	1.85	87.119023
23292.13508369264	1850	19.258133084806833	0.0	982064	4740.941756699439	1.85	86.680563
23296.424104556176	1850	18.969112221270358	0.0	830730	4289.020863536478	1.85	84.040637
23301.066924329192	1850	18.326292448255938	0.0	846370	4642.8197730144175	1.85	92.020773

