23328.548525348084	750	4.0	4.146410706663652	450283	4146.41070666	-17.079566038653706	64.858346
23338.759004337448	2850	4.0	6.210478989367177	1431809	10210.4789894	-25.95505965427886	90.683379
23353.098746173284	2850	4.0	10.33974183583495	1300868	14339.7418358	-41.61088989409028	90.483169
23374.178833903305	2850	4.0	17.080087730021592	1520281	21080.08773	-70.59437723909285	89.788956
23392.60423838515	2850	4.0	14.42540448184129	1472558	18425.4044818	-59.179239271917545	85.928154
23409.73707146723	2850	4.0	13.1328330820796	1224260	17132.8330821	-53.621182252942276	94.229141
23435.084884721815	2850	4.0	21.347813254588143	1388403	25347.8132546	-88.94559699472902	97.582873
23453.773148468434	2850	4.0	14.688263746617512	1638769	18688.2637466	-60.309534110455296	97.908255
23471.43701874011	2850	4.0	13.663870271676267	1348011	17663.8702717	-55.90464216820794	96.808308
23483.613698568024	2850	4.0	8.176679827913247	1429765	12176.6798279	-32.30972326002696	94.962414
23494.4512185794	2850	4.0	6.837520011378135	1354548	10837.5200114	-26.55133604892598	95.957675
23508.342623595374	2850	4.0	9.891405015976815	1519951	13891.405016	-39.683041568700304	92.483401
23519.729078151213	2850	4.0	7.38645455583731	1422919	11386.4545558	-28.91175459010043	93.510922
23532.732504515003	2850	4.0	9.003426363793196	1578343	13003.4263638	-35.86473336431074	91.568178
23548.82801958632	2850	4.0	12.095515071314031	1231445	16095.5150713	-49.16071480665033	88.830113
23563.71671947517	2850	4.0	10.888699888854651	1471065	14888.6998889	-43.971409522075	93.514387
23588.563269625287	2850	4.0	20.84655015011334	1491626	24846.5501501	-86.79016564548736	94.650033
23601.62565696926	2850	4.0	9.0623873439716	1358801	13062.387344	-36.11826557907788	92.142023
23612.881089639355	2850	4.0	7.255432670092825	1537156	11255.4326701	-28.348360481399144	89.30989
23622.479461748666	2850	4.0	5.5983721093113985	1336050	9598.37210931	-21.22300007003901	93.680429
23635.130187858696	2850	4.0	8.650726110029263	1415116	12650.72611	-34.348122273125824	90.785318
23646.55056617072	2850	4.0	7.420378312023562	1468126	11420.378312	-29.057626741701313	89.398189
23657.55340856006	2850	4.0	7.002842389337629	1505760	11002.8423893	-27.262222274151803	85.954529
23677.59790821008	2850	4.0	16.044499650021844	1323990	20044.49965	-66.14134849509394	89.320458
23692.413865235918	2850	4.0	10.815957025837793	1383735	14815.9570258	-43.65861521110251	93.348429
23712.202961403844	2850	4.0	15.789096167925491	1480464	19789.0961679	-65.04311352207961	97.271626
23738.219447686966	2850	4.0	22.01648628312477	1547572	26016.4862831	-91.82089101743651	97.509012
23754.960147264053	2850	4.0	12.74069957708437	1141971	16740.6995771	-51.93500818146279	93.311238
23772.94710405124	2850	4.0	13.986956787188705	1498470	17986.9567872	-57.29391418491143	96.041687
23792.166816126577	2850	4.0	15.219712075339565	1561263	19219.7120753	-62.59476192396013	96.863845
23802.407906243257	2850	4.0	6.241090116678557	1341201	10241.0901167	-23.986687501717793	94.816085
23814.9661389063	2850	4.0	8.558232663043139	1497683	12558.232663	-33.95040045108549	92.910185
23826.49827989699	2850	4.0	7.5321409906886805	1358081	11532.1409907	-29.53820625996132	95.193139
23839.618169761143	2850	4.0	9.11988986415451	1587293	13119.8898642	-36.365526415864394	81.858634
23854.477906877226	2850	4.0	10.859737116081833	1492672	14859.7371161	-43.84686959915188	99.177905
23873.501564255384	2850	4.0	15.023657378154843	1439896	19023.6573782	-61.75172672606582	97.217465
23882.30099773388	2850	4.0	4.799433478495622	1139291	8799.4334785	-17.787563957531173	93.825455
23908.725193950624	2850	4.0	22.424196216745266	1499009	26424.1962167	-93.57404373200464	93.982147
23919.88101733446	2850	4.0	7.155823383839	1427478	11155.8233838	-27.9200405505077	90.92969
23930.26330097398	2850	4.0	6.3822836395207885	1402287	10382.2836395	-24.593819649939388	91.34334
23940.72579318444	2850	4.0	6.46249221045828	1339500	10462.4922105	-24.938716504970603	97.297482
23953.802983089754	2850	4.0	9.07718990531007	1527299	13077.1899053	-36.181916592833296	92.902955
23963.85069687215	2850	4.0	6.04771378239723	1343002	10047.7137824	-23.155169264308086	87.659279
23976.12697476474	2850	4.0	8.276277892589576	1587250	12276.2778926	-32.737994938135174	95.172719
23999.79236176413	2850	4.0	19.66538699939483	1464921	23665.3869994	-81.71116409739777	96.481395
24013.06343939712	2850	4.0	9.271077632984497	1483527	13271.077633	-37.01563382183333	95.602302
24031.53234453923	2850	4.0	14.468905142114316	1231456	18468.9051421	-59.36629211109155	92.485503
24056.942482366718	2850	4.0	21.410137827487194	1364537	25410.1378275	-89.21359265819494	97.895096

