54348.72381371697	750	4.0	4.549356298858494	450283	4549.35629886	-18.812232085091523	64.858346
54360.139002517535	2850	4.0	7.415188800568518	1431809	11415.1888006	-31.135311842444626	90.683379
54371.298768640714	2850	4.0	7.159766123177194	1300868	11159.7661232	-27.936994329661932	90.483169
54387.03861809158	2850	4.0	11.739849450867656	1520281	15739.8494509	-47.63135263873092	89.788956
54401.06380119534	2850	4.0	10.025183103755905	1472558	14025.1831038	-40.25828734615039	85.928154
54412.1120738546	2850	4.0	7.048272659263117	1224260	11048.2726593	-27.4575724348314	94.229141
54422.33466081526	2850	4.0	6.222586960650778	1388403	10222.5869607	-23.907123930798345	97.582873
54434.60110170385	2850	4.0	8.266440888593733	1638769	12266.4408886	-32.69569582095305	97.908255
54445.99277142707	2850	4.0	7.391669723222384	1348011	11391.6697232	-28.934179809856246	96.808308
54466.214897244805	2850	4.0	16.222125817737993	1429765	20222.1258177	-66.90514101627338	94.962414
54479.59993522473	2850	4.0	9.38503797992753	1354548	13385.0379799	-37.50566331368837	95.957675
54493.18823949951	2850	4.0	9.588304274774151	1519951	13588.3042748	-38.37970838152884	92.483401
54514.55964965417	2850	4.0	17.371410154659337	1422919	21371.4101547	-71.84706366503515	93.510922
54539.075324691905	2850	4.0	20.515675037730993	1578343	24515.6750377	-85.36740266224328	91.568178
54564.99624359212	2850	4.0	21.920918900217853	1231445	25920.9189002	-91.40995127093677	88.830113
54588.32983713283	2850	4.0	19.333593540703628	1471065	23333.5935407	-80.2844522250256	93.514387
54611.71760947964	2850	4.0	19.38777234680732	1491626	23387.7723468	-80.51742109127149	94.650033
54638.43837410001	2850	4.0	22.720764620379477	1358801	26720.7646204	-94.84928786763174	92.142023
54650.901841607876	2850	4.0	8.463467507862958	1537156	12463.4675079	-33.54291028381072	89.30989
54660.29515095946	2850	4.0	5.393309351575688	1336050	9393.30935158	-20.341230211775457	93.680429
54671.94876612269	2850	4.0	7.6536151632381895	1415116	11653.6151632	-30.060545201924214	90.785318
54684.633691815994	2850	4.0	8.68492569330049	1468126	12684.9256933	-34.49518048119211	89.398189
54698.471279143305	2850	4.0	9.837587327309866	1505760	13837.5873273	-39.45162550743242	85.954529
54711.37945162837	2850	4.0	8.90817248505899	1323990	12908.1724851	-35.45514168575366	89.320458
54725.99442131958	2850	4.0	10.614969691212556	1383735	14614.9696912	-42.79436967221399	93.348429
54736.81718435232	2850	4.0	6.822763032749459	1480464	10822.7630327	-26.48788104082267	97.271626
54748.081902264195	2850	4.0	7.264717911868727	1547572	11264.7179119	-28.388287021035524	97.509012
54757.90985299275	2850	4.0	5.82795072855535	1141971	9827.95072856	-22.210188132788	93.311238
54775.28568690492	2850	4.0	13.3758339121684	1498470	17375.8339122	-54.66608582232411	96.041687
54793.629709187466	2850	4.0	14.344022282540456	1561263	18344.0222825	-58.82929581492395	96.863845
54804.87705955117	2850	4.0	7.24735036370443	1341201	11247.3503637	-28.313606563929046	94.816085
54821.94789972534	2850	4.0	13.070840174177237	1497683	17070.8401742	-53.35461274896211	92.910185
54841.89758959858	2850	4.0	15.949689873244516	1358081	19949.6898732	-65.73366645495142	95.193139
54875.306167029084	2850	4.0	29.408577430503538	1587293	33408.5774305	-123.60688295116522	81.858634
54902.40731743779	2850	4.0	23.101150408704797	1492672	27101.1504087	-96.48494675743063	99.177905
54923.35131105868	2850	4.0	16.943993620886026	1439896	20943.9936209	-70.00917256980992	97.217465
54948.04469077052	2850	4.0	20.69337971184303	1139291	24693.3797118	-86.13153276092503	93.825455
54963.32009363548	2850	4.0	11.275402864958581	1499009	15275.402865	-45.634232319321896	93.982147
54973.88096833129	2850	4.0	6.560874695804232	1427478	10560.8746958	-25.361761191958195	90.92969
54985.07105869958	2850	4.0	7.190090368292266	1402287	11190.0903683	-28.06738858365674	91.34334
54995.9135476501	2850	4.0	6.84248895052723	1339500	10842.4889505	-26.572702487267087	97.297482
55009.117417487745	2850	4.0	9.203869837641468	1527299	13203.8698376	-36.72664030185831	92.902955
55023.15890069923	2850	4.0	10.041483211478715	1343002	14041.4832115	-40.32837780935847	87.659279
55039.20853495652	2850	4.0	12.049634257285094	1587250	16049.6342573	-48.9634273063259	95.172719
55050.39121888836	2850	4.0	7.182683931851434	1464921	11182.6839319	-28.035540906961163	96.481395
55061.53635141348	2850	4.0	7.145132525112709	1483527	11145.1325251	-27.874069857984647	95.602302
55071.015671273686	2850	4.0	5.4793198602063695	1231456	9479.31986021	-20.711075398887388	92.485503
55083.46046580987	2850	4.0	8.444794536181455	1364537	12444.7945362	-33.46261650558025	97.895096

