13400.47528018341	750	4.0	1.7041197936685797	450283	1704.1197936685796	-6.577715112774892	64.858346
13403.23956544349	1200	5.235714739918907	0.0	611087	2764.2852600810925	0.75	69.839987
13405.971754144715	1200	6.503526038692675	0.0	571051	2732.1887012262323	1.2	73.587374
13408.913363924888	1200	7.561916258518712	0.0	617681	2941.6097801739625	1.2	69.474665
13411.461972176949	1200	9.013308006459404	0.0	652874	2548.6082520593095	1.2	64.23322
13414.676116547436	1850	9.79916363597246	0.0	801058	3214.1443704869434	1.2000000000000002	86.249306
13418.880522180476	1850	9.594758002933322	0.0	905515	4204.405633039138	1.85	94.086702
13423.037820651967	1850	9.437459531441077	0.0	1060487	4157.298471492247	1.85	90.155937
13427.941896473432	1850	8.533383709976242	0.0	852833	4904.075821464835	1.85	90.218296
13431.986548305089	1850	8.488731878319104	0.0	913888	4044.6518316571373	1.85	86.733288
13436.400965954233	1850	8.074314229174401	0.0	939819	4414.417649144702	1.85	89.239922
13438.40526289602	1850	10.070017287387056	0.0	917428	2004.296941787345	1.85	82.202545
13441.252948818701	1850	11.22233136470709	0.0	946851	2847.6859226799656	1.85	83.629776
13444.611548107592	1850	11.863732075815934	0.0	1036454	3358.599288891156	1.85	80.875505
13447.512902728678	1850	12.962377454729799	0.0	821631	2901.354621086135	1.85	78.494849
13452.317408550984	1850	12.157871632425366	0.0	923170	4804.5058223044325	1.85	83.7301
13455.782780274732	1850	12.692499908676748	0.0	966699	3465.3717237486185	1.85	86.226021
13458.861054232208	1850	13.614225951199918	0.0	885714	3078.2739574768284	1.85	85.258591
13462.373991877892	1850	14.101288305516963	0.0	987708	3512.9376456829555	1.85	79.995224
13466.336040549359	1850	14.13923963404934	0.0	923755	3962.0486714676235	1.85	86.363677
13470.262664471891	1850	14.212615711516836	0.0	891604	3926.623922532504	1.85	81.773294
13473.357092111257	1850	15.118188072151296	0.0	955231	3094.4276393655377	1.85	79.031768
13476.21174040856	1850	16.263539774846727	0.0	968026	2854.6482973045718	1.85	73.123347
13481.190811380888	2850	15.28446880252039	0.0	1323990	4979.070972326334	1.85	89.320458
13487.401121801411	2850	13.074158381996135	0.0	1383735	6210.310420524255	2.85	93.348429
13497.664526824594	2850	6.810753358815209	0.0	1480464	10263.405023180925	2.85	97.271626
13503.378090835206	1200	5.097189348203235	0.0	696376	5713.564010611974	-0.44999999999999996	80.745588
13505.791741707566	750	6.683538475845006	0.0	277716	2413.6508723582297	0.3	68.231907
13509.852698394878	750	6.6225817885321545	0.0	400396	4060.9566873128506	0.75	69.601487
13513.205778021895	750	7.269502161515284	0.0	400508	3353.0796270168717	0.75	67.821489
13515.155157819903	750	9.320122363507894	0.0	358218	1949.3797980073916	0.75	64.789531
13517.523103682655	750	10.952176500753936	0.0	400322	2367.9458627539566	0.75	60.651768
13519.698900458576	750	12.776379724833903	0.0	369834	2175.7967759200324	0.75	68.369339
13521.674292149844	750	14.800988033566465	0.0	412837	1975.3916912674372	0.75	49.996929
13523.756825063696	750	16.718455119714786	0.0	401088	2082.53291385168	0.75	69.915275
13527.068420556028	1200	17.406859627384332	0.0	598727	3311.5954923304525	0.75	77.763467
13537.47905451657	1850	10.996225666841116	0.0	728962	10410.633960543215	1.2000000000000002	86.066994
13541.73547305263	1200	10.73980713078071	0.0	575591	4256.418536060408	0.5499999999999999	77.292461
13544.65635793376	750	11.818922249650957	0.0	378327	2920.8848811297526	0.3	62.32333
13547.230835372635	750	13.244444810776223	0.0	390680	2574.4774388747364	0.75	61.525566
13548.90049465101	750	15.574785532400702	0.0	345516	1669.65927837552	0.75	79.583372
13550.298252793635	750	18.177027389776928	0.0	384505	1397.7581426237707	0.75	64.443828
13551.518730761416	750	20.956549421995287	0.0	372093	1220.4779677816402	0.75	58.879512
13553.6062876229	1200	22.868992560510787	0.0	634861	2087.5568614845038	0.75	75.003938
13557.071876015916	1850	23.403404167495008	0.0	958994	3465.5883930157747	1.2000000000000002	87.119023
13559.980257301722	1850	24.495022881690055	0.0	982064	2908.3812858049528	1.85	86.680563
13564.837672616339	4300	23.637607567073996	0.0	1961140	4857.415314616059	1.8499999999999996	99.97428
13572.205322703656	4300	20.26995747975631	0.0	2155012	7367.650087317684	4.3	99.974274

