23607.357264216695	750	4.0	4.146410706663652	450283	4146.4107066636525	-17.079566038653706	64.858346
23608.47756671885	300	6.879697497844862	0.0	155580	1120.3025021551377	-0.15000000000000002	18.412623
23609.506509880473	300	9.850754336222511	0.0	139857	1028.9431616223508	0.3	17.596212
23613.723991776995	1200	9.633272439699223	0.0	617681	4217.481896523287	0.29999999999999993	69.474665
23618.86438522209	1200	8.492878994606627	0.0	652874	5140.393445092594	1.2	64.23322
23621.30263941511	750	10.054624801586192	0.0	318564	2438.254193020437	0.3	62.986308
23627.257936899634	1200	8.099327317062755	0.0	561791	5955.297484523436	0.75	89.177904
23636.331899054632	750	4.0	0.9746348379379424	437162	9073.962155000698	-3.890929803133152	69.475262
23639.484658553138	300	4.847240501492984	0.0	150710	3152.7594985070155	-0.15000000000000002	28.497356
23641.44329854462	300	6.888600510013675	0.0	139105	1958.6399914793094	0.3	21.660501
23643.490778284904	300	8.84112076972934	0.0	141840	2047.4797402843358	0.3	2.177717
23648.875259608663	750	7.456639445968206	0.0	405134	5384.481323761133	0.3	59.00323
23652.347364711433	750	7.984534343198587	0.0	386351	3472.1051027696194	0.75	59.358241
23656.25008798858	750	8.081811066052044	0.0	434409	3902.723277146543	0.75	56.692976
23659.22425184535	750	9.107647209284165	0.0	337059	2974.163856767878	0.75	54.76216
23667.91202497116	1200	4.419874083472887	0.0	587876	8687.773125811278	0.75	72.569044
23670.97760459055	300	5.354294464083881	0.0	143509	3065.579619389006	-0.6000000000000001	18.452936
23672.86915706734	300	7.462741987295047	0.0	150616	1891.5524767888342	0.3	35.116669
23678.027658903375	750	6.304240151260878	0.0	405596	5158.501836034169	0.3	60.564875
23679.879204758447	300	8.452694296189716	0.0	140881	1851.5458550711626	-0.15000000000000002	26.782579
23685.461173750507	750	6.870725304126013	0.0	386472	5581.968992063702	0.3	62.777649
23688.58098900549	300	7.750910049142473	0.0	157812	3119.8152549835395	-0.15000000000000002	21.07483
23693.885719626633	750	6.446179428001391	0.0	401853	5304.730621141082	0.3	47.960406
23697.062174199167	300	7.269724855464776	0.0	137654	3176.4545725366143	-0.15000000000000002	6.466535
23707.469589332926	750	4.0	3.137690278293753	359903	10407.41513375853	-13.192068196663136	66.786337
23710.322831894562	300	5.146757438365692	0.0	153938	2853.242561634308	-0.15000000000000002	22.855883
23712.207585685774	300	7.262003647151766	0.0	181901	1884.7537912139262	0.3	27.469573
23715.92918807416	750	7.540401258770548	0.0	277716	3721.6023883812177	0.3	68.231907
23720.33782035433	750	7.131768978600638	0.0	400396	4408.632280169911	0.75	69.601487
23725.586694127265	750	5.882895205664326	0.0	400508	5248.873772936312	0.75	67.821489
23727.215205988152	300	8.254383344777747	0.0	157421	1628.5118608865778	-0.15000000000000002	25.589487
23731.468977699384	750	8.000611633545306	0.0	400322	4253.771711232442	0.3	60.651768
23736.22740079546	750	7.24218853746837	0.0	369834	4758.4230960769355	0.75	68.369339
23741.477238113843	750	5.992351219084555	0.0	412837	5249.837318383815	0.75	49.996929
23743.869566034118	300	7.600023298808982	0.0	179328	2392.327920275573	-0.15000000000000002	28.893466
23748.95615489023	750	6.513434442697469	0.0	365161	5086.5888561115125	0.3	60.276519
23751.09695658701	300	8.372632745918283	0.0	131610	2140.801696779186	-0.15000000000000002	28.4111
23754.880089758077	750	8.589499574851414	0.0	361565	3783.133171066869	0.3	66.788635
23758.80548802009	750	8.664101312834429	0.0	378327	3925.398262016984	0.75	62.32333
23761.468830442853	750	10.000758890073211	0.0	390680	2663.3424227612168	0.75	61.525566
23765.926829581997	1200	9.542759750926798	0.0	566904	4457.999139146413	0.75	86.974261
23771.1312169096	1200	8.338372423324143	0.0	641452	5204.387327602655	1.2	75.706383
23774.266287656108	750	9.203301676817611	0.0	372093	3135.0707465065316	0.3	58.879512
23779.952150954436	1200	7.5174383784901195	0.0	634861	5685.863298327492	0.75	75.003938
23783.548968731353	750	7.920620601575858	0.0	398987	3596.817776914261	0.3	63.729239
23787.298524893376	750	8.171064439548394	0.0	393804	3749.556162027465	0.75	62.845425
23790.129600245873	750	9.339989087051642	0.0	331053	2831.0753524967527	0.75	60.678126
23794.55478281844	1200	8.914806514484523	0.0	550906	4425.182572567119	0.75	86.366143

