7455.287784310268	750	4.0	1.4326655545084757	450283	1432.6655545084757	-5.410461884386445	64.858346
7456.646488780853	750	6.641295529414785	0.0	398865	1358.7044705852145	0.75	57.017244
7458.035336019728	750	9.252448290540524	0.0	350812	1388.8472388742618	0.75	60.430767
7459.625241098988	750	11.662543211280328	0.0	382355	1589.9050792601952	0.75	55.551349
7464.63128875733	1850	10.656495552937423	0.0	996749	5006.0476583429045	0.75	75.455188
7467.234067726816	1850	12.053716583452204	0.0	801058	2602.7789694852204	1.85	86.249306
7470.097151128041	1850	13.190633182226307	0.0	905515	2863.083401225897	1.85	94.086702
7473.449086697868	1850	13.838697612399958	0.0	1060487	3351.9355698263494	1.85	90.155937
7476.477317149619	1850	14.81046716064938	0.0	852833	3028.2304517505772	1.85	90.218296
7479.767880764065	1850	15.519903546202713	0.0	913888	3290.5636144466653	1.85	86.733288
7486.2863484021345	2850	13.001435908134143	0.0	1354548	6518.46763806857	1.85	95.957675
7491.868809692296	2850	11.418974617972381	0.0	1519951	5582.461290161762	2.85	92.483401
7494.923308754381	1850	12.364475555887577	0.0	946851	3054.4990620848043	0.8500000000000001	83.629776
7498.485788866743	1850	12.801995443525643	0.0	1036454	3562.4801123619345	1.85	80.875505
7501.111286247842	1850	14.176498062426434	0.0	821631	2625.497381099209	1.85	78.494849
7504.752278774731	1850	14.535505535537501	0.0	923170	3640.9925268889333	1.85	83.7301
7511.230210045595	2850	12.057574264673033	0.0	1491626	6477.931270864468	1.85	94.650033
7515.472549711678	2850	11.81523459859076	0.0	1358801	4242.339666082274	2.85	92.142023
7520.5405846356725	2850	10.74719967459681	0.0	1537156	5068.03492399395	2.85	89.30989
7525.881924481885	2850	9.405859828383178	0.0	1336050	5341.339846213632	2.85	93.680429
7532.03092290704	2850	7.256861403228906	0.0	1415116	6148.998425154272	2.85	90.785318
7535.663965366112	1850	7.6238189441565405	0.0	955231	3633.042459072366	0.8500000000000001	79.031768
7538.887845834264	1850	8.399938476004175	0.0	968026	3223.8804681523634	1.85	73.123347
7541.718956594508	1850	9.568827715760282	0.0	874175	2831.1107602438924	1.85	80.700778
7544.778837740043	1850	10.508946570224825	0.0	897976	3059.8811455354567	1.85	86.994267
7548.002914680573	1850	11.284869629694988	0.0	905935	3224.076940529838	1.85	89.133614
7553.497548677855	1850	9.790235632412736	0.0	1076599	5494.633997282252	1.85	90.791041
7555.997504807219	1850	11.290279503049256	0.0	758197	2499.9561293634792	1.85	87.50057
7559.011377588592	1850	12.276406721675695	0.0	972798	3013.8727813735613	1.85	88.832031
7562.119384698922	1850	13.168399611346532	0.0	975811	3108.0071103291652	1.85	89.334885
7565.140067815485	1850	14.147716494782687	0.0	873429	3020.683116563846	1.85	87.120667
7568.396696001689	1850	14.891088308579556	0.0	954453	3256.6281862031306	1.85	83.67714
7575.077465189185	2850	12.210319121083332	0.0	1358081	6680.769187496223	1.85	95.193139
7578.853247237395	1850	12.434537072872445	0.0	1035329	3775.7820482108864	0.8500000000000001	71.430146
7582.556264625065	1850	12.731519685202679	0.0	1026056	3703.0173876697663	1.85	97.037422
7585.581263614168	1850	13.706520696099382	0.0	943942	3024.998989103296	1.85	90.168439
7588.202554792791	1850	15.085229517477444	0.0	728962	2621.2911786219383	1.85	86.066994
7591.258605393289	1850	16.02917891697892	0.0	938587	3056.050600498524	1.85	86.593761
7598.06618302794	2850	13.22160128232839	0.0	1427478	6807.577634650533	1.85	90.92969
7602.486807116011	2850	12.800977194257026	0.0	1402287	4420.624088071364	2.85	91.34334
7606.716470134412	2850	12.57131417585618	0.0	1339500	4229.663018400845	2.85	97.297482
7611.801716355466	2850	11.486067954802216	0.0	1527299	5085.246221053964	2.85	92.902955
7618.250155961577	2850	9.037628348691403	0.0	1343002	6448.439606110814	2.85	87.659279
7621.973190142475	1850	9.314594167792976	0.0	973972	3723.034180898428	0.8500000000000001	84.84845
7625.644034632063	1850	9.64374967820435	0.0	958994	3670.844489588626	1.85	87.119023
7628.825826395437	1850	10.461957914830853	0.0	982064	3181.7917633734955	1.85	86.680563
7633.012766915739	2850	10.275017394528572	0.0	1231456	4186.9405203022825	1.85	92.485503
7637.668739505897	2850	9.61904480437053	0.0	1364537	4655.972590158043	2.85	97.895096

