18166.146013280737	750	4.0	5.558065529459364	450283	5558.065529459364	-23.149681776675266	64.858346
18168.95373241259	300	5.192280868151962	0.0	155580	2807.719131848038	-0.15000000000000002	18.412623
18170.339264747206	300	7.8067485335352504	0.0	139857	1385.5323346167118	0.3	17.596212
18171.90380943473	300	10.24220384601217	0.0	155432	1564.5446875230796	0.3	19.997309
18174.130562243343	300	12.015451037399814	0.0	163442	2226.7528086123575	0.3	16.877619
18175.804623101394	300	14.34139017934634	0.0	126289	1674.0608580534742	0.3	18.579568
18177.872969019136	300	16.273044261605317	0.0	153295	2068.3459177410227	0.3	42.291519
18185.027301226735	750	13.118712054008757	0.0	437162	7154.33220759656	0.3	69.475262
18187.99178728113	750	14.154225999614532	0.0	374758	2964.4860543942254	0.75	70.789292
18190.59849714498	750	15.547516135764342	0.0	362795	2606.7098638501907	0.75	64.786022
18193.20522146195	750	16.940791818790466	0.0	353220	2606.724316973878	0.75	70.008689
18196.135305331652	750	18.01070794908931	0.0	405134	2930.0838697011563	0.75	59.00323
18198.930388621466	750	19.215624659276457	0.0	386351	2795.083289812849	0.75	59.358241
18201.84487837077	750	20.30113490996897	0.0	434409	2914.489749307492	0.75	56.692976
18204.779477965905	750	21.366535314835232	0.0	337059	2934.599595133737	0.75	54.76216
18207.319720794716	750	22.82629248602507	0.0	366214	2540.242828810163	0.75	58.858709
18209.922076191993	750	24.223937088747146	0.0	360831	2602.3553972779255	0.75	60.531124
18212.848966596754	750	25.297046683985986	0.0	372963	2926.890404761157	0.75	69.564049
18220.92330129944	1850	21.222711981296726	0.0	987708	8074.334702689262	0.75	79.995224
18231.534899904553	1850	14.611113376184933	0.0	923755	10611.59860511179	1.85	86.363677
18235.06643486503	750	15.079578415706658	0.0	386472	3531.5349604782764	-0.3500000000000001	62.777649
18237.860882120203	750	16.285131160536626	0.0	399894	2794.4472551700337	0.75	55.443233
18240.548029616002	750	17.59798366473926	0.0	401853	2687.147495797365	0.75	47.960406
18243.274332200424	750	18.871681080319075	0.0	343800	2726.302584420184	0.75	55.451197
18246.82958575053	750	19.316427530215165	0.0	359903	3555.2535501039083	0.75	66.786337
18250.396590730456	750	19.749422550287036	0.0	379700	3567.0049799281305	0.75	66.676537
18255.03611468889	750	19.109898591852133	0.0	425781	4639.523958434905	0.75	65.665965
18257.885640387172	750	20.26037289356505	0.0	277716	2849.52569828708	0.75	68.231907
18261.205764756276	750	20.940248524461285	0.0	400396	3320.124369103764	0.75	69.601487
18265.188760637793	750	20.957252642945107	0.0	400508	3982.9958815161795	0.75	67.821489
18268.75491480267	750	21.391098478068802	0.0	358218	3566.154164876307	0.75	64.789531
18272.162145000762	750	21.983868279976022	0.0	400322	3407.2301980927814	0.75	60.651768
18276.206590961687	750	21.939422319051204	0.0	369834	4044.445960924818	0.75	68.369339
18281.34523709566	750	20.80077618507961	0.0	412837	5138.646133971595	0.75	49.996929
18288.38186900559	750	17.764144275149256	0.0	401088	7036.631909930349	0.75	69.915275
18293.656755085263	750	16.489258195471436	0.0	365161	5274.88607967782	0.75	60.276519
18296.783919103764	750	17.362094176971652	0.0	321064	3127.1640184997837	0.75	67.040505
18300.856199744936	750	17.28981353579834	0.0	361565	4072.2806411733122	0.75	66.788635
18304.85615232758	750	17.28986095315768	0.0	378327	3999.9525826406607	0.75	62.32333
18309.126143929192	750	17.019869351545058	0.0	390680	4269.9916016126235	0.75	61.525566
18312.828167572254	750	17.31784570848247	0.0	345516	3702.023643062586	0.75	79.583372
18317.743945051545	750	16.402068229191507	0.0	384505	4915.77747929096	0.75	64.443828
18322.463669845543	750	15.68234343519281	0.0	372093	4719.724793998697	0.75	58.879512
18326.08247713366	750	16.063536147077187	0.0	438281	3618.8072881156245	0.75	62.327504
18329.07840666504	750	17.067606615693638	0.0	398987	2995.9295313835455	0.75	63.729239
18334.20487511132	750	15.941138169413078	0.0	393804	5126.468446280562	0.75	62.845425
18337.540671795552	750	16.605341485185154	0.0	331053	3335.796684227925	0.75	60.678126
18340.172915145733	750	17.973098135004353	0.0	314107	2632.2433501807996	0.75	75.210559

