24436.974273930646	750	4.0	4.8551176236478435	450283	4855.117623647843	-20.127005781685725	64.858346
24438.47148603166	300	6.502787898988277	0.0	155580	1497.2121010117223	-0.15000000000000002	18.412623
24439.758791016502	300	9.215482914147731	0.0	139857	1287.3049848405465	0.3	17.596212
24442.471501817017	750	10.502772113631469	0.0	382355	2712.7108005162636	0.3	55.551349
24444.860745660033	750	12.113528270617424	0.0	411561	2389.243843014044	0.75	51.003805
24447.04028599572	750	13.933987934926902	0.0	318564	2179.540335690521	0.75	62.986308
24450.485874777853	1200	14.488399152795514	0.0	561791	3445.5887821313877	0.75	89.177904
24455.14118316183	1200	13.833090768817575	0.0	709534	4655.308383977938	1.2	82.426144
24457.902323991548	1200	15.07194993910112	0.0	584846	2761.140829716455	1.2	82.430225
24461.433721572146	1200	15.540552358502584	0.0	560821	3531.397580598538	1.2	76.960357
24466.527874751846	1200	14.446399178802203	0.0	607410	5094.153179700381	1.2	82.096766
24470.717413864517	1200	14.256860066134267	0.0	594078	4189.539112667934	1.2	70.906301
24475.73956143683	1200	13.234712493820046	0.0	624282	5022.147572314222	1.2	73.534048
24481.639342817616	1200	11.334931113032559	0.0	687371	5899.781380787489	1.2	70.998108
24485.497900415365	1200	11.476373515284301	0.0	526950	3858.5575977482563	1.2	67.735752
24489.080533319917	1200	11.89374061073096	0.0	587876	3582.6329045533425	1.2	72.569044
24493.708308750294	1200	11.265965180354877	0.0	617242	4627.775430376083	1.2	75.662786
24497.812036678664	1200	11.162237251983006	0.0	581493	4103.727928371871	1.2	79.137254
24501.747985897124	1200	11.2262880335242	0.0	639204	3935.9492184588057	1.2	72.000653
24507.03936097571	1200	9.934912954940279	0.0	586839	5291.375078583921	1.2	79.134663
24514.1875391198	1200	6.786734810846327	0.0	601738	7148.178144093952	1.2	74.235946
24517.211004005596	750	7.763269925052367	0.0	399894	3023.4648857939587	0.3	55.443233
24519.547488060736	750	9.426785869912164	0.0	401853	2336.484055140203	0.75	47.960406
24521.64674749431	750	11.327526436338394	0.0	343800	2099.2594335737713	0.75	55.451197
24523.71682274632	750	13.257451184329037	0.0	359903	2070.0752520093574	0.75	66.786337
24526.08912382247	750	14.88515010817767	0.0	379700	2372.3010761513647	0.75	66.676537
24529.91850128039	1200	15.055772650258575	0.0	696376	3829.3774579190967	0.75	80.745588
24532.928298746338	1200	16.045975184310446	0.0	487160	3009.7974659481283	1.2	80.893459
24537.24118320579	1200	15.733090724854883	0.0	622896	4312.884459455566	1.2	80.053124
24543.56472659127	1200	13.409547339376598	0.0	641447	6323.543385478285	1.2	80.154442
24550.60224352609	1200	10.372030404556568	0.0	570392	7037.516934820028	1.2	78.009495
24558.943493557355	1200	6.030780373291906	0.0	620283	8341.250031264663	1.2	72.909556
24559.926800294015	300	9.047473636630972	0.0	143881	983.3067366609339	-0.6000000000000001	25.091594
24561.263476794265	300	11.710797136380155	0.0	163444	1336.6765002508173	0.3	17.178658
24562.9287001072	300	14.04557382344503	0.0	179328	1665.2233129351237	0.3	28.893466
24564.41825025096	300	16.556023679686977	0.0	159914	1489.5501437580542	0.3	21.738399
24567.38890461535	750	17.585369315297353	0.0	321064	2970.654364389621	0.3	67.040505
24572.344881253044	1200	16.62939267760366	0.0	575591	4955.976637693693	0.75	77.292461
24577.95819889135	1200	15.016075039300791	0.0	605884	5613.3176383028685	1.2	74.001829
24588.903710815288	1200	8.070563115360827	0.0	587506	10945.511923939965	1.2	72.886388
24596.145186581663	750	4.829087348984503	0.0	345516	7241.475766376324	0.3	79.583372
24599.0486397017	300	5.925634228947225	0.0	161857	2903.4531200372776	-0.15000000000000002	26.901789
24601.86263118556	300	7.11164274509072	0.0	145210	2813.9914838565055	0.3	23.926655
24606.221916333943	300	6.752357596704927	0.0	172312	4359.285148385792	0.3	26.146503
24611.078612878817	300	5.895661051829996	0.0	167025	4856.6965448749315	0.3	26.908827
24616.605375477266	300	4.368898453384	0.0	160064	5526.7625984459955	0.3	27.591437
24620.63294646189	300	4.341327468758382	0.0	137507	4027.570984625618	0.3	25.36694
24623.49612648257	300	5.47814744808057	0.0	118421	2863.1800206778116	0.3	36.062877

