12857.646577509828	750	4.0	1.9120480482224669	450283	1912.0480482224668	-7.471806607356607	64.858346
12859.49600315162	750	6.150574358208762	0.0	398865	1849.425641791238	0.75	57.017244
12861.022396768754	750	8.62418074107329	0.0	350812	1526.3936171354708	0.75	60.430767
12864.504391847056	750	9.142185662770313	0.0	382355	3481.995078302978	0.75	55.551349
12871.890614663775	750	5.755962846053477	0.0	411561	7386.222816716835	0.75	51.003805
12874.395451215352	750	7.251126294475372	0.0	318564	2504.8365515781056	0.75	62.986308
12877.148940484556	750	8.497637025272743	0.0	352642	2753.4892692026287	0.75	81.00828
12881.554226743203	750	8.092350766625598	0.0	437162	4405.286258647144	0.75	69.475262
12883.730499358448	750	9.916078151381427	0.0	374758	2176.2726152441724	0.75	70.789292
12885.881574317647	750	11.765003192181583	0.0	362795	2151.0749591998438	0.75	64.786022
12887.786684578065	750	13.859892931764199	0.0	353220	1905.1102604173855	0.75	70.008689
12889.692242390534	750	15.9543351192945	0.0	405134	1905.557812469698	0.75	59.00323
12892.843003365357	1200	16.80357414447129	0.0	624282	3150.7609748232076	0.75	73.534048
12896.445919674477	1200	17.200657835351365	0.0	687371	3602.9163091199257	1.2	70.998108
12901.643844027702	1200	16.002733482126462	0.0	526950	5197.924353224902	1.2	67.735752
12907.870885644126	1200	13.775691865700846	0.0	587876	6227.041616425618	1.2	72.569044
12914.396428973145	750	11.250148536684199	0.0	360831	6525.543329016647	0.3	60.531124
12922.804923993677	750	6.841653516151002	0.0	372963	8408.495020533197	0.75	69.564049
12925.219890141661	300	8.426687368165481	0.0	165384	2414.9661479855204	-0.15000000000000002	26.310814
12926.879393299334	300	10.767184210493213	0.0	140881	1659.5031576722688	0.3	26.782579
12928.33711826033	300	13.309459249497351	0.0	157671	1457.7249609958621	0.3	28.807059
12929.54810834446	300	16.098469165367312	0.0	157812	1210.9900841300387	0.3	21.07483
12930.565487593161	300	19.081089916665814	0.0	163927	1017.3792487015015	0.3	16.837774
12932.94302988123	750	20.703547628597292	0.0	343800	2377.5422880685232	0.3	55.451197
12936.46211312512	750	21.1844643847064	0.0	359903	3519.083243890893	0.75	66.786337
12942.092530649934	750	19.554046859894196	0.0	379700	5630.4175248122065	0.75	66.676537
12947.404955970533	750	18.24162153929552	0.0	425781	5312.425320598673	0.75	65.665965
12950.276546693753	750	19.370030816075463	0.0	277716	2871.5907232200543	0.75	68.231907
12953.172278309232	750	20.474299200598107	0.0	400396	2895.7316154773594	0.75	69.601487
12954.109020947006	300	23.53755656282494	0.0	149029	936.7426377731671	-0.15000000000000002	23.365013
12955.691708342943	750	25.95486916688667	0.0	358218	1582.687395938267	0.3	64.789531
12957.396755384914	750	28.249822124915703	0.0	400322	1705.0470419709684	0.75	60.651768
12960.455497482337	1200	29.191080027493637	0.0	584349	3058.7420974220645	0.75	79.771897
12963.547988287177	1200	30.098589222653377	0.0	670129	3092.4908048402594	1.2	62.28877
12966.447672291972	1200	31.198905217857813	0.0	690253	2899.6840047955634	1.2	87.732581
12968.901050925646	1200	32.745526584183814	0.0	598727	2453.378633673997	1.2	77.763467
12970.896233671127	1200	34.750343838702115	0.0	487812	1995.1827454817042	1.2	77.846693
12973.442943455191	1200	36.20363405463682	0.0	575591	2546.709784065293	1.2	77.292461
12977.377090038695	1850	36.26948747113363	0.0	908665	3934.1465835031936	1.2000000000000002	82.415248
12981.269151964883	1850	36.37742554494465	0.0	930577	3892.061926188985	1.85	83.556577
12985.670420059578	1850	35.97615745024964	0.0	858450	4401.2680946950095	1.85	92.068418
12997.18064418653	1200	28.465933323297055	0.0	641452	11510.224126952584	0.5499999999999999	75.706383
13001.449533244016	750	28.197044265812305	0.0	372093	4268.8890574847455	0.3	58.879512
13004.866895856057	750	28.779681653770638	0.0	438281	3417.362612041669	0.75	62.327504
13007.029351770587	750	30.617225739242205	0.0	398987	2162.455914528432	0.75	63.729239
13009.074980327476	750	32.571597182354196	0.0	393804	2045.6285568880064	0.75	62.845425
13011.049163216469	750	34.59741429336158	0.0	331053	1974.1828889926212	0.75	60.678126
13012.753227661013	750	36.893349848816094	0.0	314107	1704.0644445454875	0.75	75.210559

