25739.53629132877	750	4.0	8.215266709904062	450283	8215.266709904063	0.5	-34.57564685258747	64.858346
25742.565353175192	300	4.97093815357864	0.0	155580	3029.0618464213608	0.5	-0.15000000000000002	18.412623
25745.019019957057	300	6.517271371711869	0.0	139857	2453.6667818667706	0.5	0.3	17.596212
25747.174969650914	300	8.361321677856907	0.0	155432	2155.9496938549614	0.5	0.3	19.997309
25749.3043743636	300	10.231916965167043	0.0	163442	2129.404712689864	0.5	0.3	16.877619
25750.878140758872	300	12.658150569897952	0.0	126289	1573.7663952690905	0.5	0.3	18.579568
25752.24345797582	300	15.292833352949737	0.0	153295	1365.3172169482154	0.5	0.3	42.291519
25753.822677666707	300	17.713613662059643	0.0	173849	1579.2196908900933	0.5	0.3	35.451274
25756.941394965856	750	18.594896362911854	0.0	374758	3118.717299147789	0.5	0.3	70.789292
25760.216735719194	750	19.319555609576163	0.0	362795	3275.340753335689	0.5	0.75	64.786022
25763.506954014836	750	20.02933731392961	0.0	353220	3290.218295646555	0.5	0.75	70.008689
25770.19040542927	1200	17.3458858994962	0.0	594078	6683.451414433411	0.5	0.75	70.906301
25775.35189455388	1200	16.18439677488414	0.0	624282	5161.489124612062	0.5	1.2	73.534048
25783.169887932516	1200	12.366403396249986	0.0	687371	7817.993378634151	0.5	1.2	70.998108
25787.289247481636	1200	12.247043847128685	0.0	526950	4119.3595491213	0.5	1.2	67.735752
25793.2207594662	1200	10.315531862564656	0.0	587876	5931.511984564029	0.5	1.2	72.569044
25797.05293484843	750	10.483356480334335	0.0	360831	3832.1753822303212	0.5	0.3	60.531124
25800.0508621768	750	11.485429151968841	0.0	372963	2997.9273283654925	0.5	0.75	69.564049
25803.88896254599	750	11.647328782778299	0.0	405596	3838.100369190543	0.5	0.75	60.564875
25807.13356211161	750	12.402729217155642	0.0	350713	3244.5995656226564	0.5	0.75	67.172129
25810.992838538656	750	12.543452790110612	0.0	386472	3859.2764270450307	0.5	0.75	62.777649
25816.30987233284	750	11.226418995924524	0.0	399894	5317.033794186088	0.5	0.75	55.443233
25822.10417033138	750	9.432120997389706	0.0	401853	5794.2979985348165	0.5	0.75	47.960406
25825.887013534033	750	9.649277794736879	0.0	343800	3782.8432026528267	0.5	0.75	55.451197
25829.03902077174	750	10.497270557030314	0.0	359903	3152.0072377065667	0.5	0.75	66.786337
25832.149434142917	750	11.386857185850568	0.0	379700	3110.4133711797467	0.5	0.75	66.676537
25836.07861654882	750	11.457674779946554	0.0	425781	3929.182405904013	0.5	0.75	65.665965
25838.935447140222	750	12.600844188549093	0.0	277716	2856.8305913974605	0.5	0.75	68.231907
25842.778642966558	750	12.757648362210622	0.0	400396	3843.1958263384718	0.5	0.75	69.601487
25846.446758967	750	13.089532361772196	0.0	400508	3668.116000438426	0.5	0.75	67.821489
25851.393601779528	1200	12.14268954924078	0.0	570392	4946.842812531417	0.5	0.75	78.009495
25857.364332808902	1200	10.171958519867731	0.0	620283	5970.731029373049	0.5	1.2	72.909556
25863.922812759218	1200	7.6134785695498035	0.0	584349	6558.479950317927	0.5	1.2	79.771897
25867.77992808574	750	7.7563632430245635	0.0	412837	3857.11532652524	0.5	0.3	49.996929
25872.012883200558	750	7.523408128210093	0.0	401088	4232.95511481447	0.5	0.75	69.915275
25876.815890830832	750	6.720400497931179	0.0	365161	4803.007630278915	0.5	0.75	60.276519
25882.565518755568	750	4.970772573199277	0.0	321064	5749.627924731902	0.5	0.75	67.040505
25883.630564487157	300	7.905726841610764	0.0	124011	1065.0457315885133	0.5	-0.15000000000000002	21.943337
25885.051210150617	300	10.485081178149285	0.0	144254	1420.645663461478	0.5	0.3	12.774971
25887.002480969124	300	12.533810359644965	0.0	149991	1951.270818504319	0.5	0.3	17.21265
25888.788908353228	300	14.7473829755418	0.0	147968	1786.4273841031645	0.5	0.3	5.263918
25890.465811209997	300	17.07048011877526	0.0	161857	1676.9028567665425	0.5	0.3	26.901789
25894.739981036753	750	16.79631029201785	0.0	372093	4274.16982675741	0.5	0.3	58.879512
25901.126581943216	750	14.40970938555758	0.0	438281	6386.60090646027	0.5	0.75	62.327504
25904.25360284696	750	15.28268848181461	0.0	398987	3127.0209037429713	0.5	0.75	63.729239
25906.996738603157	750	16.539552725615547	0.0	393804	2743.135756199064	0.5	0.75	62.845425
25911.11763635164	1200	16.41865497713492	0.0	538612	4120.897748480627	0.5	0.75	74.51099
25918.7760330728	1850	12.760258255968507	0.0	846370	7658.396721166414	0.5	1.2000000000000002	92.020773

