36780.86648809969	750	4.0	6.619212714537035	450283	6619.21271454	-27.71261467250925	64.858346
36802.37599202863	2850	4.0	17.509503928941697	1431809	21509.5039289	-74.5408668944493	90.683379
36817.10240115049	2850	4.0	10.7264091218634	1300868	14726.4091219	-43.273559224012615	90.483169
36830.27218665962	2850	4.0	9.16978550912283	1520281	13169.7855091	-36.58007768922817	89.788956
36841.34132283802	2850	4.0	7.069136178405024	1472558	11069.1361784	-27.547285567141603	85.928154
36853.49539757148	2850	4.0	8.15407473346054	1224260	12154.0747335	-32.21252135388032	94.229141
36873.64430045301	2850	4.0	16.14890288152292	1388403	20148.9028815	-66.59028239054855	97.582873
36891.13026651667	2850	4.0	13.485966063666496	1638769	17485.9660637	-55.139654073765925	97.908255
36907.04878514539	2850	4.0	11.91851862871393	1348011	15918.5186287	-48.399630103469896	96.808308
36926.76827165206	2850	4.0	15.719486506670691	1429765	19719.4865067	-64.74379197868397	94.962414
36944.82261895637	2850	4.0	14.05434730431679	1354548	18054.3473043	-57.5836934085622	95.957675
36975.87584914117	2850	4.0	27.053230184800864	1519951	31053.2301848	-113.47888979464372	92.483401
37004.280482999886	2850	4.0	24.404633858713133	1422919	28404.6338587	-102.08992559246647	93.510922
37029.89535976017	2850	4.0	21.6148767602898	1578343	25614.8767603	-90.09397006924614	91.568178
37054.41611804538	2850	4.0	20.52075828520689	1231445	24520.7582852	-85.38926062638964	88.830113
37084.34619087807	2850	4.0	25.930072832678242	1471065	29930.0728327	-108.64931318051644	93.514387
37106.70250566193	2850	4.0	18.35631478387314	1491626	22356.3147839	-76.08215357065451	94.650033
37121.75895583163	2850	4.0	11.056450169696742	1358801	15056.4501697	-44.69273572969599	92.142023
37134.939083953635	2850	4.0	9.180128121998512	1537156	13180.128122	-36.6245509245936	89.30989
37145.080117856436	2850	4.0	6.141033902804451	1336050	10141.0339028	-23.556445782059136	93.680429
37159.22775994239	2850	4.0	10.14764208595543	1415116	14147.642086	-40.784860969608346	90.785318
37179.7445953047	2850	4.0	16.516835362310037	1468126	20516.8353623	-68.17239205793317	89.398189
37196.50794657196	2850	4.0	12.763351267265291	1505760	16763.3512673	-52.03241044924075	85.954529
37211.86976333348	2850	4.0	11.361816761523562	1323990	15361.8167615	-46.005812074551315	89.320458
37231.13295669902	2850	4.0	15.26319336552736	1383735	19263.1933655	-62.78173147176765	93.348429
37251.326416535856	2850	4.0	16.193459836839473	1480464	20193.4598368	-66.78187729840974	97.271626
37284.1783767644	2850	4.0	28.85196022854562	1547572	32851.9602285	-121.21342898274618	97.509012
37306.96341666305	2850	4.0	18.785039898647618	1141971	22785.0398986	-77.92567156418475	93.311238
37330.18440601019	2850	4.0	19.22098934713812	1498470	23220.9893471	-79.80025419269391	96.041687
37362.01774349516	2850	4.0	27.833337484970894	1561263	31833.337485	-116.83335118537484	96.863845
37388.61942778862	2850	4.0	22.601684293453886	1341201	26601.6842935	-94.33724246185172	94.816085
37411.10133279474	2850	4.0	18.481905006115863	1497683	22481.9050061	-76.62219152629821	92.910185
37426.015559494626	2850	4.0	10.914226699899528	1358081	14914.2266999	-44.08117480956797	95.193139
37439.47327756838	2850	4.0	9.457718073745388	1587293	13457.7180737	-37.81818771710517	81.858634
37451.10440987221	2850	4.0	7.631132303830791	1492672	11631.1323038	-29.9638689064724	99.177905
37466.68579212499	2850	4.0	11.581382252772334	1439896	15581.3822528	-46.94994368692103	97.217465
37483.16695835444	2850	4.0	12.481166229454203	1139291	16481.1662295	-50.81901478665307	93.825455
37499.39080933008	2850	4.0	12.22385097563109	1499009	16223.8509756	-49.71255919521368	93.982147
37516.16619098782	2850	4.0	12.77538165773878	1427478	16775.3816577	-52.08414112827675	90.92969
37535.6946286162	2850	4.0	15.528437628379178	1402287	19528.4376284	-63.92228180203046	91.34334
37553.65282037632	2850	4.0	13.958191760125356	1339500	17958.1917601	-57.17022456853903	97.297482
37585.24797661987	2850	4.0	27.595156243546477	1527299	31595.1562435	-115.80917184724986	92.902955
37612.1441863043	2850	4.0	22.896209684429092	1343002	26896.2096844	-95.6037016430451	87.659279
37637.513227560434	2850	4.0	21.3690412561323	1587250	25369.0412561	-89.03687740136888	95.172719
37668.192167945796	2850	4.0	26.67894038536417	1464921	30678.9403854	-111.86944365706594	96.481395
37695.45492740156	2850	4.0	23.262759455764602	1483527	27262.7594558	-97.1798656597878	95.602302
37714.316738214395	2850	4.0	14.86181081284206	1231456	18861.8108128	-61.05578649522086	92.485503
37729.68946626102	2850	4.0	11.3727280466287	1364537	15372.7280466	-46.0527306005034	97.895096

