12627.1768562	750	4.0	6.819045761582508	450283	6819.04576158	-28.571896774804785
12638.932046	2850	4.0	7.755189770897197	1431809	11755.1897709	-32.597316014857945
12644.8104897	2850	4.0	1.8784436871696544	1300868	5878.44368717	-5.2273078548295135
12651.165429	2850	4.0	2.354939285513405	1520281	6354.93928551	-7.27623892770764
12657.3188829	2850	4.0	2.1534538850282243	1472558	6153.45388503	-6.409851705621364
12662.5498669	2850	4.0	1.23098399487817	1224260	5230.98399488	-2.443231177976131
12669.1889183	2850	4.0	2.6390514438789268	1388403	6639.05144388	-8.497921208679385
12689.1658475	2850	4.0	15.976929187339229	1638769	19976.9291873	-65.8507955055587
12704.7560852	2850	4.0	11.5902377106186	1348011	15590.2377106	-46.988022155659976
12711.5162937	2850	4.0	2.7602085086114996	1429765	6760.20850861	-9.018896587029449
12717.8119579	2850	4.0	2.2956642100562465	1354548	6295.66421006	-7.02135610324186
12723.6947926	2850	4.0	1.8828346601359545	1519951	5882.83466014	-5.246189038584605
12729.8695719	2850	4.0	2.17477935021084	1422919	6174.77935021	-6.501551205906612
12736.9373289	2850	4.0	3.067756928718589	1578343	7067.75692872	-10.341354793489932
12754.5422768	2850	4.0	13.604947961481528	1231445	17604.9479615	-55.65127623437057
12770.0131394	2850	4.0	11.470862583661878	1471065	15470.8625837	-46.47470910974607
12778.3595556	2850	4.0	4.346416178691227	1491626	8346.41617869	-15.839589568372274
12784.9087	2850	4.0	2.5491444542909956	1358801	6549.14445429	-8.11132115345128
12790.9734983	2850	4.0	2.064798233489605	1537156	6064.79823349	-6.028632404005302
12796.8016664	2850	4.0	1.8281681675412156	1336050	5828.16816754	-5.011123120427227
12802.7010074	2850	4.0	1.8993409173218887	1415116	5899.34091732	-5.317165944484122
12819.6920474	2850	4.0	12.991040083465991	1468126	16991.0400835	-53.01147235890376
12835.4345565	2850	4.0	11.74250905278522	1505760	15742.5090528	-47.64278892697644
12845.2167322	2850	4.0	5.7821756864165295	1323990	9782.17568642	-22.013355451591075
12851.5228221	2850	4.0	2.3060899561026598	1383735	6306.0899561	-7.066186811241437
12857.6839351	2850	4.0	2.1611129383101453	1480464	6161.11293831	-6.4427856347336245
12864.0576754	2850	4.0	2.3737402850096303	1547572	6373.74028501	-7.357083225541411
12869.0554973	2850	4.0	0.9978219160710542	1141971	4997.82191607	-1.4406342391055325
12878.8452519	2850	4.0	5.789754570066305	1498470	9789.75457007	-22.045944651285108
12896.9371038	2850	4.0	14.091851920448404	1561263	18091.8519204	-57.744963257928134
12911.7069864	2850	4.0	10.769882600837256	1341201	14769.8826008	-43.4604951836002
12918.5825899	2850	4.0	2.8756035254574335	1497683	6875.60352546	-9.515095159466965
12924.4983409	2850	4.0	1.9157510396252746	1358081	5915.75103963	-5.387729470388681
12930.9186269	2850	4.0	2.4202859175543034	1587293	6420.28591755	-7.557229445483506
12937.3240299	2850	4.0	2.4054030695969586	1492672	6405.4030696	-7.493233199266921
12944.8383117	2850	4.0	3.5142817623833107	1439896	7514.28176238	-12.261411578248236
12961.4500443	2850	4.0	12.61173264214502	1139291	16611.7326421	-51.38045036122358
12977.4739367	2850	4.0	12.023892375342365	1499009	16023.8923753	-48.85273721397217
12984.7213142	2850	4.0	3.2473775334579815	1427478	7247.37753346	-11.11372339386932
12991.4828076	2850	4.0	2.761493360311659	1402287	6761.49336031	-9.024421449340133
12996.6362946	2850	4.0	1.1534870036683733	1339500	5153.48700367	-2.1099941157740045
13003.3081458	2850	4.0	2.67185120538863	1527299	6671.85120539	-8.638960183171108
13008.8988439	2850	4.0	1.590698125211965	1343002	5590.69812521	-3.990001938411449
13027.5365397	2850	4.0	14.637695798247071	1587250	18637.6957982	-60.0920919324624
13042.7030146	2850	4.0	11.166474847346091	1464921	15166.4748473	-45.16584184358819
13052.2168549	2850	4.0	5.51384032316788	1483527	9513.84032317	-20.85951338962188
13058.1068166	2850	4.0	1.889961661775207	1231456	5889.96166178	-5.27683514563339
13063.7483435	2850	4.0	1.6415269841097424	1364537	5641.52698411	-4.208566031671891

