13068.6965095	750	4.0	4.948165992489615	450283	4948.16599249	-20.527113767705345
13081.0533685	2850	4.0	8.356858915006427	1431809	12356.858915	-35.18449333452764
13097.8192291	2850	4.0	12.765860650187216	1300868	16765.8606502	-52.04320079580503
13114.1380511	2850	4.0	12.318821995646958	1520281	16318.8219956	-50.120934581281915
13129.0186585	2850	4.0	10.880607353852085	1472558	14880.6073539	-43.93661162156396
13140.2644106	2850	4.0	7.245752104189787	1224260	11245.7521042	-28.306734048016082
13156.5927823	2850	4.0	12.328371711889472	1388403	16328.3717119	-50.16199836112473
13178.156432	2850	4.0	17.5636497294788	1638769	21563.6497295	-72.67369383675884
13189.2074449	2850	4.0	7.051012935124036	1348011	11051.0129351	-27.46935562103335
13199.0459348	2850	4.0	5.838489869979356	1429765	9838.48986998	-22.25550644091123
13208.3734016	2850	4.0	5.32746677140026	1354548	9327.4667714	-20.058107117021116
13218.9871105	2850	4.0	6.613708965341059	1519951	10613.7089653	-25.58894855096655
13230.7592995	2850	4.0	7.7721889440109	1422919	11772.188944	-30.570412459246867
13245.6185423	2850	4.0	10.859242840302004	1578343	14859.2428403	-43.84474421329861
13254.8229016	2850	4.0	5.204359270452278	1231445	9204.35927045	-19.52874486294479
13266.3077371	2850	4.0	7.484835461537579	1471065	11484.8354615	-29.33479248461159
13279.8883331	2850	4.0	9.58059602540721	1491626	13580.5960254	-38.346562909251
13291.6118042	2850	4.0	7.723471073360803	1358801	11723.4710734	-30.36092561545145
13304.4161329	2850	4.0	8.80432875342678	1537156	12804.3287534	-35.00861363973515
13314.3170885	2850	4.0	5.900955624038983	1336050	9900.95562404	-22.524109183367624
13324.7604214	2850	4.0	6.4433328721991945	1415116	10443.3328722	-24.856331350456532
13336.596769	2850	4.0	7.8363475668066345	1468126	11836.3475668	-30.846294537268527
13350.1240792	2850	4.0	9.52731019857276	1505760	13527.3101986	-38.11743385386286
13367.4937916	2850	4.0	13.369712453005269	1323990	17369.712453	-54.63976354792265
13382.4499352	2850	4.0	10.956143599850735	1383735	14956.1435999	-44.26141747935816
13395.4432315	2850	4.0	8.993296225026727	1480464	12993.296225	-35.82117376761492
13414.3524039	2850	4.0	14.90917241110653	1547572	18909.1724111	-61.25944136775808
13425.8198275	2850	4.0	7.467423604569291	1141971	11467.4236046	-29.259921499647945
13443.1739439	2850	4.0	13.354116455133921	1498470	17354.1164551	-54.57270075707586
13456.712893	2850	4.0	9.538949097367228	1561263	13538.9490974	-38.16748111867908
13472.5290333	2850	4.0	11.81614029622544	1341201	15816.1402962	-47.95940327376939
13493.0547859	2850	4.0	16.52575255416948	1497683	20525.7525542	-68.21073598292877
13504.2571298	2850	4.0	7.202343909294081	1358081	11202.3439093	-28.120078809964546
13515.3289402	2850	4.0	7.0718104321473145	1587293	11071.8104321	-27.558784858233448
13525.5197806	2850	4.0	6.190840360714241	1492672	10190.8403607	-23.770613551071236
13535.6612726	2850	4.0	6.141492018612402	1439896	10141.4920186	-23.558415680033324
13545.1067758	2850	4.0	5.445503204234155	1139291	9445.50320423	-20.565663778206865
13559.4577376	2850	4.0	10.350961845784276	1499009	14350.9618458	-41.65913593687238
13570.3568749	2850	4.0	6.899137303667691	1427478	10899.1373037	-26.816290405771067
13581.1184592	2850	4.0	6.7615842109060305	1402287	10761.5842109	-26.22481210689593
13592.9883141	2850	4.0	7.869854949947548	1339500	11869.8549499	-30.990376284774456
13606.3267908	2850	4.0	9.338476696964797	1527299	13338.476697	-37.30544979694862
13617.8406215	2850	4.0	7.513830679796014	1343002	11513.8306798	-29.459471923122855
13629.7641324	2850	4.0	7.9235108808048045	1587250	11923.5108808	-31.22109678746066
13640.646642	2850	4.0	6.882509632418078	1464921	10882.5096324	-26.744791419397732
13652.4255056	2850	4.0	7.778863612600589	1483527	11778.8636126	-30.59911353418253
13663.2765084	2850	4.0	6.851002784148635	1231456	10851.0027841	-26.60931197183913
13678.4139974	2850	4.0	11.137489034127302	1364537	15137.4890341	-45.041202846747396

