20872.589712957193	750	4.0	4.2446647119615655	450283	4244.664711961565	-17.50205826143473
20874.004501090727	300	6.5852118664659365	0.0	155580	1414.7881335340633	-0.15000000000000002
20875.26819242307	300	9.321520534123353	0.0	139857	1263.6913323425845	0.3
20876.64610497092	300	11.94360798627423	0.0	155432	1377.9125478491217	0.3
20879.841022636745	750	12.748690320448102	0.0	411561	3194.9176658261276	0.3
20881.95102122895	750	14.638691728241579	0.0	318564	2109.998592206525	0.75
20884.772542701412	750	15.817170255781411	0.0	352642	2821.521472460166	0.75
20890.02769588228	1200	14.562017074912285	0.0	709534	5255.153180869126	0.75
20894.77654972133	1200	13.813163235861234	0.0	584846	4748.85383905105	1.2
20900.078167483476	1200	12.51154547371677	0.0	560821	5301.617762144461	1.2
20905.25771825306	1200	11.331994704133463	0.0	607410	5179.550769583309	1.2
20910.06979919045	1200	10.51991376674069	0.0	594078	4812.080937392772	1.2
20915.057196722057	1200	9.532516235136228	0.0	624282	4987.397531604462	1.2
20919.107236320408	1200	9.482476636787903	0.0	687371	4050.0395983483263	1.2
20922.781962136192	1200	9.807750821000853	0.0	526950	3674.725815787049	1.2
20927.39258847181	1200	9.197124485386608	0.0	587876	4610.626335614245	1.2
20932.148867749736	1200	8.440845207459747	0.0	617242	4756.279277926862	1.2
20937.04987092771	1200	7.53984202948458	0.0	581493	4901.003177975166	1.2
20942.661835106752	1200	5.9278778504425045	0.0	639204	5611.964179042076	1.2
20947.982544043287	1200	4.607168913908049	0.0	586839	5320.7089365344555	1.2
20951.8682477514	750	4.721465205796423	0.0	386472	3885.7037081116255	0.3
20956.7634591451	750	4.0	0.1737461879008697	399894	4895.211393697293	0.00289139202626032
20960.300372100886	300	4.4630870442129496	0.0	163927	3536.91295578705	-0.15000000000000002
20963.98105216239	300	4.782406982708837	0.0	137654	3680.6800615041134	0.3
20966.1307491061	300	6.632710038997202	0.0	146754	2149.6969437116345	0.3
20968.85506068253	300	7.908398462567433	0.0	153938	2724.3115764297686	0.3
20972.10676371767	300	8.656695427427625	0.0	181901	3251.703035139807	0.3
20973.786520088513	300	10.976939056586486	0.0	111155	1679.7563708411385	0.3
20976.045133758344	300	12.718325386755886	0.0	153605	2258.6136698306004	0.3
20978.613492270084	300	14.1499668750185	0.0	149029	2568.3585117373873	0.3
20981.26619152018	300	15.49726762492189	0.0	157421	2652.6992500966094	0.3
20982.94038759979	300	17.823071545313308	0.0	157488	1674.1960796085796	0.3
20984.239535260014	300	20.52392388508918	0.0	143881	1299.14766022413	0.3
20987.27084297105	750	21.492616174052927	0.0	412837	3031.307711036249	0.3
20990.36008680526	750	22.40337233983961	0.0	401088	3089.243834213318	0.75
20993.19843075763	750	23.565028387470512	0.0	365161	2838.343952369096	0.75
20996.317464794316	1200	24.44599435078435	0.0	487812	3119.034036686162	0.75
20999.941247700215	1200	24.82221144488587	0.0	575591	3623.78290589848	1.2
21004.498691374894	1200	24.26476777020699	0.0	605884	4557.44367467888	1.2
21008.43477200369	1200	24.328687141412544	0.0	587506	3936.080628794448	1.2
21012.037578445386	1200	24.725880699713272	0.0	566904	3602.8064416992747	1.2
21021.677991927478	1850	19.085467217620653	0.0	1025005	9640.413482092616	1.2000000000000002
21029.691001928317	1850	15.072457216782157	0.0	886255	8013.010000838497	1.85
21038.55567118133	1850	10.207787963773555	0.0	973972	8864.669253008602	1.85
21045.747005480152	1200	7.016453664949151	0.0	630203	7191.334298824404	0.5499999999999999
21049.14862658444	750	7.614832560661329	0.0	393804	3401.6211042878226	0.3
21051.379478798943	750	9.383980346155756	0.0	331053	2230.8522145055726	0.75
21054.75016457993	1200	10.01329456516979	0.0	550906	3370.6857809859666	0.75

