6150.704355762075	750	4.0	2.288238812003366	450283	2288.238812003366	-9.089426891614474
6153.398564173753	750	5.305791588322136	0.0	398865	2694.2084116778638	0.75
6155.6044919061205	750	7.099863855953809	0.0	350812	2205.9277323683264	0.75
6157.224320496014	750	9.480035266059609	0.0	382355	1619.8285898942004	0.75
6158.896728041514	750	11.807627720559813	0.0	411561	1672.4075454997967	0.75
6161.273789702672	1200	13.430566059402077	0.0	520315	2377.0616611577357	0.75
6163.566108012941	1200	15.138247749132896	0.0	561791	2292.3183102691814	1.2
6168.305286417891	1850	14.399069344183248	0.0	1060487	4739.178404949647	1.2000000000000002
6171.74372194638	1850	14.960633815693726	0.0	852833	3438.4355284895228	1.85
6177.439360707841	1850	13.26499505423295	0.0	913888	5695.638761460775	1.85
6181.352773630542	1850	13.351582131531414	0.0	939819	3913.4129227015355	1.85
6185.273213214192	1850	13.431142547882608	0.0	917428	3920.4395836488056	1.85
6189.857319001009	1850	12.84703676106449	0.0	946851	4584.105786818118	1.85
6193.813146895522	1850	12.89120886655273	0.0	1036454	3955.8278945117595	1.85
6198.169388515425	1850	12.53496724664794	0.0	821631	4356.24161990479	1.85
6201.708676664983	1850	12.995679097090699	0.0	923170	3539.2881495572396	1.85
6204.354697971368	1850	14.349657790705468	0.0	966699	2646.021306385232	1.85
6207.654576287588	1850	15.049779474486888	0.0	885714	3299.87831621858	1.85
6214.938700766624	2850	11.765654995449829	0.0	1537156	7284.124479037059	1.85
6219.610662176544	1850	11.093693585529811	0.0	923755	4671.961409920018	0.8500000000000001
6223.655288263161	1850	11.049067498911803	0.0	891604	4044.6260866180073	1.85
6227.8520711293595	1850	10.852284632714458	0.0	955231	4196.782866197346	1.85
6233.4922006079405	1850	9.212155154132937	0.0	968026	5640.129478581521	1.85
6238.3546998045485	1850	8.349655957525174	0.0	874175	4862.499196607764	1.85
6242.619229496839	1850	8.085126265234443	0.0	897976	4264.529692290731	1.85
6246.452291434166	1850	8.252064327907185	0.0	905935	3833.0619373272593	1.85
6250.466293617894	1850	8.23806214417949	0.0	1076599	4014.002183727694	1.85
6253.158353930618	1850	9.546001831454381	0.0	758197	2692.0603127251084	1.85
6256.667750561488	1850	10.036605200585212	0.0	972798	3509.3966308691683	1.85
6261.688883316254	1850	9.015472445818675	0.0	975811	5021.132754766536	1.85
6267.88250930638	1850	6.82184645569315	0.0	873429	6193.625990125526	1.85
6271.146315774991	1200	7.558039987081158	0.0	620283	3263.806468611991	0.5499999999999999
6274.547104087938	1200	8.157251674133772	0.0	584349	3400.7883129473867	1.2
6277.384090227636	1200	9.320265534435617	0.0	670129	2836.9861396981546	1.2
6280.058175293334	1200	10.646180468738716	0.0	690253	2674.085065696901	1.2
6282.015952855555	1200	12.688402906517162	0.0	598727	1957.7775622215547	1.2
6284.825563474821	1850	13.878792287251716	0.0	728962	2809.610619265445	1.2000000000000002
6289.194415463457	1850	13.509940298616064	0.0	938587	4368.851988635653	1.85
6293.13657897164	1850	13.567776790432836	0.0	908665	3942.163508183228	1.85
6296.668863916334	1850	14.035491845739413	0.0	930577	3532.2849446934233	1.85
6300.21833491809	1850	14.486020843984328	0.0	858450	3549.4710017550847	1.85
6306.1987990452935	1850	12.505556716779644	0.0	1025005	5980.464127204686	1.85
6309.867933679363	1850	12.836422082710847	0.0	886255	3669.134634068797	1.85
6313.843691788426	1850	12.860663973646947	0.0	973972	3975.758109063901	1.85
6317.344271234556	1850	13.360084527517357	0.0	958994	3500.579446129589	1.85
6321.631309543277	1850	13.073046218796426	0.0	982064	4287.03830872093	1.85
6329.159267626064	2850	9.54508813600933	0.0	1231456	7527.958082787095	1.85
6339.014737483901	2850	4.0	0.3103817218277181	1364537	9855.469857837048	1.5153585961408123

