4091.9550639202603	750	4.0	1.1482833162359447	450283	1148.2833162359448	-4.187618259814562
4094.517882056916	1850	5.4371818633447635	0.0	957685	2562.8181366552362	0.75
4099.342481838909	1850	4.6125820813515634	0.0	877771	4824.5997819932	1.85
4101.039056380453	750	6.916007539806948	0.0	382355	1696.5745415446154	-0.3500000000000001
4102.54267509692	750	9.41238882334018	0.0	411561	1503.6187164667692	0.75
4104.475104921671	1200	11.47995899858929	0.0	520315	1932.4298247508898	0.75
4107.934451087295	1200	12.02061283296462	0.0	561791	3459.34616562467	1.2
4109.97475193972	750	13.980311980540204	0.0	437162	2040.300852424416	0.3
4111.31582728549	750	16.639236634770064	0.0	374758	1341.0753457701408	0.75
4114.087440611214	1850	17.867623309045932	0.0	913888	2771.613325724131	0.75
4116.2441020419865	1850	19.710961878273235	0.0	939819	2156.661430772696	1.85
4118.709766891691	1850	21.245297028568995	0.0	917428	2465.664849704239	1.85
4125.361013693554	2850	18.594050226705832	0.0	1422919	6651.246801863164	1.85
4140.602160286526	2850	7.35290363373368	0.0	1578343	15241.146592972153	2.85
4143.468041301513	750	8.487022618747131	0.0	337059	2865.8810149865494	-1.35
4144.896859201276	750	11.058204718983387	0.0	366214	1428.8178997637435	0.75
4146.329827430124	750	13.625236490135208	0.0	360831	1432.9682288481774	0.75
4147.6941499071645	750	16.260914013095174	0.0	372963	1364.3224770400357	0.75
4149.011219801222	750	18.943844119036946	0.0	405596	1317.0698940582274	0.75
4150.075122774744	750	21.87994114551552	0.0	350713	1063.902973521423	0.75
4154.6713647561955	2850	21.283699164063986	0.0	1415116	4596.241981451535	0.75
4159.765074565486	2850	20.189989354773285	0.0	1468126	5093.709809290701	2.85
4163.933348107581	2850	20.021715812678547	0.0	1505760	4168.273542094739	2.85
4168.716695507559	2850	19.23836841269973	0.0	1323990	4783.347399978817	2.85
4173.884766206484	2850	18.070297713775965	0.0	1383735	5168.070698923764	2.85
4178.029119616126	2850	17.925944304133626	0.0	1480464	4144.353409642339	2.85
4181.439295807339	2850	18.515768112920647	0.0	1547572	3410.1761912129796	2.85
4184.456138614482	2850	19.498925305777224	0.0	1141971	3016.842807143425	2.85
4188.5346988020665	2850	19.420365118193203	0.0	1498470	4078.5601875840193	2.85
4193.336201250269	2850	18.61886266999031	0.0	1561263	4801.502448202893	2.85
4196.734262854781	2850	19.220801065478117	0.0	1341201	3398.0616045121924	2.85
4200.15782268252	2850	19.7972412377391	0.0	1497683	3423.559827739017	2.85
4205.37468852608	4300	18.580375394179143	0.0	2191074	5216.865843559959	2.8499999999999996
4211.641685014318	4300	16.313378905941303	0.0	2286761	6266.996488237843	4.3
4218.291455976836	4300	13.663607943422775	0.0	2307787	6649.770962518524	4.3
4224.1774268457075	4300	11.777637074550865	0.0	2143948	5885.97086887191	4.3
4233.018941359349	4300	6.936122560910287	0.0	1919781	8841.514513640577	4.3
4237.276640464306	1850	6.678423455952901	0.0	938587	4257.699104957387	-0.6000000000000001
4239.908039566824	1850	8.047024353434498	0.0	908665	2631.3991025184037	1.85
4242.770333540505	1850	9.184730379754052	0.0	930577	2862.293973680445	1.85
4245.401455004109	1850	10.553608916149713	0.0	858450	2631.1214636043383	1.85
4248.394901602496	1850	11.560162317762112	0.0	1025005	2993.4465983876007	1.85
4251.110256892121	1850	12.84480702813826	0.0	886255	2715.355289623852	1.85
4256.825684951574	2850	11.12937896868517	0.0	1587250	5715.428059453087	1.85
4262.339273183833	2850	9.615790736425613	0.0	1464921	5513.588232259556	2.85
4267.457402025483	2850	8.497661894774497	0.0	1483527	5118.128841651116	2.85
4270.64348933627	2850	9.311574583988152	0.0	1231456	3186.0873107863454	2.85
4278.919370417552	4300	5.0356935027060885	0.0	2155012	8275.881081282065	2.8499999999999996

