24818.58362146415	750	4.0	4.851455205977005	450283	4851.45520598	-20.11125738570112
24839.275917575942	2850	4.0	16.692296111793727	1431809	20692.2961118	-71.02687328071302
24860.33192912825	2850	4.0	17.056011552308473	1300868	21056.0115523	-70.49084967492644
24877.655971626948	2850	4.0	13.324042498699106	1520281	17324.0424987	-54.44338274440615
24889.777240361276	2850	4.0	8.121268734326597	1472558	12121.2687343	-32.07145555760436
24900.440329681584	2850	4.0	6.663089320307372	1224260	10663.0893203	-25.801284077321696
24920.52251448449	2850	4.0	16.082184802909268	1388403	20082.1848029	-66.30339465250985
24929.78543530297	2850	4.0	5.262920818478002	1638769	9262.92081848	-19.780559519455405
24946.02359958909	2850	4.0	12.238164286120712	1348011	16238.1642861	-49.77410643031906
24964.118900617825	2850	4.0	14.09530102873145	1429765	18095.3010287	-57.75979442354523
24986.943829334363	2850	4.0	18.82492871654193	1354548	22824.9287165	-78.0971934811303
25002.257915565006	2850	4.0	11.31408623064429	1519951	15314.0862306	-45.80057079177045
25011.422770698024	2850	4.0	5.164855133014908	1422919	9164.85513301	-19.358877071964102
25033.667202412842	2850	4.0	18.244431714820628	1578343	22244.4317148	-75.60105637372871
25043.081629531447	2850	4.0	5.414427118602245	1231445	9414.4271186	-20.43203660998965
25053.059971023125	2850	4.0	5.978341491676756	1471065	9978.34149168	-22.856868414210048
25073.78440975611	2850	4.0	16.72443873298397	1491626	20724.438733	-69.06508655183107
25096.216505397166	2850	4.0	18.432095641057575	1358801	22432.0956411	-76.40801125654758
25113.5402188284	2850	4.0	13.323713431230987	1537156	17323.7134312	-54.44196775429324
25123.708598407215	2850	4.0	6.16837957881709	1336050	10168.3795788	-23.674032188913486
25138.15590177298	2850	4.0	10.447303365762766	1415116	14447.3033658	-42.07340447277989
25156.342201396754	2850	4.0	14.186299623771593	1468126	18186.2996238	-58.15108838221784
25164.18745664629	2850	4.0	3.8452552495361614	1505760	7845.25524954	-13.684597573005492
25183.231357984423	2850	4.0	15.043901338134463	1323990	19043.9013381	-61.83877575397819
25199.867328332435	2850	4.0	12.635970348011618	1383735	16635.970348	-51.48467249644995
25222.958022780957	2850	4.0	19.090694448519493	1480464	23090.6944485	-79.23998612863382
25237.919146587716	2850	4.0	10.96112380676121	1547572	14961.1238068	-44.2828323690732
25245.0585209876	2850	4.0	3.139374399886011	1141971	7139.37439989	-10.649309919509847
25265.54402966109	2850	4.0	16.485508673489313	1498470	20485.5086735	-68.03768729600405
25278.067624813146	2850	4.0	8.523595152058666	1561263	12523.5951521	-33.801459153852264
25288.3623972363	2850	4.0	6.294772423153339	1341201	10294.7724232	-24.217521419559354
25308.713348661688	2850	4.0	16.35095142538845	1497683	20350.9514254	-67.45909112917033
25331.79250933463	2850	4.0	19.079160672943196	1358081	23079.1606729	-79.19039089365575
25349.27656644222	2850	4.0	13.484057107586683	1587293	17484.0571076	-55.13144556262273
25359.27642023722	2850	4.0	5.999853795002051	1492672	9999.853795	-22.949371318508817
25375.871272149867	2850	4.0	12.59485191264769	1439896	16594.8519126	-51.30786322438506
25390.158970499248	2850	4.0	10.287698349380612	1139291	14287.6983494	-41.38710290233663
25397.965549159082	2850	4.0	3.806578659835982	1499009	7806.57865984	-13.51828823729472
25419.518290230557	2850	4.0	17.552741071473303	1427478	21552.7410715	-72.6267866073352
25436.364580209847	2850	4.0	12.846289979291603	1402287	16846.2899793	-52.38904691095389
25456.61666057451	2850	4.0	16.252080364662415	1339500	20252.0803647	-67.0339455680484
25471.44465813703	2850	4.0	10.827997562514902	1527299	14827.9975625	-43.710389518814075
25480.579708174606	2850	4.0	5.135050037578443	1343002	9135.05003758	-19.2307151615873
25503.191040279744	2850	4.0	18.611332105136505	1587250	22611.3321051	-77.17872805208697
25512.52509671375	2850	4.0	5.334056434010452	1464921	9334.05643401	-20.086442666244942
25526.9745860384	2850	4.0	10.449489324649717	1483527	14449.4893246	-42.08280409599378
25542.879364625336	2850	4.0	11.904778586934796	1231456	15904.7785869	-48.34054792381962
25566.40592908241	2850	4.0	19.526564457078976	1364537	23526.5644571	-81.1142271654396

