25568.04982227101	750	4.0	1.6438931885945212	450283	1643.89318859	-6.31874071095644
25574.369999576076	2850	4.0	2.320177305068125	1431809	6320.17730507	-9.226762411792938
25581.492301444607	2850	4.0	3.1223018685279986	1300868	7122.30186853	-10.575898034670393
25587.800686569877	2850	4.0	2.308385125271054	1520281	6308.38512527	-7.0760560386655325
25593.83112280123	2850	4.0	2.0304362313547455	1472558	6030.43623135	-5.880875794825405
25600.62894352888	2850	4.0	2.7978207276501363	1224260	6797.82072765	-9.180629128895585
25609.556053094355	2850	4.0	4.927109565470226	1388403	8927.10956547	-18.336571131521968
25621.427416940878	2850	4.0	7.871363846524831	1638769	11871.3638465	-30.99686454005677
25633.021839161625	2850	4.0	7.594422220748893	1348011	11594.4222207	-29.806015549220234
25639.330172650483	2850	4.0	2.30833348885708	1429765	6308.33348886	-7.075834002085443
25645.016620453815	2850	4.0	1.6864478033329378	1354548	5686.44780333	-4.401725554331632
25654.526875734064	2850	4.0	5.510255280249214	1519951	9510.25528025	-20.84409770507162
25659.20760414844	2850	4.0	0.6807284143751694	1422919	4680.72841438	-0.07713218181322823
25665.68286770962	2850	4.0	2.475263561181492	1578343	6475.26356118	-7.793633313080415
25670.29053574473	2850	4.0	0.6076680351082078	1231445	4607.66803511	0.23702744903470663
25674.93973449573	2850	4.0	0.649198750999818	1471065	4649.198751	0.05844537070078237
25679.353442136067	2850	4.0	0.4137076403380015	1491626	4413.70764034	1.0710571465465937
25683.376700320485	2850	4.0	0.02325818441745514	1358801	4023.25818442	2.749989807004943
25688.449440591365	2850	4.0	1.072740270880725	1537156	5072.74027088	-1.7627831647871175
25693.78825676638	2850	4.0	1.3388161750122909	1336050	5338.81617501	-2.9069095525528508
25703.295282655887	2850	4.0	5.507025889507592	1415116	9507.02588951	-20.83021132488264
25749.44213146104	2850	4.0	42.14684880515188	1468126	46146.8488052	-178.3814498621531
25785.029194561263	2850	4.0	31.587063100222228	1505760	35587.0631002	-132.9743713309556
25791.195661078353	2850	4.0	2.1664665170906656	1323990	6166.46651709	-6.465806023489861
25795.90224006639	2850	4.0	0.7065789880375196	1383735	4706.57898804	-0.18828964856133412
25800.362972956525	2850	4.0	0.46073289013560315	1480464	4460.73289014	0.8688485724169066
25805.923101226454	2850	4.0	1.5601282699262302	1547572	5560.12826993	-3.85855156068279
25809.301640614685	2850	4.621460611768222	0.0	1141971	3378.53938823	2.85
25813.459622415143	2850	4.463478811308795	0.0	1498470	4157.98180046	2.85
25817.93812477089	2850	4.0	0.015023544438473436	1561263	4478.50235575	2.7853987589145643
25820.986430802644	2850	4.951693968245986	0.0	1341201	3048.30603175	2.85
25825.159559620395	2850	4.77856515049372	0.0	1497683	4173.12881775	2.85
25828.672746864875	2850	5.265377906015563	0.0	1358081	3513.18724448	2.85
25832.717149844986	2850	5.220974925902243	0.0	1587293	4044.40298011	2.85
25836.999844676844	2850	4.938280094042808	0.0	1492672	4282.69483186	2.85
25841.679956137068	2850	4.258168633818564	0.0	1439896	4680.11146022	2.85
25846.063775631374	2850	4.0	0.1256508604854289	1139291	4383.8194943	2.309701299912656
25853.578407773195	2850	4.0	3.514632141823843	1499009	7514.63214182	-12.262918209842525
25860.222099509563	2850	4.0	2.6436917363668497	1427478	6643.69173637	-8.517874466377453
25865.859043459088	2850	4.0	1.6369439495253337	1402287	5636.94394953	-4.188858982958935
25871.495766648008	2850	4.0	1.6367231889224267	1339500	5636.72318892	-4.187909712366434
25881.26404589502	2850	4.0	5.768279247007027	1527299	9768.27924701	-21.953600762130215
25889.79109208248	2850	4.0	4.527046187458661	1343002	8527.04618746	-16.61629860607224
25902.295740497026	2850	4.0	8.504648414549143	1587250	12504.6484145	-33.71998818256131
25912.91926204478	2850	4.0	6.623521547754619	1464921	10623.5215478	-25.63114265534486
25917.81490334067	2850	4.0	0.8956412958918963	1483527	4895.64129589	-1.0012575723351542
25925.958603903535	2850	4.0	4.143700562866217	1231456	8143.70056287	-14.967912420324732
25932.376635041575	2850	4.0	2.4180311380391175	1364537	6418.03113804	-7.547533893568206

