21168.794288561516	750	4.0	3.8635903273045304	450283	3863.5903273	-15.863438407409479
21180.33311019556	2850	4.0	7.538821634042711	1431809	11538.821634	-31.66693302638366
21190.631008116125	2850	4.0	6.297897920566655	1300868	10297.8979206	-24.230961058436613
21205.22371309361	2850	4.0	10.592704977480723	1520281	14592.7049775	-42.698631403167106
21238.23544689823	2850	4.0	29.011733804620576	1472558	33011.7338046	-121.90045535986847
21259.85569415515	2850	4.0	17.62024725692012	1224260	21620.2472569	-72.91706320475652
21293.918217900777	2850	4.0	30.062523745627754	1388403	34062.5237456	-126.41885210619935
21327.772471159737	2850	4.0	29.854253258962395	1638769	33854.253259	-125.52328901353829
21347.71480034551	2850	4.0	15.942329185772232	1348011	19942.3291858	-65.7020154988206
21358.794645018465	2850	4.0	7.079844672956269	1429765	11079.844673	-27.593332093711954
21371.58068920337	2850	4.0	8.786044184903103	1354548	12786.0441849	-34.92998999508334
21393.210392368073	2850	4.0	17.62970316470282	1519951	21629.7031647	-72.95772360822214
21408.40892805739	2850	4.0	11.198535689318193	1422919	15198.5356893	-45.30370346406823
21425.202193703644	2850	4.0	12.793265646251813	1578343	16793.2656463	-52.16104227888279
21437.351035436335	2850	4.0	8.148841732690215	1231445	12148.8417327	-32.190019450567924
21448.464947003107	2850	4.0	7.113911566772736	1471065	11113.9115668	-27.73981973712276
21462.323267972228	2850	4.0	9.85832096912125	1491626	13858.3209691	-39.54078016722137
21474.216048501046	2850	4.0	7.892780528818725	1358801	11892.7805288	-31.088956273920516
21487.64604404406	2850	4.0	9.42999554301441	1537156	13429.995543	-37.69898083496196
21498.05367428665	2850	4.0	6.407630242590618	1336050	10407.6302426	-24.702810043139653
21510.175242774832	2850	4.0	8.121568488183923	1415116	12121.5684882	-32.07274449919087
21528.516628485264	2850	4.0	14.341385710428996	1468126	18341.3857104	-58.81795855484468
21565.138100947435	2850	4.0	32.621472462172065	1505760	36621.4724622	-137.42233158733987
21586.64311278349	2850	4.0	17.505011836056088	1323990	21505.0118361	-72.42155089504118
21619.448334480236	2850	4.0	28.80522169674722	1383735	32805.2216967	-121.01245329601305
21647.90944461186	2850	4.0	24.461110131625365	1480464	28461.1101316	-102.33277356598907
21667.42435733214	2850	4.0	15.514912720276284	1547572	19514.9127203	-63.86412469718801
21676.44798771025	2850	4.0	5.023630378107211	1141971	9023.63037811	-18.751610625861005
21691.24531079582	2850	4.0	10.797323085570758	1498470	14797.3230856	-43.578489267954254
21714.04738012221	2850	4.0	18.80206932638981	1561263	22802.0693264	-77.99889810347618
21727.20890932176	2850	4.0	9.161529199548932	1341201	13161.5291995	-36.5445755580604
21743.542478156018	2850	4.0	12.333568834259166	1497683	16333.5688343	-50.18434598731441
21755.52967043106	2850	4.0	7.987192275038229	1358081	11987.192275	-31.49492678266438
21768.543595893127	2850	4.0	9.013925462066418	1587293	13013.9254621	-35.90987948688559
21782.5011793211	2850	4.0	9.957583427977502	1492672	13957.583428	-39.967608740303255
21795.10987134073	2850	4.0	8.60869201962554	1439896	12608.6920196	-34.16737568438982
21804.490158076325	2850	4.0	5.38028673559454	1139291	9380.28673559	-20.28523296305652
21816.196952192007	2850	4.0	7.7067941156850575	1499009	11706.7941157	-30.289214697445743
21828.91231986943	2850	4.0	8.71536767742203	1427478	12715.3676774	-34.626081012914725
21851.67566646722	2850	4.0	18.763346597790612	1402287	22763.3465978	-77.83239037049964
21883.842749485826	2850	4.0	28.16708301860445	1339500	32167.0830186	-118.26845697999914
21911.589804489595	2850	4.0	23.747055003771035	1527299	27747.0550038	-99.26233651621546
21941.18994932834	2850	4.0	25.600144838747724	1343002	29600.1448387	-107.23062280661522
21971.150736444622	2850	4.0	25.960787116281477	1587250	29960.7871163	-108.78138460001036
21985.388903031635	2850	4.0	10.238166587014652	1464921	14238.166587	-41.174116324163
21998.39026756563	2850	4.0	9.001364533994382	1483527	13001.364534	-35.85586749617584
22014.36921096099	2850	4.0	11.978943395360835	1231456	15978.9433954	-48.659456600051584
22031.719632475524	2850	4.0	13.350421514533492	1364537	17350.4215145	-54.55681251249401

