15053.24975378778	750	4.0	6.819045761582508	450283	6819.045761582508	-28.571896774804785
15055.196729454894	300	6.053024332886424	0.0	155580	1946.975667113577	-0.15000000000000002
15056.7318466592	300	8.517907128580475	0.0	139857	1535.1172043059482	0.3
15058.409808403045	300	10.83994538473521	0.0	155432	1677.9617438452651	0.3
15060.282140052324	300	12.967613735456158	0.0	163442	1872.3316492790518	0.3
15061.35444671588	300	15.895307071900806	0.0	126289	1072.3066635553523	0.3
15063.847439827814	750	17.40231395996645	0.0	352642	2492.9931119343564	0.3
15065.845753904987	750	19.403999882794817	0.0	437162	1998.3140771716319	0.75
15067.304999025337	750	21.944754762445132	0.0	374758	1459.2451203496876	0.75
15070.202499851603	1200	23.047253936179246	0.0	560821	2897.50082626589	0.75
15073.036096505593	1200	24.21365728218943	0.0	607410	2833.596653989816	1.2
15076.886715462673	1850	24.363038325110413	0.0	917428	3850.6189570790157	1.2000000000000002
15080.669867902816	1850	24.579885884968938	0.0	946851	3783.152440141475	1.85
15085.102574410108	1850	24.14717937767585	0.0	1036454	4432.706507293088	1.85
15088.688938860825	1850	24.560814926960173	0.0	821631	3586.364450715675	1.85
15095.480373233155	2850	21.76938055462966	0.0	1471065	6791.434372330515	1.85
15114.87566124308	2850	6.374092544702337	0.0	1491626	19395.288009927324	2.85
15115.641332693625	300	9.608421094157407	0.0	150616	765.6714505449288	-2.25
15117.131206101678	300	12.118547686105119	0.0	165384	1489.873408052288	0.3
15119.703121793375	300	13.546631994409092	0.0	140881	2571.9156916960274	0.3
15122.273018672327	300	14.97673511545729	0.0	157671	2569.896878951803	0.3
15124.378581622224	300	16.871172165559965	0.0	157812	2105.562949897326	0.3
15126.226111816877	300	19.023641970905935	0.0	163927	1847.530194654029	0.3
15127.630842750652	300	21.618911037131756	0.0	137654	1404.7309337741792	0.3
15129.527625496088	300	23.722128291695643	0.0	146754	1896.7827454361109	0.3
15132.421925047207	750	24.827828740575512	0.0	379700	2894.2995511201343	0.3
15134.829244357212	750	26.420509430571503	0.0	425781	2407.3193100040075	0.75
15136.68796715137	1200	28.561786636413604	0.0	487160	1858.7227941578992	0.75
15139.84719358584	1200	29.40256020194401	0.0	622896	3159.2264344695946	1.2
15142.825964222597	1200	30.423789565185658	0.0	641447	2978.7706367583514	1.2
15146.479906507691	1850	30.7698472800908	0.0	873429	3653.942285094855	1.2000000000000002
15150.299392445808	1850	30.950361341974762	0.0	954453	3819.4859381160377	1.85
15154.112421004447	1850	31.137332783334493	0.0	885062	3813.028558640273	1.85
15160.85787270897	2850	28.391881078811075	0.0	1587293	6745.451704523418	1.85
15176.40221840945	2850	16.847535378330647	0.0	1492672	15544.345700480424	2.85
15182.807023376376	1200	14.442730411405835	0.0	598727	6404.804966924814	-0.44999999999999996
15184.861005521749	750	16.388748266032277	0.0	321064	2053.982145373557	0.3
15188.761039907053	750	16.488713880727474	0.0	361565	3900.034385304803	0.75
15194.268775857521	750	14.980977930260128	0.0	378327	5507.735950467348	0.75
15198.580557947915	750	14.669195839866685	0.0	390680	4311.782090393443	0.75
15201.336421076427	750	15.913332711354752	0.0	345516	2755.863128511933	0.75
15203.71926311176	750	17.530490676021834	0.0	384505	2382.842035332919	0.75
15205.162241396927	750	20.08751239085359	0.0	372093	1442.9782851682453	0.75
15207.019906788722	750	22.22984699905903	0.0	438281	1857.6653917945591	0.75
15209.22882874147	750	24.020925046310634	0.0	398987	2208.9219527483992	0.75
15212.192038809282	1200	25.05771497849803	0.0	638661	2963.210067812605	0.75
15217.250123868698	2850	23.999629919082626	0.0	1231456	5058.0850594154035	1.2000000000000002
15226.30871735508	4300	18.94103643270025	0.0	2155012	9058.593486382375	2.8499999999999996

