10592.300911304907	750	4.0	2.009934342455404	450283	2009.9343424554038	-7.892717672558236
10597.351828225474	1200	4.0	1.0509169205671534	611087	5050.916920567153	-3.768942758438759
10600.071999997203	300	5.2798282282710725	0.0	139857	2720.1717717289275	-0.6000000000000001
10601.048783771581	300	8.303044453892367	0.0	155432	976.7837743787054	0.3
10602.273690442144	300	11.07813778332966	0.0	163442	1224.9066705627065	0.3
10603.378757211196	300	13.973071014276549	0.0	126289	1105.0667690531113	0.3
10604.49930560238	300	16.852522623093563	0.0	153295	1120.5483911829872	0.3
10605.462979939552	300	19.888848285920808	0.0	173849	963.6743371727513	0.3
10607.290649689732	750	22.06117853574162	0.0	374758	1827.6697501791843	0.3
10609.818146687876	1200	23.533681537597968	0.0	560821	2527.4969981436548	0.75
10612.191377126326	1200	25.16045109914709	0.0	607410	2373.2304384508793	1.2
10614.694396028726	1200	26.657432196747926	0.0	594078	2503.018902399162	1.2
10618.815994452574	1850	26.535833772900606	0.0	946851	4121.598423847322	1.2000000000000002
10623.132084349669	1850	26.219743875805214	0.0	1036454	4316.0898970953895	1.85
10628.280100371567	2850	25.071727853907806	0.0	1231445	5148.016021897408	1.85
10634.180448427001	2850	23.171379798473513	0.0	1471065	5900.348055434294	2.85
10640.227549288127	2850	21.124278937346965	0.0	1491626	6047.1008611265515	2.85
10645.65106546202	2850	19.700762763454616	0.0	1358801	5423.516173892347	2.85
10651.913119163228	2850	17.438709062245465	0.0	1537156	6262.053701209152	2.85
10658.957511119488	2850	14.394317105984845	0.0	1336050	7044.391956260619	2.85
10670.807759564646	2850	6.544068660827002	0.0	1415116	11850.248445157842	2.85
10673.804575080565	1200	7.547253144907536	0.0	616206	2996.815515919466	-0.44999999999999996
10677.118943966545	1200	8.232884258926832	0.0	656471	3314.368885980704	1.2
10680.350101049653	1200	9.001727175819045	0.0	536667	3231.1570831077865	1.2
10683.215237482456	1200	10.136590743014418	0.0	587236	2865.1364328046284	1.2
10686.513727310214	1200	10.838100915256668	0.0	590335	3298.48982775775	1.2
10690.451736991577	1200	10.900091233893859	0.0	696376	3938.00968136281	1.2
10693.201086427996	1200	12.150741797475085	0.0	487160	2749.349436418774	1.2
10697.274951737441	1200	12.076876488030026	0.0	622896	4073.865309445059	1.2
10701.380559295882	1200	11.97126892958922	0.0	641447	4105.607558440806	1.2
10704.254725736411	1200	13.09710248905884	0.0	570392	2874.16644053038	1.2
10708.237701399068	1850	13.114126826403131	0.0	954453	3982.9756626557078	1.2000000000000002
10711.984450851654	1850	13.36737737381677	0.0	885062	3746.7494525863603	1.85
10717.374913347508	1850	11.97691487796265	0.0	1035329	5390.462495854121	1.85
10723.828336075017	1850	9.523492150454512	0.0	1026056	6453.422727508138	1.85
10729.02191050173	1850	8.329917723742064	0.0	943942	5193.574426712448	1.85
10732.944334421543	1850	8.407493803928535	0.0	728962	3922.423919813529	1.85
10741.206698566059	1850	4.145129659412824	0.0	938587	8262.364144515712	1.85
10746.742930045653	750	4.0	1.391101820181978	378327	5536.231479594801	-6.331737826782506
10748.164464468591	300	6.578465577062827	0.0	149991	1421.534422937173	-0.15000000000000002
10749.205191758769	300	9.537738286884954	0.0	147968	1040.7272901778729	0.3
10750.21046504506	300	12.532465000593456	0.0	161857	1005.2732862914974	0.3
10751.004380136279	300	15.73854990937454	0.0	145210	793.9150912189174	0.3
10751.955549110102	300	18.787380935551532	0.0	172312	951.1689738230054	0.3
10754.24813436403	750	20.494795681623636	0.0	398987	2292.5852539278953	0.3
10758.416465595186	1200	20.326464450466364	0.0	638661	4168.331231157274	0.75
10766.673070669412	2850	16.069859376238917	0.0	1231456	8256.605074227447	1.2000000000000002
10779.24129843149	2850	7.501631614159835	0.0	1364537	12568.227762079081	2.85

