61303.89564306068	750	4.0	7.528019682657206	450283	7528.01968266	-31.62048463542598
61325.97170871359	2850	4.0	18.076065652905367	1431809	22076.0656529	-76.97708230749308
61339.23968890086	2850	4.0	9.267980187276649	1300868	13267.9801873	-37.002314805289586
61358.42667733527	2850	4.0	15.186988434414085	1520281	19186.9884344	-62.454050267980556
61376.84037491111	2850	4.0	14.413697575834165	1472558	18413.6975758	-59.12889957608691
61391.03536044722	2850	4.0	10.194985536110686	1224260	14194.9855361	-40.98843780527594
61406.71472405917	2850	4.0	11.679363611950459	1388403	15679.363612	-47.371263531386965
61424.98357595585	2850	4.0	14.268851896674521	1638769	18268.8518967	-58.50606315570044
61438.99750829392	2850	4.0	10.013932338071672	1348011	14013.9323381	-40.20990905370819
61452.7413730645	2850	4.0	9.743864770574897	1429765	13743.8647706	-39.04861851347205
61464.10789770635	2850	4.0	7.366524641853399	1354548	11366.5246419	-28.82605595996961
61476.71942896674	2850	4.0	8.611531260384375	1519951	12611.5312604	-34.179584419652805
61499.10931312238	2850	4.0	18.38988415564857	1422919	22389.8841556	-76.22650186928885
61517.66892529931	2850	4.0	14.559612176927963	1578343	18559.6121769	-59.75633236079024
61526.428886546724	2850	4.0	4.759961247413206	1231445	8759.96124741	-17.617833363876784
61537.53731338469	2850	4.0	7.108426837967458	1471065	11108.426838	-27.716235403260065
61550.35432013098	2850	4.0	8.817006746294963	1491626	12817.0067463	-35.06312900906834
61561.66907496655	2850	4.0	7.314754835570011	1358801	11314.7548356	-28.603445792951046
61574.48078627421	2850	4.0	8.811711307659866	1537156	12811.7113077	-35.040358622937426
61594.00504396529	2850	4.0	15.524257691081676	1336050	19524.2576911	-63.90430807165121
61615.05095384741	2850	4.0	17.045909882115506	1415116	21045.9098821	-70.44741249309668
61634.3717275007	2850	4.0	15.320773653290027	1468126	19320.7736533	-63.02932670914711
61650.84133005531	2850	4.0	12.469602554601806	1505760	16469.6025546	-50.769290984787766
61669.38464247006	2850	4.0	14.543312414761509	1323990	18543.3124148	-59.68624338347448
61685.090713393714	2850	4.0	11.706070923654734	1383735	15706.0709237	-47.48610497171535
61702.49927114931	2850	4.0	13.408557755588426	1480464	17408.5577556	-54.806798349030224
61720.53919499141	2850	4.0	14.039923842101524	1547572	18039.9238421	-57.52167252103655
61731.85089305737	2850	4.0	7.311698065968599	1141971	11311.698066	-28.590301683664975
61746.56523588959	2850	4.0	10.714342832212967	1498470	14714.3428322	-43.221674178515755
61762.14067103243	2850	4.0	11.575435142836762	1561263	15575.4351428	-46.924371114198074
61771.676947840366	2850	4.0	5.536276807932494	1341201	9536.27680793	-20.955990274109723
61790.309147045264	2850	4.0	14.63219920489878	1497683	18632.1992049	-60.06845658106475
61810.69695112482	2850	4.0	16.38780407955546	1358081	20387.8040796	-67.61755754208848
61824.72575939691	2850	4.0	10.028808272093993	1587293	14028.8082721	-40.273875570004165
61835.2325269988	2850	4.0	6.506767601890873	1492672	10506.7676019	-25.12910068813075
61847.89577260837	2850	4.0	8.663245609562882	1439896	12663.2456096	-34.40195612112039
61857.060051585795	2850	4.0	5.164278977426551	1139291	9164.27897743	-19.356399602934165
61869.52316104488	2850	4.0	8.463109459084535	1499009	12463.1094591	-33.5413706740635
61882.27931177325	2850	4.0	8.756150728370438	1427478	12756.1507284	-34.80144813199288
61903.689285975146	2850	4.0	17.409974201892602	1402287	21409.9742019	-72.0128890681382
61926.33116820833	2850	4.0	18.641882233184003	1339500	22641.8822332	-77.31009360269121
61942.8559473779	2850	4.0	12.524779169574199	1527299	16524.7791696	-51.00655042916905
61958.69059813623	2850	4.0	11.834650758322402	1343002	15834.6507583	-48.03899826078633
61979.484037636736	2850	4.0	16.793439500504125	1587250	20793.4395005	-69.36178985216773
61996.57981150043	2850	4.0	13.09577386369407	1464921	17095.7738637	-53.4618276138845
62013.41266339766	2850	4.0	12.832851897235866	1483527	16832.8518972	-52.33126315811422
62027.25740065449	2850	4.0	9.84473725682813	1231456	13844.7372568	-39.48237020436096
62041.811196540926	2850	4.0	10.553795886438449	1364537	14553.7958864	-42.53132231168533

