28898.84348189682	750	4.0	4.955564253110452	450283	4955.56425311	-20.55892628837494
28936.021029569147	2850	4.0	33.17754767232259	1431809	37177.5476723	-141.91345499098713
28956.36030372709	2850	4.0	16.339274157946157	1300868	20339.2741579	-67.40887887916848
28969.33463714593	2850	4.0	8.97433341884054	1520281	12974.3334188	-35.73963370101432
28996.798374897644	2850	4.0	23.463737751714643	1472558	27463.7377517	-98.04407233237296
29009.817813366182	2850	4.0	9.019438468536961	1224260	13019.4384685	-35.93358541470893
29019.29923618894	2850	4.0	5.481422822758988	1388403	9481.42282276	-20.720118137863647
29033.69802962226	2850	4.0	10.398793433318895	1638769	14398.7934333	-41.86481176327125
29042.543290653604	2850	4.0	4.845261031343835	1348011	8845.26103134	-17.984622434778487
29052.104131047563	2850	4.0	5.560840393957252	1429765	9560.84039396	-21.061613694016184
29066.55597102953	2850	4.0	10.451839981969467	1354548	14451.839982	-42.09291192246871
29085.000650183414	2850	4.0	14.444679153883728	1519951	18444.6791539	-59.26212036170003
29097.63209127858	2850	4.0	8.631441095168224	1422919	12631.4410952	-34.26519670922336
29117.651975814046	2850	4.0	16.01988453546127	1578343	20019.8845355	-66.03550350248346
29130.84157560777	2850	4.0	9.189599793723183	1231445	13189.5997937	-36.66527911300968
29144.374994716392	2850	4.0	9.53341910862226	1471065	13533.4191086	-38.143702167075716
29166.086916665376	2850	4.0	17.711921948982404	1491626	21711.921949	-73.31126438062434
29182.153739421916	2850	4.0	12.066822756539702	1358801	16066.8227565	-49.03733785312072
29197.2256330479	2850	4.0	11.071893625987542	1537156	15071.893626	-44.759142591746425
29221.92116326791	2850	4.0	20.69553022001018	1336050	24695.53022	-86.14077994604378
29253.606216131742	2850	4.0	27.685052863832404	1415116	31685.0528638	-116.19572731447934
29268.740783799567	2850	4.0	11.134567667823898	1468126	15134.5676678	-45.02864097164276
29291.396637286336	2850	4.0	18.655853486767118	1505760	22655.8534868	-77.37016999309861
29310.117239114916	2850	4.0	14.720601828579369	1323990	18720.6018286	-60.44858786289128
29320.3344535999	2850	4.0	6.217214484987504	1383735	10217.214485	-23.884022285446264
29334.455446877746	2850	4.0	10.120993277846246	1480464	14120.9932778	-40.67027109473885
29343.844533917265	2850	4.0	5.3890870395167205	1547572	9389.08703952	-20.323074269921896
29351.84744032065	2850	4.0	4.002906403385222	1141971	8002.90640339	-14.362497534556455
29361.32399068723	2850	4.0	5.476550366580872	1498470	9476.55036658	-20.699166576297745
29384.22857717771	2850	4.0	18.90458649048382	1561263	22904.5864905	-78.43972190908042
29395.43091355407	2850	4.0	7.202336376360934	1341201	11202.3363764	-28.120046418352015
29413.826660181858	2850	4.0	14.395746627786506	1497683	18395.7466278	-59.05171049948197
29429.778211091696	2850	4.0	11.951550909841101	1358081	15951.5509098	-48.54166891231673
29444.20811398795	2850	4.0	10.429902896250912	1587293	14429.9028963	-41.99858245387892
29462.024410293972	2850	4.0	13.81629630602364	1492672	17816.296306	-56.56007411590165
29482.609408233162	2850	4.0	16.584997939189176	1439896	20584.9979392	-68.46549113851346
29494.29339976343	2850	4.0	7.683991530267743	1139291	11683.9915303	-30.19116358015129
29509.65139277238	2850	4.0	11.35799300895014	1499009	15357.993009	-45.9893699384856
29548.797821142685	2850	4.0	35.146428370303276	1427478	39146.4283703	-148.27964199230408
29566.926749297854	2850	4.0	14.128928155169655	1402287	18128.9281552	-57.90439106722951
29578.48838453849	2850	4.0	7.56163524063775	1339500	11561.6352406	-29.66503153474232
29606.822401242403	2850	4.0	24.334016703915772	1527299	28334.0167039	-101.78627182683782
29620.172873968208	2850	4.0	9.350472725800369	1343002	13350.4727258	-37.35703272094158
29634.921980283812	2850	4.0	10.749106315606772	1587250	14749.1063156	-43.37115715710912
29643.77777394157	2850	4.0	4.855793657757009	1464921	8855.79365776	-18.029912728355136
29653.950329319818	2850	4.0	6.172555378245972	1483527	10172.5553782	-23.69198812645768
29661.977911136564	2850	4.0	4.027581816746045	1231456	8027.58181675	-14.468601812007991
29677.980824238122	2850	4.0	12.002913101558615	1364537	16002.9131016	-48.762526336702045

