16938.793644489342	750	4.0	4.782926972877741	450283	4782.926972877741	-19.816585983374285
16940.53892872548	300	6.254715763859471	0.0	155580	1745.2842361405292	-0.15000000000000002
16942.5016758436	300	8.291968645740148	0.0	139857	1962.7471181193237	0.3
16944.63943542599	300	10.154209063352807	0.0	155432	2137.75958238734	0.3
16946.515731762436	300	12.277912726907294	0.0	163442	1876.2963364455136	0.3
16947.631057225626	300	15.162587263716606	0.0	126289	1115.3254631906873	0.3
16950.388884978787	750	16.40475951055643	0.0	352642	2757.8277531601734	0.3
16954.26905160833	750	16.524592881010534	0.0	437162	3880.166629545899	0.75
16957.554758262486	750	17.23888622685727	0.0	374758	3285.7066541532604	0.75
16962.117458716635	750	16.676185772706514	0.0	362795	4562.700454150756	0.75
16968.211889872153	750	14.58175461719047	0.0	353220	6094.431155516046	0.75
16971.5581387454	750	15.235505743940994	0.0	405134	3346.248873249474	0.75
16974.467727642554	750	16.32591684678832	0.0	386351	2909.5888971526733	0.75
16977.62507993486	750	17.168564554481847	0.0	434409	3157.352292306476	0.75
16980.046535329202	750	18.747109160143957	0.0	337059	2421.455394337889	0.75
16983.066180965496	750	19.727463523850552	0.0	366214	3019.645636293406	0.75
16985.897578815122	750	20.89606567422368	0.0	360831	2831.39784962687	0.75
16988.94335965996	750	21.850284829385117	0.0	372963	3045.7808448385645	0.75
16994.931082583065	750	19.862561906278724	0.0	405596	5987.722923106394	0.75
16997.501556537565	750	21.292087951778818	0.0	350713	2570.473954499908	0.75
17000.927845789425	750	21.86579869991733	0.0	386472	3426.289251861487	0.75
17004.382510474235	750	22.41113401510761	0.0	399894	3454.664684809718	0.75
17009.37544218451	750	21.418202304830118	0.0	401853	4992.931710277495	0.75
17015.753996873016	750	19.039647616325507	0.0	343800	6378.554688504609	0.75
17021.767135065766	750	17.026509423577675	0.0	359903	6013.138192747832	0.75
17024.93211562051	750	17.861528868827534	0.0	379700	3164.9805547501373	0.75
17028.547864516724	750	18.245779972616877	0.0	425781	3615.748896210657	0.75
17031.23122641405	750	19.562418075291603	0.0	277716	2683.3618973252733	0.75
17034.857613989214	750	19.936030500125717	0.0	400396	3626.387575165886	0.75
17040.512685816357	750	18.280958672985534	0.0	400508	5655.071827140186	0.75
17046.331222093406	750	16.462422395933128	0.0	358218	5818.536277052406	0.75
17056.903428683123	750	9.89021580621568	0.0	400322	10572.206589717449	0.75
17059.85915468057	300	10.934489808770836	0.0	143881	2955.725997444843	-0.15000000000000002
17063.205883157065	300	11.58776133227724	0.0	163444	3346.728476493595	0.3
17068.16839337121	300	10.625251118132411	0.0	179328	4962.510214144831	0.3
17071.768864860594	300	11.024779628746554	0.0	159914	3600.4714893858577	0.3
17073.231287829753	300	13.562356659586552	0.0	131610	1462.422969160001	0.3
17074.122002970216	300	16.67164151912546	0.0	124011	890.7151404610925	0.3
17075.071393357353	300	19.72225113198405	0.0	144254	949.3903871414087	0.3
17075.999586318758	300	22.794058170582723	0.0	149991	928.1929614013235	0.3
17078.18560927416	750	24.60803521518356	0.0	345516	2186.0229553991667	0.3
17081.393059950988	1200	25.400584538349566	0.0	641452	3207.4506768339934	0.75
17084.521244646043	1200	26.27239984329515	0.0	599477	3128.184695054412	1.2
17087.705365130107	1200	27.088279359231134	0.0	634861	3184.120484064016	1.2
17091.61802070672	1200	27.175623782620182	0.0	630203	3912.6555766109504	1.2
17101.521614563313	2850	21.27202992602948	0.0	1483527	9903.593856590707	1.2000000000000002
17108.164072710704	2850	18.629571778637974	0.0	1231456	6642.458147391501	2.85
17120.772257639976	4300	10.021386849366882	0.0	2155012	12608.184929271094	2.8499999999999996

