16442.2175171	750	4.0	0.8872836624630916	450283	887.283662463	-3.065319748591294
16445.1457543	2850	5.071762815599823	0.0	1431809	2928.2371844	0.75
16448.0033911	2850	6.214126055924995	0.0	1300868	2857.63675967	2.85
16450.9791174	2850	7.238399751729088	0.0	1520281	2975.7263042	2.85
16453.9193024	2850	8.298214742894965	0.0	1472558	2940.18500883	2.85
16456.7474226	2850	9.470094564351333	0.0	1224260	2828.12017854	2.85
16459.8259177	2850	10.391599463322363	0.0	1388403	3078.49510103	2.85
16463.618722	2850	10.598795161497923	0.0	1638769	3792.80430182	2.85
16466.8664505	2850	11.35106665073225	0.0	1348011	3247.72851077	2.85
16470.524875	2850	11.692642186436807	0.0	1429765	3658.4244643	2.85
16473.8814977	2850	12.336019457202077	0.0	1354548	3356.62272923	2.85
16477.222759	2850	12.994758130922493	0.0	1519951	3341.26132628	2.85
16489.5620792	2850	4.655437947434371	0.0	1422919	12339.3201835	2.85
16502.415304	2850	4.0	8.197786898716906	1578343	12853.2248462	-32.40048366448269
16505.6981699	2850	4.717134115440706	0.0	1231445	3282.86588456	2.85
16510.2058994	2850	4.209404655823462	0.0	1471065	4507.72945962	2.85
16514.3245463	2850	4.090757729375629	0.0	1491626	4118.64692645	2.85
16518.3732431	2850	4.042060959891327	0.0	1358801	4048.69676948	2.85
16525.5914912	2850	4.0	3.1761872010040406	1537156	7218.2481609	-10.807604964317374
16531.2273273	2850	4.0	1.6358360582831046	1336050	5635.83605828	-4.1840950506173495
16535.2616277	2850	4.0	0.03430040845892608	1415116	4034.30040846	2.702508243626618
16540.8311092	2850	4.0	1.569481509825182	1468126	5569.48150983	-3.8987704922482824
16545.8642151	2850	4.0	1.033105852495988	1505760	5033.1058525	-1.5923551657327484
16550.8739596	2850	4.0	1.0097445657333501	1323990	5009.74456573	-1.4919016326534051
16554.2536555	2850	4.6203041826714095	0.0	1383735	3379.69581733	2.85
16557.8211433	2850	5.052816381719501	0.0	1480464	3567.48780095	2.85
16561.2804388	2850	5.593520859824226	0.0	1547572	3459.2955219	2.85
16563.8648731	2850	7.009086539003571	0.0	1141971	2584.43432082	2.85
16567.3352753	2850	7.538684309622835	0.0	1498470	3470.40222938	2.85
16571.0587654	2850	7.8151941931674065	0.0	1561263	3723.49011646	2.85
16574.1259335	2850	8.748026125736404	0.0	1341201	3067.16806743	2.85
16577.5448901	2850	9.329069509641347	0.0	1497683	3418.9566161	2.85
16580.4885392	2850	10.385420441074494	0.0	1358081	2943.64906857	2.85
16584.1238007	2850	10.750158931584625	0.0	1587293	3635.26150949	2.85
16587.3840399	2850	11.48991974797446	0.0	1492672	3260.23918361	2.85
16590.5886966	2850	12.285263062597265	0.0	1439896	3204.65668538	2.85
16593.1808924	2850	13.693067198459287	0.0	1139291	2592.19586414	2.85
16597.7884749	2850	13.085484717078696	0.0	1499009	4607.58248138	2.85
16601.3017934	2850	13.572166286436897	0.0	1427478	3513.31843064	2.85
16604.3521241	2850	14.521835580159081	0.0	1402287	3050.33070628	2.85
16607.1183641	2850	15.755595511440388	0.0	1339500	2766.24006872	2.85
16610.0273889	2850	16.84657075779853	0.0	1527299	2909.02475364	2.85
16613.1083781	2850	17.765581493243786	0.0	1343002	3080.98926455	2.85
16616.5170172	2850	18.356942426637893	0.0	1587250	3408.63906661	2.85
16619.7800499	2850	19.093909696971597	0.0	1464921	3263.03272967	2.85
16623.5028495	2850	19.37111016798427	0.0	1483527	3722.79952899	2.85
16626.4037615	2850	20.47019812138505	0.0	1231456	2900.9120466	2.85
16629.9803899	2850	20.893569709661705	0.0	1364537	3576.62841172	2.85

