32777.94417501196	750	4.0	4.799754461958953	450283	4799.75446196	-19.888944186423497
32796.50444412682	2850	4.0	14.560269114858889	1431809	18560.2691149	-61.85915719389322
32814.87318396512	2850	4.0	14.36873983830648	1300868	18368.7398383	-58.93558130471786
32842.05406698112	2850	4.0	23.180883015996137	1520281	27180.883016	-96.82779696878339
32859.12007448703	2850	4.0	13.066007505908347	1472558	17066.0075059	-53.33383227540589
32872.11603637837	2850	4.0	8.995961891336902	1224260	12995.9618913	-35.832636132748675
32891.16155272508	2850	4.0	15.045516346713994	1388403	19045.5163467	-61.84572029087017
32910.58114697717	2850	4.0	15.41959425208989	1638769	19419.5942521	-63.45425528398652
32930.9607190238	2850	4.0	16.37957204663016	1348011	20379.5720466	-67.58215980050969
32943.76833165484	2850	4.0	8.80761263103936	1429765	12807.612631	-35.02273431346924
32955.01056142457	2850	4.0	7.242229769726415	1354548	11242.2297697	-28.29158800982358
32970.794744505765	2850	4.0	11.784183081198481	1519951	15784.1830812	-47.821987249153466
32985.721279736965	2850	4.0	10.926535231196056	1422919	14926.5352312	-44.13410149414304
32999.48549734717	2850	4.0	9.764217610201301	1578343	13764.2176102	-39.13613572386559
33008.286598085826	2850	4.0	4.8011007386623	1231445	8801.10073866	-17.794733176247888
33020.20183984649	2850	4.0	7.915241760663583	1471065	11915.2417607	-31.1855395708534
33034.33404956221	2850	4.0	10.132209715715481	1491626	14132.2097157	-40.71850177757656
33049.500957495635	2850	4.0	11.166907933430243	1358801	15166.9079334	-45.16770411375004
33070.1232769181	2850	4.0	16.622319422463136	1537156	20622.3194225	-68.62597351659149
33080.57006139073	2850	4.0	6.446784472634094	1336050	10446.7844726	-24.8711732323266
33091.30656279528	2850	4.0	6.7365014045461065	1415116	10736.5014045	-26.116956039548256
33107.001781585175	2850	4.0	11.695218789892703	1468126	15695.2187899	-47.43944079653862
33130.269565949886	2850	4.0	19.267784364711343	1505760	23267.7843647	-80.00147276825878
33153.91726277565	2850	4.0	19.647696825761255	1323990	23647.6968258	-81.6350963507734
33171.27410853554	2850	4.0	13.356845759889858	1383735	17356.8457599	-54.584436767526384
33187.148673594136	2850	4.0	11.874565058599204	1480464	15874.5650586	-48.210629751976576
33208.34965246812	2850	4.0	17.200978873980763	1547572	21200.978874	-71.11420915811728
33220.00896844187	2850	4.0	7.659315973754526	1141971	11659.3159738	-30.08505868714446
33243.586773181356	2850	4.0	19.5778047394813	1498470	23577.8047395	-81.3345603797696
33258.42301041384	2850	4.0	10.836237232485269	1561263	14836.2372325	-43.745820099686654
33269.52925206683	2850	4.0	7.106241652991759	1341201	11106.241653	-27.70683910786456
33284.70381008087	2850	4.0	11.174558014038235	1497683	15174.558014	-45.20059946036441
33299.7163388577	2850	4.0	11.012528776831779	1358081	15012.5287768	-44.50387374037665
33313.47831906753	2850	4.0	9.76198020982705	1587293	13761.9802098	-39.12651490225631
33324.12595268467	2850	4.0	6.647633617142057	1492672	10647.6336171	-25.734824553710844
33335.955195299786	2850	4.0	7.829242615116888	1439896	11829.2426151	-30.815743245002615
33346.44213063912	2850	4.0	6.486935339330674	1139291	10486.9353393	-25.043821959121896
33363.323216502955	2850	4.0	12.881085863836772	1499009	16881.0858638	-52.538669214498114
33382.661090217356	2850	4.0	15.337873714397404	1427478	19337.8737144	-63.10285697190883
33393.70622122811	2850	4.0	7.04513101075104	1402287	11045.1310108	-27.444063346229466
33403.289164641435	2850	4.0	5.582943413327054	1339500	9582.94341333	-21.15665667730633
33417.89504367635	2850	4.0	10.60587903491216	1527299	14605.8790349	-42.755279850122285
33440.51443850143	2850	4.0	18.619394825082473	1343002	22619.3948251	-77.21339774785464
33467.354583870554	2850	4.0	22.84014536912776	1587250	26840.1453691	-95.36262508724937
33486.18339978229	2850	4.0	14.82881591173797	1464921	18828.8159117	-60.91390842047326
33502.13305035588	2850	4.0	11.949650573589286	1483527	15949.6505736	-48.53349746643393
33517.90923740474	2850	4.0	11.77618704886138	1231456	15776.1870489	-47.78760431010393
33534.20201047848	2850	4.0	12.292773073744899	1364537	16292.7730737	-50.00892421710306

