27208.3172942733	750	4.0	4.746018619318359	450283	4746.01861932	-19.65788006306894
27219.65950068934	2850	4.0	7.3422064160394624	1431809	11342.206416	-30.82148758896969
27231.391248187036	2850	4.0	7.731747497696775	1300868	11731.7474977	-30.39651424009613
27242.96309569465	2850	4.0	7.571847507615983	1520281	11571.8475076	-29.708944282748725
27254.05164869592	2850	4.0	7.088553001269369	1472558	11088.5530013	-27.630777905458284
27263.909944960902	2850	4.0	5.858296264984751	1224260	9858.29626498	-22.340673939434424
27279.282859624207	2850	4.0	11.372914663302446	1388403	15372.9146633	-46.053533052200514
27297.386694998295	2850	4.0	14.103835374087065	1638769	18103.8353741	-57.79649210857438
27331.380583457583	2850	4.0	29.99388845928767	1348011	33993.8884593	-126.123720374937
27366.24310700419	2850	4.0	30.86252354660604	1429765	34862.5235466	-129.858851250406
27378.848044421953	2850	4.0	8.604937417764242	1354548	12604.9374178	-34.15123089638624
27382.198639291906	2850	4.6494051300468096	0.0	1519951	3350.59486995	2.85
27385.199015342947	2850	5.649029079003687	0.0	1422919	3000.37605104	2.85
27388.850875895714	2850	5.997168526240106	0.0	1578343	3651.86055276	2.85
27391.39652762361	2850	7.451516798344487	0.0	1231445	2545.6517279	2.85
27394.801453688808	2850	8.046590733145996	0.0	1471065	3404.9260652	2.85
27397.8886573293	2850	8.959387092654838	0.0	1491626	3087.20364049	2.85
27400.83193401751	2850	10.016110404440369	0.0	1358801	2943.27668821	2.85
27403.965589834886	2850	10.882454587066523	0.0	1537156	3133.65581737	2.85
27406.76955572186	2850	12.07848870009357	0.0	1336050	2803.96588697	2.85
27410.143614681994	2850	12.704429739962714	0.0	1415116	3374.05896013	2.85
27413.66960819785	2850	13.178436224103113	0.0	1468126	3525.99351586	2.85
27417.296361400353	2850	13.55168302160119	0.0	1505760	3626.7532025	2.85
27420.293481523826	2850	14.554562898129088	0.0	1323990	2997.12012347	2.85
27423.531653539372	2850	15.316390882585372	0.0	1383735	3238.17201554	2.85
27426.623367899727	2850	16.22467652222893	0.0	1480464	3091.71436036	2.85
27430.22657281061	2850	16.62147161134656	0.0	1547572	3603.20491088	2.85
27432.994994699835	2850	17.853049722120495	0.0	1141971	2768.42188923	2.85
27436.871571664593	2850	17.976472757360497	0.0	1498470	3876.57696476	2.85
27440.659818913507	2850	18.188225508447456	0.0	1561263	3788.24724891	2.85
27443.516889827522	2850	19.331154594431915	0.0	1341201	2857.07091402	2.85
27446.886868672067	2850	19.961175749888476	0.0	1497683	3369.97884454	2.85
27452.135411140247	2850	18.712633281706307	0.0	1358081	5248.54246818	2.85
27459.777795331403	2850	15.070249090552071	0.0	1587293	7642.38419115	2.85
27466.997877292248	2850	11.850167129707076	0.0	1492672	7220.08196084	2.85
27473.456409474253	2850	9.391634947701975	0.0	1439896	6458.53218201	2.85
27477.903433119176	2850	8.944611302779366	0.0	1139291	4447.02364492	2.85
27490.258413888532	2850	4.0	3.4103694665739313	1499009	12354.9807694	-11.814588706267903
27501.710314756274	2850	4.0	7.451900867740608	1427478	11451.9008677	-29.19317373128461
27514.316470740225	2850	4.0	8.60615598394922	1402287	12606.1559839	-34.156470730981646
27523.53868800168	2850	4.0	5.222217261455466	1339500	9222.21726146	-19.605534224258502
27535.628998846954	2850	4.0	8.090310845272798	1527299	12090.3108453	-31.93833663467303
27549.05238679085	2850	4.0	9.42338794389344	1343002	13423.3879439	-37.67056815874179
27566.099517071594	2850	4.0	13.047130280742753	1587250	17047.1302807	-53.252660207193834
27593.469129460114	2850	4.0	23.369612388522995	1464921	27369.6123885	-97.63933327064888
27632.55975932368	2850	4.0	35.0906298635674	1483527	39090.6298636	-148.0397084133398
27652.761241763816	2850	4.0	16.201482440134157	1231456	20201.4824401	-66.81637449257688
27655.920034788225	2850	4.841206975592041	0.0	1364537	3158.79302441	2.85

