23476.296443895353	750	4.0	4.146410706663652	450283	4146.4107066636525	-17.079566038653706
23477.41674639751	300	6.879697497844862	0.0	155580	1120.3025021551377	-0.15000000000000002
23478.445689559132	300	9.850754336222511	0.0	139857	1028.9431616223508	0.3
23479.56663496882	300	12.729808926533472	0.0	155432	1120.945409689039	0.3
23482.350982420656	750	13.945461474697433	0.0	411561	2784.34745183604	0.3
23486.48997918153	1200	13.806464713825383	0.0	520315	4138.996760872051	0.75
23490.796832275646	1200	13.499611619705043	0.0	561791	4306.853094120339	1.2
23499.459804219834	1200	8.836639675519494	0.0	709534	8662.971944185549	1.2
23511.19978516791	1200	4.0	2.9033412725557355	584846	11739.98094807523	-11.284367471989663
23513.478455501277	300	5.721329666631469	0.0	139105	2278.6703333685314	-0.6000000000000001
23515.69331758397	300	7.506467583939389	0.0	141840	2214.862082692079	0.3
23517.441401242002	300	9.75838392590554	0.0	156148	1748.0836580338519	0.3
23518.875335032175	300	12.324450135733398	0.0	160746	1433.9337901721394	0.3
23520.525347667102	300	14.674437500806018	0.0	179801	1650.0126349273817	0.3
23521.914377608577	300	17.285407559331993	0.0	140051	1389.0299414740264	0.3
23525.176649104404	750	18.023136063501383	0.0	366214	3262.2714958306105	0.3
23528.365623756537	750	18.834161411365677	0.0	360831	3188.974652135707	0.75
23533.350590680064	750	17.84919448784212	0.0	372963	4984.966923523556	0.75
23540.710748253765	750	14.489036914137868	0.0	405596	7360.157573704251	0.75
23545.296339296146	750	13.9034458717556	0.0	350713	4585.591042382269	0.75
23550.248549868236	750	12.951235299667292	0.0	386472	4952.210572088307	0.75
23556.67294862286	750	10.5268365450448	0.0	399894	6424.398754622492	0.75
23559.014172532683	300	12.185612635223288	0.0	163927	2341.2239098215123	-0.15000000000000002
23560.71211138211	300	14.487673785797844	0.0	137654	1697.9388494254433	0.3
23562.894676655033	300	16.305108512874355	0.0	146754	2182.56527292349	0.3
23566.54716375941	300	16.65262140849661	0.0	153938	3652.48710437774	0.3
23578.10423287313	750	9.095552294775043	0.0	425781	11557.069113721569	0.3
23579.73704825028	300	11.462736917625561	0.0	111155	1632.815377149482	-0.15000000000000002
23581.38067512316	300	13.819110044748491	0.0	153605	1643.62687287707	0.3
23583.328322034413	300	15.871463133496931	0.0	149029	1947.64691125156	0.3
23585.589242221165	300	17.610542946744186	0.0	157421	2260.9201867527468	0.3
23587.47617469615	300	19.723610471763365	0.0	157488	1886.9324749808202	0.3
23592.01200610211	750	19.18777906580068	0.0	369834	4535.831405962686	0.3
23596.541497536593	750	18.658287631320068	0.0	412837	4529.491434480608	0.75
23600.837981079534	750	18.36180408837808	0.0	401088	4296.483542941993	0.75
23605.60112930899	750	17.598655858919393	0.0	365161	4763.148229458686	0.75
23609.695284971305	750	17.504500196605864	0.0	321064	4094.15566231353	0.75
23614.378171797427	750	16.821613370481813	0.0	361565	4682.886826124051	0.75
23622.28579314409	1200	12.913992023823605	0.0	605884	7907.621346658209	0.75
23626.726487280226	750	12.473297887684774	0.0	390680	4440.694136138831	0.3
23629.34551361947	750	13.854271548440158	0.0	345516	2619.0263392446163	0.75
23631.908369817153	750	15.291415350759292	0.0	384505	2562.8561976808655	0.75
23635.087542476187	750	16.112242691725346	0.0	372093	3179.172659033945	0.75
23638.822645144166	750	16.377140023750794	0.0	438281	3735.1026679745514	0.75
23642.030012166688	750	17.16977300122753	0.0	398987	3207.367022523268	0.75
23645.067921824688	750	18.131863343228076	0.0	393804	3037.909657999453	0.75
23652.854241634734	1850	14.345543533178567	0.0	830730	7786.319810049511	0.75
23664.57436572257	2850	6.625419445346517	0.0	1364537	11720.12408783205	1.85

