7182.63056392	750	4.0	4.717391294739914	450283	4717.39129474	-19.53478256738163
7198.10927814	2850	4.0	11.478714223138317	1431809	15478.7142231	-48.60847115949476
7210.08527885	2850	4.0	7.976000710539108	1300868	11976.0007105	-31.446803055318163
7225.81788884	2850	4.0	11.732609984733473	1520281	15732.6099847	-47.60022293435393
7248.29085251	2850	4.0	18.47296367299875	1472558	22472.963673	-76.58374379389463
7260.05126749	2850	4.0	7.760414977694088	1224260	11760.4149777	-30.519784404084575
7273.46190633	2850	4.0	9.41063883601168	1388403	13410.638836	-37.61574699485022
7288.94271817	2850	4.0	11.480811844240364	1638769	15480.8118442	-46.51749093023356
7301.37706152	2850	4.0	8.43434334659601	1348011	12434.3433466	-33.41767639036284
7316.01515612	2850	4.0	10.638094606395926	1429765	14638.0946064	-42.89380680750248
7331.02049559	2850	4.0	11.005339467491314	1354548	15005.3394675	-44.47295971021265
7345.00875621	2850	4.0	9.988260623829643	1519951	13988.2606238	-40.09952068246746
7358.25607024	2850	4.0	9.24731402378351	1422919	13247.3140238	-36.91345030226909
7375.08267594	2850	4.0	12.826605699949127	1578343	16826.6056999	-52.30440450978124
7390.8832644	2850	4.0	11.800588459015954	1231445	15800.588459	-47.892530373768594
7405.99257045	2850	4.0	11.109306056925641	1471065	15109.3060569	-44.920016044780255
7418.4246679	2850	4.0	8.432097448538183	1491626	12432.0974485	-33.408019028714186
7439.50447959	2850	4.0	17.07981168827952	1358801	21079.8116883	-70.59319025960194
7453.05339624	2850	4.0	9.548916649764223	1537156	13548.9166498	-38.21034159398616
7478.39841155	2850	4.0	21.34501531010059	1336050	25345.0153101	-88.93356583343254
7495.76487532	2850	4.0	13.366463767973514	1415116	17366.463768	-54.6257942022861
7511.94262097	2850	4.0	12.17774565379021	1468126	16177.7456538	-49.514306311297894
7526.03647988	2850	4.0	10.093858910000419	1505760	14093.85891	-40.5535933130018
7539.84555837	2850	4.0	9.809078489387772	1323990	13809.0784894	-39.32903750436742
7562.28237712	2850	4.0	18.436818746742293	1383735	22436.8187467	-76.42832061099186
7575.13439226	2850	4.0	8.852015144492146	1480464	12852.0151445	-35.213665121316225
7591.20290445	2850	4.0	12.06851218485789	1547572	16068.5121849	-49.04460239488892
7601.21727175	2850	4.0	6.014367297808087	1141971	10014.3672978	-23.01177938057477
7615.01494172	2850	4.0	9.797669974707574	1498470	13797.6699747	-39.279980891242566
7633.19251296	2850	4.0	14.177571236327326	1561263	18177.5712363	-58.1135563162075
7645.38741821	2850	4.0	8.194905255711882	1341201	12194.9052557	-32.38809259956109
7659.3685911	2850	4.0	9.9811728901117	1497683	13981.1728901	-40.06904342748031
7672.70290006	2850	4.0	9.334308958441245	1358081	13334.3089584	-37.28752852129735
7692.47516802	2850	4.0	15.772267958784624	1587293	19772.2679588	-64.97075222277388
7709.65950045	2850	4.0	13.184332427358047	1492672	17184.3324274	-53.8426294376396
7720.97539997	2850	4.0	7.315899520209525	1439896	11315.8995202	-28.608367936900954
7731.46024879	2850	4.0	6.4848488279573395	1139291	10484.848828	-25.034849960216558
7752.84525769	2850	4.0	17.385008896179308	1499009	21385.0088962	-71.90553825357102
7766.34858209	2850	4.0	9.50332439627656	1427478	13503.3243963	-38.0142949039892
7795.66043011	2850	4.0	25.311848021042813	1402287	29311.848021	-105.99094649048409
7808.99853501	2850	4.0	9.338104901108247	1339500	13338.1049011	-37.30385107476546
7825.36575892	2850	4.0	12.36722391451603	1527299	16367.2239145	-50.32906283241893
7838.33611645	2850	4.0	8.970357526998985	1343002	12970.357527	-35.72253736609563
7858.24731278	2850	4.0	15.911196329957853	1587250	19911.19633	-65.56814421881877
7877.17084458	2850	4.0	14.923531801843223	1464921	18923.5318018	-61.32118674792586
7891.63844709	2850	4.0	10.4676025022234	1483527	14467.6025022	-42.160690759560616
7903.90829316	2850	4.0	8.269846073131824	1231456	12269.8460731	-32.710338114466836
7916.40582041	2850	4.0	8.49752725253182	1364537	12497.5272525	-33.68936718588682

