9674.821900283054	750	4.0	2.342534869962582	450283	2342.534869962582	-9.322899940839102
9677.900250570627	750	4.9216497124265635	0.0	398865	3078.3502875734366	0.75
9679.515101190753	750	7.306799092300231	0.0	350812	1614.8506201263315	0.75
9680.973850171575	750	9.848050111478656	0.0	382355	1458.7489808215746	0.75
9682.446433513636	750	12.37546676941903	0.0	411561	1472.5833420596282	0.75
9684.232876556593	1200	14.589023726461836	0.0	520315	1786.4430429571937	0.75
9685.979389249826	1200	16.842511033228543	0.0	561791	1746.5126932332912	1.2
9688.219046536131	1200	18.602853746922825	0.0	709534	2239.6572863057186	1.2
9692.741665472297	2850	18.080234810755762	0.0	1348011	4522.618936167063	1.2000000000000002
9699.68024279977	2850	15.14165748328253	0.0	1429765	6938.577327473233	2.85
9704.803123519712	2850	14.018776763339236	0.0	1354548	5122.880719943294	2.85
9709.634489586868	2850	13.187410696185044	0.0	1519951	4831.366067154193	2.85
9714.062300859488	2850	12.759599423564566	0.0	1422919	4427.811272620477	2.85
9719.02034043382	2850	11.801559849232813	0.0	1578343	4958.039574331753	2.85
9724.180271746203	2850	10.641628536851357	0.0	1231445	5159.931312381458	2.85
9730.691822239503	2850	8.13007804355111	0.0	1471065	6511.550493300247	2.85
9736.365712063272	2850	6.456188219782715	0.0	1491626	5673.889823768395	2.85
9739.375993270018	1850	7.4459070130376945	0.0	885714	3010.281206745019	0.8500000000000001
9743.757355040558	1850	7.064545242496405	0.0	987708	4381.36177054129	1.85
9749.589053869351	1850	5.232846413702233	0.0	923755	5831.698828794172	1.85
9752.713001918684	1200	6.108898364368864	0.0	601738	3123.948049333369	0.5499999999999999
9755.955746254454	1200	6.866154028598448	0.0	616206	3242.7443357704165	1.2
9759.203576227314	1200	7.618324055741738	0.0	656471	3247.8299728567104	1.2
9762.641425307875	1200	8.180474975180065	0.0	536667	3437.849080561672	1.2
9766.391664137798	1200	8.430236145257552	0.0	587236	3750.2388299225113	1.2
9769.843263253988	1200	8.978637029065618	0.0	590335	3451.599116191935	1.2
9775.00266394613	1200	7.819236336924265	0.0	696376	5159.400692141353	1.2
9778.00490292829	1200	8.81699735476229	0.0	487160	3002.2389821619754	1.2
9782.69801071161	1200	8.123889571442446	0.0	622896	4693.107783319844	1.2
9787.697901963797	1200	7.1239983192562235	0.0	641447	4999.891252186223	1.2
9792.48893882751	1200	6.332961455544236	0.0	570392	4791.036863711987	1.2
9797.663228929916	1200	5.158671353136728	0.0	620283	5174.290102407508	1.2
9802.05989392759	750	4.762006355464092	0.0	369834	4396.664997672636	0.3
9803.299602097179	300	7.522298185874562	0.0	163444	1239.7081695895297	-0.15000000000000002
9805.692011791381	300	9.129888491669686	0.0	179328	2392.409694204876	0.3
9809.752085162	300	9.069815121053102	0.0	159914	4060.073370616585	0.3
9813.006677494177	300	9.815222788874236	0.0	131610	3254.5923321788655	0.3
9815.356272240617	300	11.465628042435098	0.0	124011	2349.594746439139	0.3
9817.244021685701	300	13.577878597350729	0.0	144254	1887.7494450843672	0.3
9820.190458216592	300	14.631442066460545	0.0	149991	2946.436530890183	0.3
9822.853761298335	300	15.96813898471714	0.0	147968	2663.3030817434064	0.3
9826.160828604205	300	16.661071678846884	0.0	161857	3307.0673058702537	0.3
9827.891159110666	300	18.930741172386817	0.0	145210	1730.3305064600677	0.3
9829.169473456825	300	21.652426826228012	0.0	172312	1278.3143461588056	0.3
9830.543105816303	300	24.27879446675029	0.0	167025	1373.632359477721	0.3
9832.780720810006	750	26.041179473047144	0.0	393804	2237.614993703146	0.3
9838.297830574102	1850	24.524069708951465	0.0	830730	5517.109764095678	0.75
9847.02249827863	2850	19.799402004423072	0.0	1364537	8724.667704528396	1.85

