28174.664100877093	750	4.0	1.5985734190571195	450283	1598.57341906	-6.123865701945613
28181.339043976415	2850	4.0	2.674943099323884	1431809	6674.94309932	-10.752255327092701
28185.936533220665	2850	4.0	0.5974892442494911	1300868	4597.48924425	0.2807962497271883
28190.795439823225	2850	4.0	0.8589066025619968	1520281	4858.90660256	-0.8432983910165861
28196.3252368623	2850	4.0	1.5297970390726197	1472558	5529.79703907	-3.728127268012264
28200.941294579203	2850	4.0	0.6160577169074176	1224260	4616.05771691	0.20095181729810463
28205.774445916028	2850	4.0	0.8331513368214064	1388403	4833.15133682	-0.7325507483320473
28212.247062225142	2850	4.0	2.4726163091131674	1638769	6472.61630911	-7.78225012918662
28217.828748467997	2850	4.0	1.5816862428574103	1348011	5581.68624286	-3.951250844286864
28222.22597924211	2850	4.0	0.3972307741119339	1429765	4397.23077411	1.1419076713186844
28228.284401415705	2850	4.0	2.058422173597065	1354548	6058.4221736	-6.001215346467379
28234.991997688925	2850	4.0	2.7075962732203096	1519951	6707.59627322	-8.792663974847331
28240.750343274623	2850	4.0	1.7583455856952124	1422919	5758.3455857	-4.710886018489413
28246.503314039557	2850	4.0	1.7529707649350912	1578343	5752.97076494	-4.687774289220892
28251.266257643787	2850	4.0	0.7629436042272718	1231445	4762.94360423	-0.4306574981772684
28258.536472050844	2850	4.0	3.270214407060956	1471065	7270.21440706	-11.21192195036211
28263.373352740517	2850	4.0	0.8368806896678298	1491626	4836.88068967	-0.7485869655716679
28270.379559932375	2850	4.0	3.006207191859243	1358801	7006.20719186	-10.076690924994745
28278.37063432441	2850	4.0	3.9910743920357126	1537156	7991.07439204	-14.311619885753563
28285.13623533741	2850	4.0	2.765601013001987	1336050	6765.601013	-9.042084355908543
28291.486679990954	2850	4.0	2.3504446535435446	1415116	6350.44465354	-7.256912010237242
28297.340877715156	2850	4.0	1.8541977241992582	1468126	5854.1977242	-5.123050214056811
28302.75930266171	2850	4.0	1.4184249465550838	1505760	5418.42494656	-3.2492272701868603
28307.67047713727	2850	4.0	0.9111744755620966	1323990	4911.17447556	-1.068050244917015
28313.26537613343	2850	4.0	1.5948989961595899	1383735	5594.89899616	-4.008065683486237
28319.01771863451	2850	4.0	1.7523425010771743	1480464	5752.34250108	-4.6850727546318485
28325.361972918727	2850	4.0	2.34425428421975	1547572	6344.25428422	-7.230293422144925
28330.431831087604	2850	4.0	1.0698581688762834	1141971	5069.85816888	-1.7503901261680181
28336.86818522257	2850	4.0	2.4363541349668796	1498470	6436.35413497	-7.626322780357581
28343.59684127768	2850	4.0	2.728656055108594	1561263	6728.65605511	-8.883221036966955
28349.172345142393	2850	4.0	1.5755038647160071	1341201	5575.50386472	-3.9246666182788306
28358.520956969223	2850	4.0	5.348611826830823	1497683	9348.61182683	-20.149030855372537
28364.919745441748	2850	4.0	2.3987884725247723	1358081	6398.78847252	-7.464790431856521
28376.702407813988	2850	4.0	7.782662372238868	1587293	11782.6623722	-30.615448200627128
28388.518066495428	2850	4.0	7.815658681437993	1492672	11815.6586814	-30.757332330183367
28396.320648667966	2850	4.0	3.8025821725393087	1439896	7802.58217254	-13.501103341919029
28401.797180983063	2850	4.0	1.4765323150967298	1139291	5476.5323151	-3.4990889549159374
28406.85238177764	2850	4.0	1.0552007945758641	1499009	5055.20079458	-1.6873634166762153
28411.295553253196	2850	4.0	0.4431714755544008	1427478	4443.17147555	0.9443626551160769
28416.67582775043	2850	4.0	1.3802744972342598	1402287	5380.27449723	-3.085180338107317
28421.423840584877	2850	4.0	0.7480128344483219	1339500	4748.01283445	-0.36645518812778377
28427.27453599417	2850	4.0	1.850695409290677	1527299	5850.69540929	-5.107990259949911
28432.65642836684	2850	4.0	1.381892372672125	1343002	5381.89237267	-3.0921372024901372
28438.849664379293	2850	4.0	2.19323601245428	1587250	6193.23601245	-6.580914853553404
28443.923312445204	2850	4.0	1.0736480659106538	1464921	5073.64806591	-1.7666866834158106
28450.403868071957	2850	4.0	2.480555626755193	1483527	6480.55562676	-7.81638919504733
28455.704537423764	2850	4.0	1.3006693518053007	1231456	5300.66935181	-2.742878212762793
28461.19561557825	2850	4.0	1.4910781544846405	1364537	5491.07815448	-3.5616360642839537

