3729.9831579933675	750	4.0	1.7282306058808998	450283	1728.2306058809	-6.681391605287869
3731.777350277886	750	6.205807715481606	0.0	398865	1794.1922845183947	0.75
3733.5283944335474	750	8.454763559820275	0.0	350812	1751.0441556613293	0.75
3735.186527698778	750	10.796630294589859	0.0	382355	1658.1332652304168	0.75
3737.872574722322	1200	12.110583271045456	0.0	652874	2686.0470235444027	0.75
3739.0000467249547	1200	14.983111268412848	0.0	520315	1127.4720026326063	1.2
3740.7183313200594	1850	17.26482667330791	0.0	905515	1718.284595104944	1.2000000000000002
3742.986782492875	1850	18.996375500492242	0.0	1060487	2268.4511728156663	1.85
3746.012898053717	2850	19.970259939650592	0.0	1348011	3026.1155608416475	1.85
3749.0625811622776	2850	20.920576831090038	0.0	1429765	3049.683108560554	2.85
3753.1242073709072	4300	20.858950622460736	0.0	2173522	4061.6262086293013	2.8499999999999996
3757.0254885585614	4300	20.957669434806295	0.0	2102452	3901.28118765444	4.3
3761.7922362605664	4300	20.190921732801463	0.0	2209463	4766.747702004832	4.3
3767.61417426579	4300	18.368983727577767	0.0	2275376	5821.938005223694	4.3
3772.607137588536	4300	17.37602040483205	0.0	2005399	4992.963322745716	4.3
3778.3057744561615	4300	15.677383537206628	0.0	2152483	5698.636867625424	4.3
3784.541708784011	4300	13.441449209356767	0.0	2289689	6235.934327849859	4.3
3789.063923877361	4300	12.919234116006672	0.0	2059512	4522.215093350096	4.3
3797.885638902894	4300	8.097519090474366	0.0	2220726	8821.715025532305	4.3
3801.1985077882823	2850	8.784650205085677	0.0	1336050	3312.8688853886883	1.4000000000000001
3804.558333261634	2850	9.424824731734494	0.0	1415116	3359.825473351185	2.85
3807.6925115267723	2850	10.29064646659598	0.0	1468126	3134.178265138513	2.85
3810.7988390460628	2850	11.184318947305266	0.0	1505760	3106.3275192907145	2.85
3813.469442277064	2850	12.513715716304231	0.0	1323990	2670.6032310010346	2.85
3816.37850518116	2850	13.604652812207862	0.0	1383735	2909.06290409637	2.85
3822.4514881633713	4300	11.531669829997172	0.0	2105231	6072.98298221069	2.8499999999999996
3828.8808870249045	4300	9.102270968463715	0.0	2395588	6429.398861533457	4.3
3833.743024959507	4300	8.240133033861369	0.0	1972048	4862.137934602345	4.3
3837.5760819314014	2850	8.407076061966606	0.0	1498470	3833.056971894764	1.4000000000000001
3842.151302815936	2850	7.831855177432229	0.0	1561263	4575.220884534377	2.85
3848.535941901476	2850	5.447216091892764	0.0	1341201	6384.639085539465	2.85
3852.282099291524	1850	5.70105870184437	0.0	954453	3746.1573900483936	0.8500000000000001
3857.041144175466	1850	4.942013817902572	0.0	885062	4759.044883941799	1.85
3859.2484461311064	1200	6.7347118622616255	0.0	670129	2207.3019556409463	0.5499999999999999
3861.0929402045995	1200	8.890217788768737	0.0	690253	1844.494073492888	1.2
3862.479934617995	1200	11.503223375373409	0.0	598727	1386.9944133953288	1.2
3864.4353289783007	1850	13.547829015067503	0.0	728962	1955.3943603059076	1.2000000000000002
3867.130788978581	1850	14.852369014786923	0.0	938587	2695.4600002805773	1.85
3875.6887425301893	2850	10.294415463178652	0.0	1427478	8557.953551608272	1.85
3883.8349252804405	1850	6.148232712927401	0.0	930577	8146.182750251251	0.8500000000000001
3885.2985599548033	750	8.684598038564696	0.0	345516	1463.634674362705	-0.3500000000000001
3887.1795012789134	750	10.803656714454627	0.0	384505	1880.9413241100688	0.75
3888.8731371590966	750	13.110020834271896	0.0	372093	1693.6358801827325	0.75
3890.765631482242	750	15.21752651112642	0.0	438281	1892.4943231454768	0.75
3892.2464624410236	750	17.736695552345036	0.0	398987	1480.8309587813828	0.75
3895.09655516446	2850	18.886602828908426	0.0	1483527	2850.092723436611	0.75
3897.8296028170244	2850	20.153555176343893	0.0	1231456	2733.047652564535	2.85
3902.346196142468	4300	19.636961850900406	0.0	2155012	4516.593325443486	2.8499999999999996

