19760.371745173215	750	4.0	6.08032816050688	450283	6080.3281605068805	-25.395411090179586
19762.726696673613	300	5.645048499601703	0.0	155580	2354.951500398297	-0.15000000000000002
19764.99977548726	300	7.371969685954002	0.0	139857	2273.078813647701	0.3
19767.559214282104	300	8.81253089110955	0.0	155432	2559.4387948444523	0.3
19770.520917055474	300	9.85082811774056	0.0	163442	2961.702773368989	0.3
19772.55686802512	300	11.814877148093101	0.0	126289	2035.95096964746	0.3
19775.694114468057	300	12.677630705156039	0.0	153295	3137.2464429370616	0.3
19778.37758230655	300	13.994162866660107	0.0	173849	2683.4678384959343	0.3
19780.183454329475	300	16.188290843738397	0.0	150710	1805.8720229217085	0.3
19781.72534888216	300	18.646396291056924	0.0	139105	1541.894552681473	0.3
19783.181700935907	300	21.190044237308346	0.0	141840	1456.3520537485779	0.3
19786.919682790714	750	21.452062382501783	0.0	405134	3737.9818548065628	0.3
19790.165883676247	750	22.20586149697075	0.0	386351	3246.20088553103	0.75
19793.8660915603	750	22.505653612915225	0.0	434409	3700.2078840555273	0.75
19799.171209501845	1200	21.200535671370293	0.0	526950	5305.117941544935	0.75
19805.52475263508	1200	18.846992538133435	0.0	587876	6353.543133236857	1.2
19815.621439660896	1200	12.750305512317565	0.0	617242	10096.68702581587	1.2
19825.0155298901	1200	7.356215283111402	0.0	581493	9394.090229206164	1.2
19827.404197198637	300	8.967547974577734	0.0	165384	2388.667308533668	-0.6000000000000001
19829.031851794247	300	11.339893378967693	0.0	140881	1627.6545956100413	0.3
19831.43436834575	300	12.93737682746525	0.0	157671	2402.516551502441	0.3
19834.509920987213	300	13.861824185998957	0.0	157812	3075.552641466293	0.3
19837.225601166378	300	15.146144006833843	0.0	163927	2715.680179165114	0.3
19839.167295195948	300	17.204449977266055	0.0	137654	1941.6940295677864	0.3
19841.547281105082	300	18.82446406813082	0.0	146754	2379.985909135237	0.3
19843.97699570223	300	20.394749470983427	0.0	153938	2429.7145971473924	0.3
19846.46652949501	300	21.9052156782053	0.0	181901	2489.5337927781284	0.3
19849.62684920801	750	22.744895965205142	0.0	277716	3160.319713000159	0.3
19853.317415987847	750	23.054329185369323	0.0	400396	3690.566779835819	0.75
19857.929200094834	750	22.44254507837941	0.0	400508	4611.784106989912	0.75
19864.8656005997	750	19.506144573513986	0.0	358218	6936.400504865424	0.75
19873.542371052357	750	14.829374120856018	0.0	400322	8676.770452657967	0.75
19881.36910968563	750	11.002635487585506	0.0	369834	7826.738633270512	0.75
19885.38273830464	300	10.98900686857474	0.0	163444	4013.6286190107653	-0.15000000000000002
19888.975835745205	300	11.395909428009821	0.0	179328	3593.097440564919	0.3
19891.889685409453	300	12.48205976376003	0.0	159914	2913.8496642497903	0.3
19894.195873232817	300	14.175871940397167	0.0	131610	2306.1878233628645	0.3
19896.50597621599	300	15.865768957218611	0.0	124011	2310.102983178555	0.3
19899.63469954371	300	16.737045629504276	0.0	144254	3128.723327714338	0.3
19902.764636878153	300	17.607108295056804	0.0	149991	3129.937334447469	0.3
19905.07134908091	300	19.300396092303433	0.0	147968	2306.712202753371	0.3
19907.318479194637	300	21.053265978574938	0.0	161857	2247.1301137284936	0.3
19909.370384298756	300	23.00136087445606	0.0	145210	2051.9051041188754	0.3
19911.90362247875	300	24.468122694464796	0.0	172312	2533.2381799912646	0.3
19918.46497072555	750	21.90677444766701	0.0	398987	6561.348246797783	0.3
19925.73351719883	750	18.638227974382783	0.0	393804	7268.546473284228	0.75
19931.864694337288	1200	16.507050835929277	0.0	538612	6131.177138453505	0.75
19936.79243466136	1200	15.579310511852258	0.0	550906	4927.740324077018	1.2

