8448.15362495	750	4.0	6.602941104200595	450283	6602.9411042	-27.642646748062557
8465.52998698	2850	4.0	13.376362028027776	1431809	17376.362028	-56.768356720519435
8475.51114368	2850	4.0	5.981156700470498	1300868	9981.15670047	-22.86897381202314
8488.29221009	2850	4.0	8.781066411841879	1520281	12781.0664118	-34.908585570920074
8500.7162613	2850	4.0	8.424051209921338	1472558	12424.0512099	-33.37342020266175
8510.87958894	2850	4.0	6.163327641260052	1224260	10163.3276413	-23.65230885741822
8522.24628791	2850	4.0	7.366698972055621	1388403	11366.6989721	-28.826805579839167
8545.01818882	2850	4.0	18.77190090358169	1638769	22771.9009036	-77.86917388540128
8556.37030185	2850	4.0	7.35211303415154	1348011	11352.1130342	-28.76408604685162
8581.68580486	2850	4.0	21.31550300627904	1429765	25315.5030063	-88.80666292699988
8592.64846379	2850	4.0	6.962658933432303	1354548	10962.6589334	-27.0894334137589
8603.81108484	2850	4.0	7.162621048825942	1519951	11162.6210488	-27.94927050995155
8614.88303244	2850	4.0	7.071947602095539	1422919	11071.9476021	-27.559374689010816
8631.08148879	2850	4.0	12.198456352555516	1578343	16198.4563526	-49.60336231598871
8643.21554178	2850	4.0	8.134052981251395	1231445	12134.0529813	-32.126427819381
8655.31530222	2850	4.0	8.099760442574727	1471065	12099.7604426	-31.978969903071324
8668.51671942	2850	4.0	9.201417199145425	1491626	13201.4171991	-36.716093956325324
8681.4272628	2850	4.0	8.910543381686718	1358801	12910.5433817	-35.46533654125289
8691.41950635	2850	4.0	5.99224355523448	1537156	9992.24355523	-22.916647287508262
8706.46851745	2850	4.0	11.04901109801937	1336050	15049.011098	-44.66074772148329
8724.79825105	2850	4.0	14.329733600137821	1415116	18329.7336001	-58.767854480592625
8740.55660514	2850	4.0	11.758354087370972	1468126	15758.3540874	-47.71092257569517
8759.64498965	2850	4.0	15.08838450791331	1505760	19088.3845079	-62.03005338402722
8776.16780501	2850	4.0	12.522815360345662	1323990	16522.8153603	-50.998106049486346
8787.74491876	2850	4.0	7.577113751535333	1383735	11577.1137515	-29.73158913160193
8799.9446084	2850	4.0	8.199689644159164	1480464	12199.6896442	-32.408665469884404
8813.43086346	2850	4.0	9.486255052438906	1547572	13486.2550524	-37.94089672548729
8822.76735454	2850	4.0	5.336491086502188	1141971	9336.4910865	-20.096911671959408
8834.82181923	2850	4.0	8.054464686483897	1498470	12054.4646865	-31.78419815188075
8856.0239694	2850	4.0	17.202150167190275	1561263	21202.1501672	-71.1192457189182
8868.33823804	2850	4.0	8.314268639761542	1341201	12314.2686398	-32.901355150974624
8893.04543218	2850	4.0	20.707194148454214	1497683	24707.1941485	-86.19093483835312
8905.56326275	2850	4.0	8.517830565969993	1358081	12517.830566	-33.77667143367096
8917.12500897	2850	4.0	7.561746219861492	1587293	11561.7462199	-29.66550874540441
8928.67394685	2850	4.0	7.548937875108775	1492672	11548.9378751	-29.610432862967734
8943.52398717	2850	4.0	10.850040321357307	1439896	14850.0403214	-43.80517338183642
8955.41416695	2850	4.0	7.890179781542649	1139291	11890.1797815	-31.07777306063339
8966.59422399	2850	4.0	7.1800570382692825	1499009	11180.0570383	-28.024245264557912
8980.11565015	2850	4.0	9.52142615999595	1427478	13521.42616	-38.09213248798258
8993.13611259	2850	4.0	9.0204624452825	1402287	13020.4624453	-35.93798851471475
9002.5551252	2850	4.0	5.419012603008057	1339500	9419.01260301	-20.451754192934644
9016.70949358	2850	4.0	10.154368381787538	1527299	14154.3683818	-40.81378404168641
9033.77372762	2850	4.0	13.064234047034708	1343002	17064.234047	-53.32620640224924
9051.95370307	2850	4.0	14.1799754466893	1587250	18179.9754467	-58.12389442076398
9070.20532732	2850	4.0	14.251624245195282	1464921	18251.6242452	-58.43198425433971
9089.31691199	2850	4.0	15.111584671127817	1483527	19111.5846711	-62.12981408584961
9099.71985251	2850	4.0	6.40294052506929	1231456	10402.9405251	-24.682644257797946
9110.80690237	2850	4.0	7.087049856046504	1364537	11087.049856	-27.624314380999966

