12665.898868367487	750	4.0	2.600378850967279	450283	2600.378850967279	-10.431629059159299
12667.852953805188	750	6.045914562300093	0.0	398865	1954.0854376999066	0.75
12671.20416122661	1200	6.694707140878743	0.0	571051	3351.207421421351	0.75
12675.940367114728	1200	5.958501252760209	0.0	617681	4736.205888118533	1.2
12681.347567479059	1200	4.551300888429786	0.0	652874	5407.200364330423	1.2
12684.052099301924	750	5.846769065566723	0.0	318564	2704.5318228630636	0.3
12688.35748960872	750	5.541378758769854	0.0	352642	4305.390306796869	0.75
12689.595810588053	300	8.30305777943737	0.0	173849	1238.3209793324831	-0.15000000000000002
12690.698684698878	300	11.200183668612443	0.0	150710	1102.8741108249292	0.3
12691.850331307645	300	14.04853705984527	0.0	139105	1151.646608767173	0.3
12694.73644926391	750	15.162419103581122	0.0	353220	2886.117956264148	0.3
12697.971623470477	750	15.927244897014047	0.0	405134	3235.174206567075	0.75
12702.798408426324	1200	15.100459941168301	0.0	624282	4826.784955845745	0.75
12715.716970085161	1200	6.181898282332267	0.0	687371	12918.561658836034	1.2
12717.248635800452	300	8.65023256704137	0.0	140051	1531.6657152908965	-0.6000000000000001
12718.720494115578	300	11.17837425191469	0.0	138313	1471.8583151266814	0.3
12720.205706011899	300	13.693162355593937	0.0	143509	1485.211896320752	0.3
12721.579170844605	300	16.319697522887576	0.0	150616	1373.4648327063585	0.3
12723.808643182265	300	18.09022518522806	0.0	165384	2229.472337659517	0.3
12728.468070945548	750	17.43079742194465	0.0	350713	4659.427763283408	0.3
12731.263654806386	750	18.635213561108372	0.0	386472	2795.5838608362787	0.75
12733.84284013842	750	20.056028229073586	0.0	399894	2579.1853320347855	0.75
12735.884547092925	750	22.014321274570776	0.0	401853	2041.7069545028112	0.75
12738.089944028483	750	23.808924339011018	0.0	343800	2205.396935559759	0.75
12740.845731928423	750	25.05313643907197	0.0	359903	2755.7878999390455	0.75
12744.39517983992	750	25.503688527574834	0.0	379700	3549.4479114971364	0.75
12747.695050490604	750	26.203817876891602	0.0	425781	3299.870650683236	0.75
12749.51469956195	750	28.38416880554497	0.0	277716	1819.6490713466287	0.75
12751.80271028799	750	30.096158079504225	0.0	400396	2288.0107260407444	0.75
12754.074502049667	750	31.82436631782588	0.0	400508	2271.7917616783434	0.75
12757.414727924248	1200	32.484140443245536	0.0	570392	3340.2258745803424	0.75
12761.46888131032	1200	32.429987057173406	0.0	620283	4054.153386072135	1.2
12765.147219545668	1200	32.751648821824475	0.0	584349	3678.3382353489296	1.2
12769.938484947403	1200	31.96038342009016	0.0	670129	4791.265401734313	1.2
12775.633639280482	1850	30.265229087009935	0.0	1026056	5695.154333080226	1.2000000000000002
12783.318695702881	1850	26.580172664612284	0.0	943942	7685.056422397653	1.85
12789.975845305242	1850	23.92302306225177	0.0	728962	6657.149602360513	1.85
12795.159870965801	1850	22.738997401691982	0.0	938587	5184.0256605597915	1.85
12799.423528525116	1850	22.475339842376698	0.0	908665	4263.657559315281	1.85
12803.707071175319	1850	22.191797192175127	0.0	930577	4283.542650201572	1.85
12807.231998744626	1850	22.66686962286837	0.0	858450	3524.927569306756	1.85
12811.134950729995	1850	22.763917637500445	0.0	1025005	3902.951985367925	1.85
12814.301837962073	1850	23.597030405420703	0.0	886255	3166.8872320797404	1.85
12817.46583426793	1850	24.433034099563294	0.0	973972	3163.99630585741	1.85
12820.63032638877	1850	25.268541978725672	0.0	958994	3164.4921208376204	1.85
12827.817226290183	4300	22.081642077311095	0.0	2246506	7186.899901414576	1.8499999999999996
12835.133430293146	4300	18.765438074348385	0.0	1961140	7316.204002962708	4.3
12840.435130965116	4300	17.46373740237867	0.0	2155012	5301.700671969717	4.3

