6551.59513355	750	4.0	2.7720774829579558	450283	2772.07748296	-11.169933176719208
6558.05651964	2850	4.0	2.461386092327407	1431809	6461.38609233	-9.83396019700785
6562.77713699	2850	4.0	0.7206173542667402	1300868	4720.61735427	-0.24865462334698263
6570.36444266	2850	4.0	3.587305663833956	1520281	7587.30566383	-12.57541435448601
6582.01000829	2850	4.0	7.6455656306391395	1472558	11645.5656306	-30.025932211748298
6593.41572183	2850	4.0	7.405713538307591	1224260	11405.7135383	-28.994568214722637
6604.47051404	2850	4.0	7.054792210231501	1388403	11054.7922102	-27.48560650399545
6613.16626742	2850	4.0	4.695753377912495	1638769	8695.75337791	-17.341739525023726
6619.33592497	2850	4.0	2.1696575547451467	1348011	6169.65755475	-6.47952748540413
6623.28213847	2850	4.05378649594952	0.0	1429765	3946.21350405	2.85
6626.79902169	2850	4.536903285154725	0.0	1354548	3516.88321079	2.85
6634.00070852	2850	4.0	2.6647835494605188	1519951	7201.68683462	-8.60856926268023
6650.77736631	2850	4.0	12.7766577900716	1422919	16776.6577901	-52.08962849730787
6668.62057613	2850	4.0	13.843209824540653	1578343	17843.2098245	-56.6758022455248
6673.22362734	2850	4.0	0.6030512061976169	1231445	4603.0512062	0.2568798133502477
6679.61205651	2850	4.0	2.3884291732450866	1471065	6388.42917325	-7.420245444953872
6686.06726849	2850	4.0	2.4552119728508086	1491626	6455.21197285	-7.707411483258477
6691.68978196	2850	4.0	1.6225134721522372	1358801	5622.51347215	-4.1268079302546194
6698.76911391	2850	4.0	3.079331955762832	1537156	7079.33195576	-10.391127409780177
6703.72322556	2850	4.0	0.9541116464753104	1336050	4954.11164648	-1.252680079843835
6708.47259464	2850	4.0	0.7493690746252423	1415116	4749.36907463	-0.3722870208885416
6714.33531691	2850	4.0	1.8627222749565708	1468126	5862.72227496	-5.159705782313255
6721.55273449	2850	4.0	3.217417575684099	1505760	7217.41757568	-10.984895575441625
6726.87185143	2850	4.0	1.3191169448551008	1323990	5319.11694486	-2.822202862876933
6731.43149595	2850	4.0	0.5596445139027537	1383735	4559.6445139	0.4435285902181594
6737.19022066	2850	4.0	1.758724713776357	1480464	5758.72471378	-4.7125162692383356
6743.325696	2850	4.0	2.135475339459027	1547572	6135.47533946	-6.332543959673817
6750.674486	2850	4.0	3.348790003294507	1141971	7348.79000329	-11.54979701416638
6757.39802202	2850	4.0	2.7235360221245264	1498470	6723.53602212	-8.861204895135463
6764.68268901	2850	4.0	3.2846669860998725	1561263	7284.6669861	-11.274068040229452
6771.83814789	2850	4.0	3.1554588834032575	1341201	7155.4588834	-10.718473198634006
6777.94251154	2850	4.0	2.104363641552399	1497683	6104.36364155	-6.198763658675315
6785.25771152	2850	4.0	3.3151999816154447	1358081	7315.19998162	-11.405359920946411
6791.32189509	2850	4.0	2.0641835686399226	1587293	6064.18356864	-6.025989345151666
6796.74794822	2850	4.0	1.4260531335354254	1492672	5426.05313354	-3.282028474202329
6804.10188772	2850	4.0	3.3539395052857937	1439896	7353.93950529	-11.571939872728912
6809.36827848	2850	4.0	1.2663907604400848	1139291	5266.39076044	-2.5954802698923642
6814.65849081	2850	4.0	1.290212320575678	1499009	5290.21232058	-2.6979129784754146
6821.73234931	2850	4.0	3.073858503222912	1427478	7073.85850322	-10.367591563858522
6832.20876193	2850	4.0	6.476412624581495	1402287	10476.4126246	-24.998574285700425
6844.28049506	2850	4.0	8.071733125328272	1339500	12071.7331253	-31.85845243891157
6856.77747553	2850	4.0	8.496980468665143	1527299	12496.9804687	-33.68701601526011
6862.3799711	2850	4.0	1.602495572257817	1343002	5602.49557226	-4.040730960708613
6871.30843987	2850	4.0	4.928468768428502	1587250	8928.46876843	-18.342415704242555
6875.31069321	2850	4.0	0.002253343436000705	1464921	4002.25334344	2.840310623225197
6879.35513869	2850	4.0	0.04444547652333722	1483527	4044.44547652	2.65888445094965
6885.2284951	2850	4.0	1.8733564132938674	1231456	5873.35641329	-5.205432577163629
6900.42738127	2850	4.0	11.198886170739586	1364537	15198.8861707	-45.30521053418022

