8361.827884764987	750	4.0	9.971750996673139	450283	9971.75099667314	-42.1285292856945
8365.31150867422	300	4.516376090767351	0.0	155580	3483.623909232648	-0.15000000000000002
8367.596506889768	300	6.23137787521933	0.0	139857	2284.998215548021	0.3
8369.397592575622	300	8.430292189365248	0.0	155432	1801.085685854082	0.3
8370.88447802251	300	10.943406742477846	0.0	163442	1486.8854468874028	0.3
8371.983006584042	300	13.844878180946663	0.0	126289	1098.5285615311818	0.3
8373.204479231239	300	16.623405533748365	0.0	153295	1221.4726471982992	0.3
8376.114088106466	750	17.713796658521918	0.0	437162	2909.608875226446	0.3
8378.704127974364	750	19.12375679062223	0.0	374758	2590.0398678996867	0.75
8380.909588733983	750	20.9182960310042	0.0	362795	2205.4607596180326	0.75
8383.166744190685	750	22.66114057430175	0.0	353220	2257.1554567024505	0.75
8385.558649722956	750	24.269235042031287	0.0	405134	2391.905532270464	0.75
8389.281783411454	1200	24.546101353532674	0.0	624282	3723.133688498613	0.75
8398.245777300954	1850	19.58210746403351	0.0	1036454	8963.993889499165	1.2000000000000002
8406.889149469132	1850	14.938735295854897	0.0	821631	8643.372168178612	1.85
8411.35885942141	1200	14.469025343575431	0.0	587876	4469.709952279467	0.5499999999999999
8416.73520105177	1200	13.092683713216626	0.0	617242	5376.3416303588065	1.2
8422.556868963855	1200	11.271015801131242	0.0	581493	5821.667912085383	1.2
8428.023948255643	750	9.803936509342249	0.0	405596	5467.079291788992	0.3
8434.827997451976	750	6.999887313009594	0.0	350713	6804.049196332655	0.75
8437.877134969713	300	7.950749795272273	0.0	157671	3049.137517737321	-0.15000000000000002
8439.877367337174	300	9.950517427810194	0.0	157812	2000.2323674620802	0.3
8442.853785278065	300	10.97409948691957	0.0	163927	2976.417940890623	0.3
8445.603656496794	300	12.224228268189249	0.0	137654	2749.871218730323	0.3
8448.786503839741	300	13.041380925242901	0.0	146754	3182.847342946347	0.3
8451.012523141115	300	14.815361623868881	0.0	153938	2226.01930137402	0.3
8452.644639604343	300	17.18324516064042	0.0	181901	1632.1164632284624	0.3
8453.477422400618	300	20.350462364365406	0.0	111155	832.7827962750172	0.3
8454.551227998812	300	23.276656766172064	0.0	153605	1073.8055981933426	0.3
8457.36010189885	750	24.46778286613279	0.0	400508	2808.87390003927	0.3
8460.583632874961	1200	25.24425189002201	0.0	570392	3223.5309761107806	0.75
8465.42895279099	1200	24.398931973993008	0.0	620283	4845.319916029003	1.2
8471.039544336485	1200	22.788340428497825	0.0	584349	5610.591545495183	1.2
8476.138935792498	1200	21.688948972484663	0.0	670129	5099.391456013161	1.2
8482.048094947071	1200	19.7797898179109	0.0	690253	5909.159154573766	1.2
8488.960484185302	1200	16.8674005796813	0.0	598727	6912.389238229599	1.2
8492.813452734004	1200	17.014432030976998	0.0	487812	3852.968548704301	1.2
8495.415145379053	1200	18.412739385928973	0.0	575591	2601.6926450480255	1.2
8497.822596427897	1200	20.005288337085748	0.0	605884	2407.4510488432247	1.2
8500.839667346858	1200	20.988217418124567	0.0	587506	3017.0709189611807	1.2
8504.615615365603	1200	21.21226939938075	0.0	566904	3775.948018743817	1.2
8509.637125516507	1200	20.19075924847644	0.0	641452	5021.510150904314	1.2
8515.243489277393	1200	18.58439548758968	0.0	599477	5606.3637608867575	1.2
8520.399304664434	1200	17.428580100548633	0.0	634861	5155.815387041051	1.2
8526.901877424638	1200	14.926007340342498	0.0	630203	6502.572760206135	1.2
8541.072637378129	1200	4.7552473868533545	0.0	638661	14170.759953489143	1.2
8545.094643316726	300	4.733241448254025	0.0	137507	4022.00593859933	-0.6000000000000001
8548.619745920225	300	5.208138844757184	0.0	118421	3525.1026034968395	0.3

