1302.5316392863183	750	4.0	0.848125509873515	450283	848.1255098735149	-2.8969396924561144
1305.288831845616	2850	5.242807440702372	0.0	1431809	2757.1925592976277	0.75
1309.5493513749327	4300	4.982287911385554	0.0	2177073	4260.519529316818	2.8499999999999996
1313.6322440504205	4300	4.8993952358980515	0.0	2160877	4082.8926754875024	4.3
1317.7722566612692	4300	4.759382625048962	0.0	2233056	4140.0126108490895	4.3
1321.3275043393219	4300	5.20413494699631	0.0	1941625	3555.247678052652	4.3
1325.350610839577	4300	5.181028446741313	0.0	2157535	4023.1065002549967	4.3
1329.7264649164101	4300	4.8051743699081255	0.0	2290172	4375.854076833188	4.3
1333.9085533543969	4300	4.623085931921386	0.0	2055469	4182.088437986739	4.3
1337.7452159192342	4300	4.786423367084247	0.0	2169201	3836.662564837139	4.3
1340.5110174960353	2850	6.020621790283153	0.0	1354548	2765.8015768010937	1.4000000000000001
1343.5001663097942	2850	7.0314729765241015	0.0	1519951	2989.1488137590513	2.85
1346.106927518767	2850	8.42471176755135	0.0	1422919	2606.761208972752	2.85
1350.4998436739415	4300	8.031795612376769	0.0	2275376	4392.916155174582	2.8499999999999996
1354.7547883897423	4300	7.776850896575865	0.0	2005399	4254.944715800904	4.3
1358.6656663865947	4300	7.865972899723509	0.0	2152483	3910.877996852356	4.3
1362.9615863362724	4300	7.570052950045869	0.0	2289689	4295.91994967764	4.3
1366.7726554131523	4300	7.758983873166039	0.0	2059512	3811.0690768798304	4.3
1370.8422234183197	4300	7.689415867998589	0.0	2220726	4069.56800516745	4.3
1374.549055450822	4300	7.982583835496305	0.0	2156729	3706.8320325022837	4.3
1378.5485968345188	4300	7.9830424517995	0.0	2039773	3999.5413836968046	4.3
1382.8158551304289	4300	7.715784155889373	0.0	2176469	4267.258295910128	4.3
1387.3490058657774	4300	7.182633420540864	0.0	2221506	4533.150735348508	4.3
1391.2286783138327	4300	7.302960972485585	0.0	2044075	3879.672448055279	4.3
1395.1042965791303	4300	7.427342707188065	0.0	2186790	3875.61826529752	4.3
1398.8730923907303	4300	7.658546895587955	0.0	2105231	3768.79581160011	4.3
1403.5597935136022	4300	6.971845772715863	0.0	2395588	4686.701122872092	4.3
1407.09610996632	4300	7.435529319998302	0.0	1972048	3536.31645271756	4.3
1411.1191809084874	4300	7.412458377830988	0.0	2134614	4023.070942167315	4.3
1415.3311235732053	4300	7.200515713112941	0.0	2164140	4211.942664718046	4.3
1419.2829519474344	4300	7.248687338883935	0.0	2113193	3951.828374229007	4.3
1423.3360817243286	4300	7.195557561989888	0.0	2147852	4053.1297768940462	4.3
1427.44423735128	4300	7.0874019350384385	0.0	2191074	4108.155626951449	4.3
1431.6149306268096	4300	6.916708659508707	0.0	2286761	4170.693275529732	4.3
1435.965946381978	4300	6.565692904340242	0.0	2307787	4351.015755168464	4.3
1440.4210049372641	4300	6.110634349054153	0.0	2143948	4455.058555286089	4.3
1443.9665453955765	4300	6.565093890741604	0.0	1919781	3545.540458312549	4.3
1447.7086376840173	4300	6.823001602301154	0.0	2147467	3742.0922884404495	4.3
1452.1169601952477	4300	6.414679091070739	0.0	2133870	4408.322511230415	4.3
1456.0670638096444	4300	6.4645754766738746	0.0	2146120	3950.103614396864	4.3
1460.1198921713883	4300	6.411747114929982	0.0	2108491	4052.8283617438924	4.3
1464.6508217218156	4300	5.880817564502398	0.0	2184571	4530.929550427583	4.3
1468.6157964520391	4300	5.915842834278904	0.0	2121928	3964.9747302234946	4.3
1472.7134191438129	4300	5.818220142504997	0.0	2219102	4097.622691773907	4.3
1476.6636231225432	4300	5.868016163774981	0.0	2124950	3950.203978730017	4.3
1480.707756118785	4300	5.823883167533028	0.0	2246506	4044.1329962419527	4.3
1484.1425790474775	4300	6.389060238840513	0.0	1961140	3434.8229286925143	4.3
1488.4297636173317	4300	6.101875668986413	0.0	2155012	4287.1845698541	4.3

