66520.24153615194	750	4.0	3.7572090788844412	450283	3757.20907888	-15.405999039203095
66535.13251801027	2850	4.0	10.890981858337506	1431809	14890.9818583	-46.081221990851276
66548.29590518516	2850	4.0	9.163387174907472	1300868	13163.3871749	-36.55256485210212
66578.6979054066	2850	4.0	26.402000221440183	1520281	30402.0002214	-110.67860095219278
66614.1988855145	2850	4.0	31.500980107893817	1472558	35500.9801079	-132.6042144639434
66647.80392357215	2850	4.0	29.605038057641046	1224260	33605.0380576	-124.45166364785649
66675.07251056364	2850	4.0	23.26858699148808	1388403	27268.5869915	-97.20492406339874
66685.72750109418	2850	4.0	6.654990530546102	1638769	10654.9905305	-25.766459281348236
66694.68781825545	2850	4.0	4.96031716126956	1348011	8960.31716127	-18.479363793459108
66701.53772278511	2850	4.0	2.84990452967117	1429765	6849.90452967	-9.40458947758603
66708.51689940755	2850	4.0	2.979176622431085	1354548	6979.17662243	-9.960459476453666
66715.02490375769	2850	4.0	2.508004350151782	1519951	6508.00435015	-7.9344187056526625
66721.05080102442	2850	4.0	2.0258972667274664	1422919	6025.89726673	-5.861358246928106
66728.22269695447	2850	4.0	3.171895930046406	1578343	7171.89593005	-10.789152499199545
66734.43728907543	2850	4.0	2.2145921209661528	1231445	6214.59212097	-6.672746120154457
66744.58762358304	2850	4.0	6.1503345076099105	1471065	10150.3345076	-23.596438382722614
66750.54741727764	2850	4.0	1.9597936946097916	1491626	5959.79369461	-5.577112886822103
66756.46399291813	2850	4.0	1.9165756404880194	1358801	5916.57564049	-5.391275254098483
66763.00857905483	2850	4.0	2.544586136699193	1537156	6544.5861367	-8.09172038780653
66768.55102143623	2850	4.0	1.54244238139975	1336050	5542.4423814	-3.782502240018925
66774.93003898146	2850	4.0	2.3790175452283755	1415116	6379.01754523	-7.379775444482014
66782.1845435809	2850	4.0	3.2545045994389694	1468126	7254.50459944	-11.144369777587569
66789.91096773751	2850	4.0	3.726424156607287	1505760	7726.42415661	-13.173623873411332
66799.67411804236	2850	4.0	5.763150304851579	1323990	9763.15030485	-21.931546310861787
66810.47538764664	2850	4.0	6.8012696042779535	1383735	10801.2696043	-26.3954592983952
66824.55940686176	2850	4.0	10.084019215125064	1480464	14084.0192151	-40.51128262503777
66832.86852029274	2850	4.0	4.3091134309846515	1547572	8309.11343098	-15.679187753234002
66841.50898542584	2850	4.0	4.640465133103911	1141971	8640.4651331	-17.104000072346814
66857.18999870513	2850	4.0	11.681013279289171	1498470	15681.0132793	-47.37835710094343
66878.7244940582	2850	4.0	17.53449535307435	1561263	21534.4953531	-72.54833001821972
66916.92491353212	2850	4.0	34.200419473899274	1341201	38200.4194739	-144.21180373776687
66947.91609332598	2850	4.0	26.991179793869676	1497683	30991.1797939	-113.2120731136396
66987.64885683967	2850	4.0	35.73276351369156	1358081	39732.7635137	-150.8008831088737
66999.20118938274	2850	4.0	7.552332543066022	1587293	11552.3325431	-29.625029935183896
67009.31174153446	2850	4.0	6.110552151713628	1492672	10110.5521517	-23.425374252368595
67016.58702371361	2850	4.0	3.2752821791618287	1439896	7275.28217916	-11.233713370395863
67022.50435525978	2850	4.0	1.9173315461569274	1139291	5917.33154616	-5.394525648474788
67029.745260309	2850	4.0	3.240905049230997	1499009	7240.90504923	-11.085891711693288
67035.7868531509	2850	4.0	2.0415928418928417	1427478	6041.59284189	-5.92884922013922
67041.94668608592	2850	4.0	2.1598329350296472	1402287	6159.83293503	-6.437281620627482
67047.61678668838	2850	4.0	1.6701006024480447	1339500	5670.10060245	-4.3314325905265925
67056.46315857081	2850	4.0	4.846371882442028	1527299	8846.37188244	-17.98939909450072
67064.39470578694	2850	4.0	3.9315472161212637	1343002	7931.54721612	-14.055653029321432
67071.16862461493	2850	4.0	2.77391882799403	1587250	6773.91882799	-9.07785096037433
67077.39588117298	2850	4.0	2.22725655804447	1464921	6227.25655804	-6.727203199591221
67083.62089284034	2850	4.0	2.225011667347144	1483527	6225.01166735	-6.7175501695927196
67089.177042845	2850	4.0	1.5561500046716392	1231456	5556.15000467	-3.8414450200880483
67095.68053357172	2850	4.0	2.5034907267175703	1364537	6503.49072672	-7.915010124885553

