16560.75301352546	750	4.0	4.948165992489615	450283	4948.165992489616	-20.527113767705345
16562.159799332057	300	6.593214193405611	0.0	155580	1406.7858065943897	-0.15000000000000002
16563.172443669922	300	9.580569855539265	0.0	139857	1012.6443378663465	0.3
16564.324893737175	300	12.428119788285638	0.0	155432	1152.4500672536267	0.3
16568.05975648871	750	12.693257036751803	0.0	411561	3734.8627515338358	0.3
16571.214457964412	750	13.538555561051464	0.0	318564	3154.7014757003385	0.75
16574.995081166122	750	13.757932359340742	0.0	352642	3780.6232017107213	0.75
16583.10234692257	750	9.65066660289391	0.0	437162	8107.265756446832	0.75
16586.546265657686	750	10.20674786777804	0.0	374758	3443.9187351158707	0.75
16590.254504498396	750	10.498509027067557	0.0	362795	3708.238840710483	0.75
16593.185001568127	750	11.568011957337069	0.0	353220	2930.4970697304893	0.75
16597.05457375366	750	11.698439771806388	0.0	405134	3869.5721855306806	0.75
16601.57220995028	750	11.18080357518637	0.0	386351	4517.636196620018	0.75
16607.486874555074	750	9.266138970392353	0.0	434409	5914.664604794018	0.75
16613.594523373067	750	7.158490152398831	0.0	337059	6107.648817993521	0.75
16615.005021709938	300	9.747991815529167	0.0	138313	1410.4983368696646	-0.15000000000000002
16616.222991856495	300	12.530021668970159	0.0	143509	1217.9701465590072	0.3
16617.495373280646	300	15.257640244822657	0.0	150616	1272.3814241475022	0.3
16618.904015850683	300	17.84899767478586	0.0	165384	1408.6425700367977	0.3
16619.870634617535	300	20.882378907933408	0.0	140881	966.6187668524525	0.3
16624.52527751354	1200	20.227736011923433	0.0	601738	4654.642896009977	0.29999999999999993
16629.98404939338	1200	18.768964132086047	0.0	616206	5458.771879837384	1.2
16636.701679153193	1200	16.051334372271224	0.0	656471	6717.629759814823	1.2
16642.10627056138	1200	14.646742964083952	0.0	536667	5404.591408187271	1.2
16650.343632967975	1200	10.409380557489659	0.0	587236	8237.362406594295	1.2
16655.356139867334	750	9.396873658132408	0.0	379700	5012.5068993572495	0.3
16664.21539623856	750	4.537617286906241	0.0	425781	8859.256371226167	0.75
16665.319433659017	300	7.4335798664517005	0.0	111155	1104.0374204545406	-0.15000000000000002
16666.912827859815	300	9.84018566565403	0.0	153605	1593.3942007976711	0.3
16668.536690564506	300	12.216322960959577	0.0	149029	1623.8627046944523	0.3
16670.115285176355	300	14.637728349111908	0.0	157421	1578.5946118476675	0.3
16671.474369316842	300	17.27864420862429	0.0	157488	1359.0841404876214	0.3
16674.602448094254	750	18.150565431212392	0.0	369834	3128.078777411897	0.3
16678.1495102643	750	18.60350326116632	0.0	412837	3547.0621700460747	0.75
16681.492015143234	750	19.260998382232223	0.0	401088	3342.5048789340935	0.75
16685.82487920792	1200	18.928134317543666	0.0	598727	4332.864064688559	0.75
16689.530138790597	1200	19.222874734868448	0.0	487812	3705.259582675218	1.2
16693.26604435422	1200	19.486969171246457	0.0	575591	3735.905563621991	1.2
16697.723443062383	1200	19.02957046308489	0.0	605884	4457.398708161561	1.2
16701.71559746427	1200	19.037416061196286	0.0	587506	3992.154401888607	1.2
16705.563184943192	1200	19.1898285822764	0.0	566904	3847.587478919886	1.2
16710.264191164137	1200	18.48882236133167	0.0	641452	4701.0062209447315	1.2
16714.345926473092	1200	18.40708705237787	0.0	599477	4081.7353089537987	1.2
16719.124674450843	1200	17.628339074626687	0.0	634861	4778.747977751182	1.2
16727.99099533591	1850	12.762018189558708	0.0	958994	8866.32088506798	1.2000000000000002
16737.762598637924	1850	6.990414887542676	0.0	982064	9771.603302016032	1.85
16741.892532130605	1200	6.860481394864408	0.0	538612	4129.9334926782685	0.5499999999999999
16746.024928827548	1200	6.728084697922568	0.0	550906	4132.39669694184	1.2

