2977.4080863398854	750	4.0	1.8471370276969283	450283	1847.1370276969283	-7.192689219096792
2979.3472967300227	750	6.060789609862291	0.0	398865	1939.2103901377081	0.75
2981.0859425524354	750	8.322143787449836	0.0	350812	1738.6458224124558	0.75
2982.7458163184715	750	10.662270021413521	0.0	382355	1659.8737660363154	0.75
2987.176333313586	1850	10.231753026299295	0.0	996749	4430.516995114225	0.75
2990.4785953251667	1850	10.929491014718263	0.0	801058	3302.2620115810328	1.85
2993.900597428227	1850	11.507488911658218	0.0	905515	3422.002103060044	1.85
2998.158338817742	1850	11.2497475221434	0.0	1060487	4257.741389514819	1.85
3002.13344677444	1850	11.274639565445373	0.0	852833	3975.107956698026	1.85
3006.5755624774474	1850	10.832523862437629	0.0	913888	4442.115703007744	1.85
3010.342509227325	1850	11.065577112560211	0.0	939819	3766.946749877418	1.85
3014.062469058374	1850	11.34561728151135	0.0	917428	3719.959831048861	1.85
3017.4189516731203	1850	11.989134666765134	0.0	946851	3356.4826147462145	1.85
3021.5067962896087	1850	11.901290050276366	0.0	1036454	4087.8446164887687	1.85
3024.2387174809646	1850	13.1693688589205	0.0	821631	2731.921191355866	1.85
3027.8236060028275	1850	13.58448033705718	0.0	923170	3584.8885218633195	1.85
3031.247467400947	1850	14.16061893893824	0.0	966699	3423.8613981189396	1.85
3034.7324772931624	1850	14.675609046722247	0.0	885714	3485.0098922159927	1.85
3039.167228040114	1850	14.24085829977081	0.0	987708	4434.750746951437	1.85
3043.6913521782494	1850	13.716734161635268	0.0	923755	4524.124138135542	1.85
3047.7755684664344	1850	13.63251787345066	0.0	891604	4084.216288184609	1.85
3052.1730247305745	1850	13.235061609310662	0.0	955231	4397.456264139997	1.85
3056.638362035758	1850	12.769724304126976	0.0	968026	4465.337305183685	1.85
3060.3219479752665	1850	13.086138364617948	0.0	874175	3683.585939509028	1.85
3064.4983103188483	1850	12.909776021036643	0.0	897976	4176.362343581303	1.85
3068.4244953075145	1850	12.983591032370226	0.0	905935	3926.1849886664163	1.85
3074.0546908829383	1850	11.353395456946306	0.0	1076599	5630.195575423921	1.85
3078.9070268811893	1850	10.501059458695728	0.0	758197	4852.335998250577	1.85
3090.035490057974	1850	4.0	0.6274037180893501	972798	11128.463176785079	-0.8478359877842054
3094.3133714433015	300	4.0	0.27788138532748236	149029	4277.881385327482	-2.444889956908174
3097.0229039125584	300	5.290467530743209	0.0	157421	2709.532469256791	0.3
3098.5236073285955	300	7.789764114706	0.0	157488	1500.7034160372084	0.3
3099.8510570702747	300	10.462314373026862	0.0	143881	1327.4497416791385	0.3
3101.17152270611	300	13.141848737191737	0.0	163444	1320.4656358351249	0.3
3102.571756994001	300	15.741614449300839	0.0	179328	1400.2342878908978	0.3
3105.5595287753304	750	16.75384266797194	0.0	365161	2987.7717813288987	0.3
3109.788845703759	750	16.524525739543325	0.0	321064	4229.316928428617	0.75
3113.7893977649355	750	16.52397367836664	0.0	361565	4000.5520611766838	0.75
3117.226353262479	750	17.08701818082345	0.0	378327	3436.9554975431925	0.75
3119.8763010373455	750	18.43707040595704	0.0	390680	2649.9477748664044	0.75
3122.593161210938	750	19.720210232364902	0.0	345516	2716.8601735921416	0.75
3125.7730939222106	750	20.540277521092502	0.0	384505	3179.9327112723977	0.75
3129.6758676714535	1200	20.637503771849325	0.0	599477	3902.773749243178	0.75
3133.9763388396564	1200	20.3370326036465	0.0	634861	4300.471168202826	1.2
3139.571179906715	1200	18.742191536588216	0.0	630203	5594.84106705828	1.2
3150.5431929504766	1850	11.770178492826664	0.0	982064	10972.013043761552	1.2000000000000002
3156.3254639060747	1200	9.987907537228097	0.0	538612	5782.2709555985675	0.5499999999999999
3161.8476000652554	1200	8.465771378047368	0.0	550906	5522.13615918073	1.2

