5051.650089724516	750	4.0	5.259051639025879	450283	5259.051639025879	-21.86392204781128
5053.195315787165	300	6.454773937350686	0.0	155580	1545.2260626493135	-0.15000000000000002
5054.658226453863	300	8.991863270652232	0.0	139857	1462.9106666984549	0.3
5056.012750888473	300	11.637338836041588	0.0	155432	1354.5244346106435	0.3
5057.426157623386	300	14.223932101129046	0.0	163442	1413.4067349125414	0.3
5058.696798643114	300	16.953291081401293	0.0	126289	1270.6410197277503	0.3
5061.908420752481	750	17.741668972034006	0.0	352642	3211.6221093672875	0.3
5066.03689078463	750	17.613198939885784	0.0	437162	4128.470032148223	0.75
5070.857690876316	1200	16.792398848199316	0.0	584846	4820.80009168647	0.75
5074.121375183125	1200	17.528714541390336	0.0	560821	3263.6843068089784	1.2
5077.6432821449025	1200	18.006807579612694	0.0	607410	3521.9069617776386	1.2
5081.005516567705	1200	18.64457315680962	0.0	594078	3362.2344228030734	1.2
5084.630637661859	1200	19.019452062656335	0.0	624282	3625.121094153285	1.2
5089.63102808821	1200	18.019061636304738	0.0	687371	5000.3904263516	1.2
5092.453752717716	1200	19.196337006798036	0.0	526950	2822.724629506701	1.2
5095.428069099744	1200	20.222020624770757	0.0	587876	2974.3163820272794	1.2
5101.1695890339015	1850	18.480500690612715	0.0	966699	5741.51993415804	1.2000000000000002
5105.3091914405795	1850	18.340898283935253	0.0	885714	4139.602406677463	1.85
5110.5073421881525	1850	17.142747536361952	0.0	987708	5198.150747573301	1.85
5115.282502539573	1850	16.36758718494112	0.0	923755	4775.160351420832	1.85
5121.277305795058	1850	14.372783929456658	0.0	891604	5994.803255484462	1.85
5127.955092032509	1850	11.694997692005872	0.0	955231	6677.786237450786	1.85
5135.131067874888	1850	8.519021849626863	0.0	968026	7175.97584237901	1.85
5139.335864085808	1200	8.314225638707631	0.0	536667	4204.796210919232	0.5499999999999999
5143.327521091684	1200	8.322568632831517	0.0	587236	3991.657005876113	1.2
5147.042528049535	1200	8.607561674980552	0.0	590335	3715.0069578509656	1.2
5150.430883714702	1200	9.219206009813803	0.0	696376	3388.3556651667486	1.2
5153.240428871132	1200	10.40966085338301	0.0	487160	2809.5451564307937	1.2
5157.979069783936	1200	9.671019940578873	0.0	622896	4738.640912804136	1.2
5162.434852348862	1200	9.215237375653796	0.0	641447	4455.782564925076	1.2
5167.225809944399	1200	8.424279780116496	0.0	570392	4790.957595537301	1.2
5173.5765640322825	1200	6.073525692232689	0.0	620283	6350.754087883807	1.2
5176.613857518665	750	7.036232205849894	0.0	369834	3037.2934863827954	0.3
5178.153447337037	300	9.496642387478087	0.0	163444	1539.5898183718077	-0.15000000000000002
5181.814571960134	750	9.835517764380599	0.0	401088	3661.1246230974884	0.3
5185.46133715198	750	10.188752572535392	0.0	365161	3646.765191845206	0.75
5188.340539054874	750	11.30955066964125	0.0	321064	2879.2019028941413	0.75
5191.807408133704	750	11.842681590812596	0.0	361565	3466.8690788286544	0.75
5195.252497730314	750	12.397591994201655	0.0	378327	3445.0895966109397	0.75
5199.533009971848	750	12.11707975266739	0.0	390680	4280.512241534265	0.75
5203.068749874037	750	12.581339850478827	0.0	345516	3535.739902188563	0.75
5208.24702135631	750	11.403068368205437	0.0	384505	5178.27148227339	0.75
5212.150158105522	750	11.499931618993823	0.0	372093	3903.136749211613	0.75
5216.338179187037	750	11.3119105374786	0.0	438281	4188.021081515224	0.75
5220.31119613913	750	11.338893585385994	0.0	398987	3973.0169520926047	0.75
5224.3083988098015	750	11.341690914713903	0.0	393804	3997.2026706720917	0.75
5227.296159432182	750	12.353930292334066	0.0	331053	2987.7606223798384	0.75
5238.022433633784	1850	5.6276560907323345	0.0	846370	10726.274201601731	0.75

