4651.405102417449	750	4.0	3.9247822452337946	450283	3924.7822452337946	-16.126563654505315
4652.756498710664	300	6.648603706784821	0.0	155580	1351.3962932151785	-0.15000000000000002
4653.808635774674	300	9.596466642774697	0.0	139857	1052.1370640101254	0.3
4655.191761401345	300	12.213341016103536	0.0	155432	1383.1256266711605	0.3
4656.62983412374	300	14.775268293708956	0.0	163442	1438.0727223945805	0.3
4658.818431131767	750	16.58667128568151	0.0	318564	2188.597008027445	0.3
4662.296968181189	1200	17.108134236259723	0.0	561791	3478.5370494217855	0.75
4666.294379497824	1200	17.110722919625978	0.0	709534	3997.411316633746	1.2
4671.113799193818	1200	16.291303223631957	0.0	584846	4819.419695994024	1.2
4675.435802606769	1200	15.96929981067991	0.0	560821	4322.003412952045	1.2
4678.781275091994	1200	16.623827325454943	0.0	607410	3345.4724852249688	1.2
4683.84891032525	1200	15.556192092198563	0.0	594078	5067.635233256379	1.2
4691.7958005045775	1200	11.609301912870661	0.0	624282	7946.890179327899	1.2
4696.726879169128	750	10.678223248319759	0.0	434409	4931.078664550904	0.3
4700.1682951573575	750	11.23680726009058	0.0	337059	3441.4159882291765	0.75
4703.7661370628675	750	11.638965354580234	0.0	366214	3597.8419055103473	0.75
4706.733592020455	750	12.67151039699236	0.0	360831	2967.4549575878737	0.75
4710.1657990404365	750	13.239303377010858	0.0	372963	3432.2070199815025	0.75
4718.01555037387	750	9.389552043577446	0.0	405596	7849.751333433412	0.75
4725.295157901603	750	6.109944515844891	0.0	350713	7279.607527732554	0.75
4727.22092172893	300	8.184180688516884	0.0	157671	1925.7638273280072	-0.15000000000000002
4729.28373647811	300	10.121365939337238	0.0	157812	2062.8147491796453	0.3
4731.7262958553465	300	11.678806562100602	0.0	163927	2442.5593772366356	0.3
4733.644539960066	300	13.760562457380544	0.0	137654	1918.24410472006	0.3
4735.485202977141	300	15.919899440305251	0.0	146754	1840.6630170752926	0.3
4740.514487870865	750	14.890614546581416	0.0	379700	5029.284893723835	0.3
4744.143357209302	750	15.261745208145475	0.0	425781	3628.8693384359385	0.75
4747.147717672903	750	16.257384744544225	0.0	277716	3004.360463601249	0.75
4752.712036317934	750	14.693066099513974	0.0	400396	5564.318645030254	0.75
4756.961311598955	750	14.44379081849265	0.0	400508	4249.275281021325	0.75
4762.670386816012	750	12.734715601435942	0.0	358218	5709.0752170567075	0.75
4768.950372042014	750	10.454730375433584	0.0	400322	6279.985226002359	0.75
4769.975007105387	300	13.430095312061457	0.0	143881	1024.6350633721263	-0.15000000000000002
4771.151264312551	300	16.25383810489804	0.0	163444	1176.2572071634188	0.3
4774.272098301756	750	17.13300411569254	0.0	401088	3120.8339892055	0.3
4776.3827831128065	750	19.022319304642636	0.0	365161	2110.684811049905	0.75
4778.180881346562	750	21.22422107088691	0.0	321064	1798.0982337557239	0.75
4781.285535516726	1200	22.11956690072307	0.0	575591	3104.6541701638434	0.75
4786.71283758467	1200	20.69226483277884	0.0	605884	5427.302067944229	1.2
4791.557062357799	1200	19.848040059649758	0.0	587506	4844.224773129086	1.2
4794.373790435759	1200	21.031311981690664	0.0	566904	2816.7280779590938	1.2
4800.77845355477	1200	18.62664886267867	0.0	641452	6404.6631190119915	1.2
4804.209897740781	1200	19.19520467666753	0.0	599477	3431.4441860111406	1.2
4807.545711502516	1200	19.859390914932767	0.0	634861	3335.8137617347656	1.2
4810.769644626762	1200	20.63545779068656	0.0	630203	3223.9331242462063	1.2
4815.644927163177	1850	19.760175254271278	0.0	982064	4875.2825364152795	1.2000000000000002
4820.859215603799	1850	18.545886813649233	0.0	830730	5214.2884406220455	1.85
4833.0698584438205	4300	10.335243973628158	0.0	2155012	12210.642840021073	1.8499999999999996

