4463.9499141910355	750	4.0	1.384287999087403	450283	1384.287999087403	-5.202438396075833
4466.035704923345	1200	5.9142092676901505	0.0	611087	2085.7907323098493	0.75
4468.241716058641	1200	7.7081981323951245	0.0	571051	2206.0111352950253	1.2
4470.350760005476	1200	9.599154185560037	0.0	617681	2109.043946835087	1.2
4472.520441151264	1200	11.429473039771706	0.0	652874	2169.6811457883323	1.2
4474.9912231918	1850	12.95869099923665	0.0	801058	2470.782040535055	1.2000000000000002
4478.077229233266	1850	13.872684957770034	0.0	905515	3086.0060414666145	1.85
4483.128296641323	2850	12.82161754971343	0.0	1638769	5051.067408056604	1.85
4488.5084692037735	2850	11.441444987262212	0.0	1348011	5380.172562451218	2.85
4493.776148812358	2850	10.173765378677789	0.0	1429765	5267.679608584424	2.85
4501.544126639111	2850	6.405787551924919	0.0	1354548	7767.977826752869	2.85
4508.300357274445	1200	4.0	0.35044308340874886	594078	6756.230635333668	-1.9569052586576199
4509.221001759878	300	7.079355514566549	0.0	160746	920.6444854334518	-0.6000000000000001
4510.701198836745	300	9.59915843769993	0.0	179801	1480.197076866617	0.3
4513.242592642662	300	11.057764631782655	0.0	140051	2541.393805917277	0.3
4515.282741920228	300	13.017615354217577	0.0	138313	2040.1492775650765	0.3
4516.875587475026	300	15.424769799418693	0.0	143509	1592.845554798885	0.3
4518.412029806257	300	17.888327468187637	0.0	150616	1536.4423312310553	0.3
4520.001940528505	300	20.2984167459401	0.0	165384	1589.910722247534	0.3
4521.3681455571705	300	22.932211717273756	0.0	140881	1366.2050286663452	0.3
4525.9197342871375	750	22.380622987307103	0.0	386472	4551.588729966653	0.3
4529.855454729337	750	22.444902545107055	0.0	399894	3935.7204422000473	0.75
4534.39947423758	750	21.900883036864318	0.0	401853	4544.019508242736	0.75
4538.400466341781	1200	21.89989093266403	0.0	536667	4000.9921042002893	0.75
4542.697349555689	1200	21.603007718755492	0.0	587236	4296.883213908534	1.2
4546.419998141415	1200	21.880359133029636	0.0	590335	3722.6485857258544	1.2
4550.116200898578	1200	22.1841563758656	0.0	696376	3696.2027571640356	1.2
4553.432253832562	1200	22.868103441881875	0.0	487160	3316.052933983726	1.2
4557.500972392377	1200	22.799384882067432	0.0	622896	4068.7185598144406	1.2
4562.603716236559	1200	21.696641037885126	0.0	641447	5102.743844182307	1.2
4566.861785047478	1200	21.43857222696627	0.0	570392	4258.068810918855	1.2
4573.168753786178	1200	19.131603488266112	0.0	620283	6306.968738700158	1.2
4577.472891870313	1200	18.827465404131328	0.0	584349	4304.138084134785	1.2
4581.991284135871	1200	18.309073138574025	0.0	670129	4518.392265557301	1.2
4585.957626432649	1200	18.342730841795397	0.0	690253	3966.3422967786296	1.2
4589.423033908817	1200	18.877323365627134	0.0	598727	3465.407476168264	1.2
4591.858917609828	1200	20.44143966461624	0.0	487812	2435.883701010893	1.2
4595.144426479633	1200	21.155930794810956	0.0	575591	3285.5088698052837	1.2
4599.740883264191	1850	20.559474010252657	0.0	908665	4596.456784558299	1.2000000000000002
4605.14351740807	1850	19.156839866373723	0.0	930577	5402.634143878931	1.85
4610.258790265267	1850	18.041567009176692	0.0	858450	5115.272857197032	1.85
4616.841621056076	1850	15.45873621836716	0.0	1025005	6582.830790809529	1.85
4622.671040565614	1850	13.629316708829512	0.0	886255	5829.41950953765	1.85
4629.817507151537	1850	10.482850122906584	0.0	973972	7146.466585922928	1.85
4634.123691224492	1850	10.176666049950883	0.0	958994	4306.1840729557	1.85
4638.500831512616	1850	9.799525761827232	0.0	982064	4377.140288123652	1.85
4641.867157222227	1850	10.433200052216051	0.0	830730	3366.3257096111806	1.85
4647.480320172215	2850	8.820037102228818	0.0	1364537	5613.162949987232	1.85

