367.1076193984847	750	4.0	1.8710689380755445	450283	1871.0689380755446	-7.295596433724841
368.7106333102778	750	6.396986088206931	0.0	398865	1603.0139117930696	0.75
369.8433860887322	750	9.264233309752525	0.0	350812	1132.7527784544063	0.75
372.33910812053125	1850	10.768511277953447	0.0	933276	2495.722031799078	0.75
375.01464081106735	1850	12.09297858741734	0.0	996749	2675.532690536108	1.85
377.46030105720934	1850	13.647318341275403	0.0	801058	2445.660246141937	1.85
383.6216756110753	2850	11.485943787409436	0.0	1388403	6161.374553865967	1.85
388.3669977735099	2850	10.740621624974793	0.0	1638769	4745.322162434645	2.85
392.2862736590443	2850	10.821345739440462	0.0	1348011	3919.275885534332	2.85
397.17441237598916	2850	9.933207022495633	0.0	1429765	4888.138716944829	2.85
400.8415350013228	2850	10.266084397161986	0.0	1354548	3667.122625333646	2.85
405.9634402743914	2850	9.144179124093341	0.0	1519951	5121.905273068645	2.85
411.18301802430307	2850	7.924601374181719	0.0	1422919	5219.577749911622	2.85
417.92597556743965	2850	5.18164383104515	0.0	1578343	6742.957543136569	2.85
421.2778131765156	1850	5.829806221969168	0.0	821631	3351.837609075982	0.8500000000000001
426.6585892085986	1850	4.449030189886182	0.0	923170	5380.776032082987	1.85
433.6142750051024	1200	4.0	2.5066556066176298	617242	6955.685796503812	-10.228619108455808
433.97698362993725	300	7.637291375165189	0.0	150616	362.7086248348117	-0.6000000000000001
434.36669793964364	300	11.247577065458774	0.0	165384	389.7143097064147	0.3
436.1260736095774	750	13.488201395524998	0.0	350713	1759.3756699337755	0.3
441.68343619908177	750	11.93083880602069	0.0	386472	5557.362589504309	0.75
446.2750113959343	750	11.339263609168153	0.0	399894	4591.575196852536	0.75
449.6416402373263	750	11.97263476777614	0.0	401853	3366.6288413920124	0.75
452.3063684851635	750	13.307906519939	0.0	343800	2664.7282478371417	0.75
455.8475535278123	750	13.7667214772902	0.0	359903	3541.1850426487977	0.75
459.03669120632134	750	14.57758379878114	0.0	379700	3189.1376785090606	0.75
462.6642797186909	750	14.949995286411596	0.0	425781	3627.5885123695425	0.75
467.27602964991155	1200	14.338245355190905	0.0	487160	4611.74993122069	0.75
472.9934435330357	1200	12.620831472066799	0.0	622896	5717.413883124107	1.2
480.760532920247	1200	8.853742084855515	0.0	641447	7767.089387211282	1.2
485.63976889935464	1200	7.974506105747903	0.0	570392	4879.235979107613	1.2
488.54992843960997	750	9.064346565492515	0.0	400322	2910.159540255387	0.3
491.6322792234527	750	9.981995781649806	0.0	369834	3082.350783842709	0.75
494.90831435500473	750	10.705960650097808	0.0	412837	3276.035131551998	0.75
498.0892684941794	750	11.525006510923156	0.0	401088	3180.9541391746516	0.75
501.1891246022546	750	12.425150402847994	0.0	365161	3099.856108075162	0.75
504.9796034382543	1200	12.63467156684833	0.0	487812	3790.478835999666	0.75
509.5301156728531	1200	12.084159332249481	0.0	575591	4550.5122345988475	1.2
514.520017037733	1200	11.09425796736952	0.0	605884	4989.901364879961	1.2
520.7048450792457	1200	8.909429925856871	0.0	587506	6184.828041512649	1.2
525.9653880528459	1200	7.648886952256628	0.0	566904	5260.542973600243	1.2
528.3579629242648	750	9.25631208083771	0.0	384505	2392.5748714189194	0.3
530.6893721953046	750	10.924902809797924	0.0	372093	2331.4092710397863	0.75
534.007436405209	750	11.606838599893482	0.0	438281	3318.064209904441	0.75
536.9008555173059	750	12.713419487796607	0.0	398987	2893.4191120968744	0.75
539.9713811293324	750	13.64289387577015	0.0	393804	3070.5256120264557	0.75
546.3697184121825	1850	11.244556592920075	0.0	830730	6398.337282850077	0.75
553.5179966519073	1850	8.096278353195093	0.0	846370	7148.278239724982	1.85

