9116.879795655397	750	4.0	2.8275693741498356	450283	2827.5693741498358	-11.408548308844292
9117.71239605192	300	7.167399603477153	0.0	155580	832.600396522847	-0.15000000000000002
9119.233500098355	750	9.646295557042475	0.0	350812	1521.1040464346786	0.3
9125.800216460422	1200	7.079579194976285	0.0	617681	6566.7163620661895	0.75
9132.682065638784	750	4.197730016613205	0.0	411561	6881.84917836308	0.3
9135.186907774621	300	5.692887880776194	0.0	126289	2504.842135837012	-0.15000000000000002
9137.909501719965	300	6.97029393543391	0.0	153295	2722.5939453422843	0.3
9140.749909063754	300	8.12988659164342	0.0	173849	2840.40734379049	0.3
9144.518005932232	300	8.361789723165812	0.0	150710	3768.096868477608	0.3
9149.229613713764	300	7.650181941634914	0.0	139105	4711.607781530898	0.3
9152.966565160765	300	7.913230494633814	0.0	141840	3736.951447001099	0.3
9156.506368723512	300	8.373426931886115	0.0	156148	3539.8035627477	0.3
9159.598906834819	300	9.28088882058025	0.0	160746	3092.5381113058643	0.3
9162.733843557413	300	10.145952097984278	0.0	179801	3134.9367225959722	0.3
9165.426943425617	300	11.452852229781083	0.0	140051	2693.099868203195	0.3
9168.169144024969	300	12.710651630429123	0.0	138313	2742.200599351962	0.3
9171.589635020062	300	13.290160635334358	0.0	143509	3420.490995094764	0.3
9175.139299804398	300	13.74049585100025	0.0	150616	3549.6647843341075	0.3
9178.482495263832	300	14.39730039156586	0.0	165384	3343.1954594343897	0.3
9180.948955438678	300	15.930840216717908	0.0	140881	2466.4601748479536	0.3
9183.816588307456	300	17.06320734793935	0.0	157671	2867.632868778556	0.3
9186.798278516797	300	18.08151713859955	0.0	157812	2981.6902093397994	0.3
9190.116976349846	300	18.762819305550963	0.0	163927	3318.6978330485913	0.3
9194.031266202874	300	18.84852945252118	0.0	137654	3914.2898530297803	0.3
9199.24259855092	300	17.63719710447657	0.0	146754	5211.332348044609	0.3
9200.728225503999	300	20.151570151396335	0.0	153938	1485.6269530802351	0.3
9202.32889064378	300	22.55090501161729	0.0	181901	1600.6651397790465	0.3
9203.352874298942	300	25.526921356454384	0.0	111155	1023.9836551629046	0.3
9204.820087332102	300	28.05970832329433	0.0	153605	1467.2130331600522	0.3
9206.36055174308	300	30.519243912315527	0.0	149029	1540.464410978801	0.3
9209.289746917759	750	31.590048737637613	0.0	358218	2929.195174677914	0.3
9217.787142823132	1200	27.092652832264847	0.0	620283	8497.395905372763	0.75
9223.005145738347	1200	25.87464991705067	0.0	584349	5218.002915214176	1.2
9227.535452657583	1200	25.344342997815836	0.0	670129	4530.306919234838	1.2
9234.640504379837	1200	22.239291275560472	0.0	690253	7105.0517222553635	1.2
9246.126031175816	1200	14.753764479581484	0.0	598727	11485.526795978985	1.2
9251.95513458725	1200	12.924661068149646	0.0	487812	5829.103411431839	1.2
9255.343227227246	750	13.536568428152016	0.0	361565	3388.092639997631	0.3
9257.318227846728	750	15.56156780866949	0.0	378327	1975.0006194825257	0.75
9260.069634705695	750	16.810160949704112	0.0	390680	2751.406858965374	0.75
9261.588222822613	750	19.29157283278703	0.0	345516	1518.5881169170864	0.75
9263.599695532797	750	21.28010012260239	0.0	384505	2011.472710184637	0.75
9273.611421881704	1200	15.268373773696007	0.0	599477	10011.726348906384	0.75
9284.83036484559	1200	8.049430809810945	0.0	634861	11218.942963885062	1.2
9290.55525944141	300	6.324536213989979	0.0	167025	5724.894595820966	-0.6000000000000001
9294.94745943426	300	5.9323362211400585	0.0	160064	4392.199992849921	0.3
9298.07423050083	300	6.805565154570214	0.0	137507	3126.771066569844	0.3
9300.56346217735	300	8.3163334780511	0.0	118421	2489.2316765191144	0.3

