2229.293310783307	750	4.0	4.838144007766586	450283	4838.144007766587	-20.05401923339632
2230.8841501095135	300	6.409160673793575	0.0	155580	1590.8393262064255	-0.15000000000000002
2232.0875043680103	300	9.205806415296815	0.0	139857	1203.3542584967608	0.3
2233.3439627201196	300	11.949348063187209	0.0	155432	1256.4583521096054	0.3
2234.6671020233657	300	14.626208759941129	0.0	163442	1323.1393032460794	0.3
2235.763818623706	300	17.529492159601176	0.0	126289	1096.7166003399511	0.3
2240.0461256315925	1200	17.2471851517142	0.0	561791	4282.3070078869805	0.29999999999999993
2245.689997356498	1200	15.603313426808585	0.0	709534	5643.871724905613	1.2
2249.543656240355	1200	15.749654542951435	0.0	584846	3853.6588838571492	1.2
2254.235334295864	1200	15.057976487442572	0.0	560821	4691.678055508864	1.2
2257.796384664753	1200	15.496926118553827	0.0	607410	3561.050368888743	1.2
2260.842607402186	1200	16.450703381120846	0.0	594078	3046.222737432983	1.2
2263.4567487547442	1200	17.83656202856221	0.0	624282	2614.1413525586354	1.2
2266.4347909516496	1200	18.858519831657116	0.0	687371	2978.042196905095	1.2
2268.627810875806	1200	20.665499907500553	0.0	526950	2193.01992415656	1.2
2271.3804308112835	1200	21.912879972022754	0.0	587876	2752.6199354778005	1.2
2274.2157272885424	1200	23.077583494763974	0.0	617242	2835.2964772587798	1.2
2277.10888608569	1200	24.18442469761636	0.0	581493	2893.1587971476133	1.2
2280.577647444358	1850	24.715663338948573	0.0	987708	3468.7613586677867	1.2000000000000002
2285.607989478318	2850	23.685321304987983	0.0	1336050	5030.342033960586	1.85
2296.0743066513683	2850	17.219004131937893	0.0	1415116	10466.31717305009	2.85
2305.654154559508	2850	11.639156223798382	0.0	1468126	9579.847908139513	2.85
2312.4195447946972	1850	8.873765988608895	0.0	968026	6765.390235189488	0.8500000000000001
2316.9983519728526	1850	8.294958810453755	0.0	874175	4578.807178155142	1.85
2320.174215734984	1200	9.119095048321823	0.0	587236	3175.863762131933	0.5499999999999999
2326.1172990660525	1200	7.176011717253603	0.0	590335	5943.083331068219	1.2
2329.0405711792537	750	8.252739604052392	0.0	425781	2923.27211320121	0.3
2329.7199512838765	750	11.573359499429746	0.0	277716	679.3801046226469	0.75
2330.62681176107	750	14.666499022236602	0.0	400396	906.8604771931437	0.75
2331.9820030393716	1200	17.311307743934478	0.0	641447	1355.1912783021253	0.75
2333.240620369388	1200	20.052690413918054	0.0	570392	1258.6173300164212	1.2
2335.256415513271	1850	22.0368952700351	0.0	954453	2015.7951438829537	1.2000000000000002
2337.8113291220525	2850	23.48198166125377	0.0	1358081	2554.913608781331	1.85
2342.167288866246	4300	23.126021917060065	0.0	2286761	4355.959744193705	2.8499999999999996
2348.261381929925	4300	21.031928853381586	0.0	2307787	6094.093063678478	4.3
2352.3978270106	4300	20.89548377270639	0.0	2143948	4136.445080675197	4.3
2356.7871053119734	4300	20.506205471332702	0.0	1919781	4389.278301373686	4.3
2365.0663556973327	4300	16.226955085973085	0.0	2147467	8279.250385359617	4.3
2371.4729733879794	2850	13.820337395326568	0.0	1427478	6406.617690646515	1.4000000000000001
2377.342567822604	2850	11.95074296070182	0.0	1402287	5869.59443462475	2.85
2384.627477013547	2850	8.665833769758938	0.0	1339500	7284.9091909428835	2.85
2387.9450233004	1200	9.3482874829059	0.0	641452	3317.5462868530385	-0.44999999999999996
2390.3799856256182	1200	10.913325157687694	0.0	599477	2434.9623252182055	1.2
2393.3176554876973	1200	11.975655295608831	0.0	634861	2937.669862078863	1.2
2396.4232212860456	1200	12.870089497260057	0.0	630203	3105.5657983487736	1.2
2400.528098422949	1200	12.76521236035717	0.0	638661	4104.877136902889	1.2
2404.750926986953	1850	12.542383796353038	0.0	830730	4222.82856400413	1.2000000000000002
2412.041833963811	2850	9.251476819494757	0.0	1364537	7290.906976858281	1.85

