188.91850610794415	750	4.0	1.4342768133466879	450283	1434.276813346688	-5.4173902973907575
191.05734868452055	1200	5.861157423423616	0.0	611087	2138.8425765763845	0.75
193.99435313126907	1850	6.924152976675084	0.0	877771	2937.004446748531	1.2000000000000002
197.68367808089056	1850	7.234828027053599	0.0	933276	3689.3249496214858	1.85
202.4358576225791	1850	6.4826484853650514	0.0	996749	4752.179541688547	1.85
206.31379102347444	1850	6.604715084469717	0.0	801058	3877.933400895335	1.85
210.51854885129507	1200	6.399957256649118	0.0	561791	4204.757827820599	0.5499999999999999
214.64639971637732	750	6.272106391566845	0.0	437162	4127.850865082273	0.3
216.1297292192941	750	8.788776888650066	0.0	374758	1483.3295029167793	0.75
217.5958323734992	750	11.322673734444946	0.0	362795	1466.1031542051192	0.75
219.10062467198054	750	13.817881435963605	0.0	353220	1504.7922984813415	0.75
220.7815397128868	750	16.136966395057335	0.0	405134	1680.9150409062704	0.75
223.45103491761247	1200	17.467471190331647	0.0	624282	2669.4952047256884	0.75
227.51444117505181	1200	17.40406493289229	0.0	687371	4063.4062574393556	1.2
232.35174393571884	1850	16.566762172225275	0.0	821631	4837.302760667015	1.2000000000000002
236.74981289198433	1850	16.168693215959784	0.0	923170	4398.068956265489	1.85
241.5440253111976	1850	15.374480796746536	0.0	966699	4794.2124192132505	1.85
245.73383066368874	1850	15.184675444255397	0.0	885714	4189.805352491138	1.85
256.52383980322037	1850	8.39466630472378	0.0	987708	10790.009139531618	1.85
261.41280015761157	750	7.505705950332547	0.0	350713	4888.9603543912335	-0.3500000000000001
266.0559167293744	750	6.862589378569677	0.0	386472	4643.116571762869	0.75
267.45035048219137	300	9.468155625752752	0.0	157812	1394.4337528169262	-0.15000000000000002
268.82933760122853	300	12.089168506715582	0.0	163927	1378.9871190371682	0.3
269.97612740346835	300	14.942378704475775	0.0	137654	1146.7898022398076	0.3
271.30432976850994	300	17.614176339434202	0.0	146754	1328.202365041573	0.3
272.8178716563962	300	20.10063445154798	0.0	153938	1513.5418878862201	0.3
277.8810583121147	1200	19.037447795829483	0.0	696376	5063.186655718499	0.29999999999999993
280.0611082149564	1200	20.857397892987755	0.0	487160	2180.0499028417244	1.2
281.964755281287	1200	22.953750826657174	0.0	622896	1903.6470663305827	1.2
283.947574951282	1200	24.970931156662182	0.0	641447	1982.8196699949929	1.2
286.103242509361	1200	26.81526359858317	0.0	570392	2155.667558079013	1.2
288.47242385635786	1200	28.44608225158632	0.0	620283	2369.181346996853	1.2
292.64554743072415	2850	28.272958677220046	0.0	1358081	4173.123574366273	1.2000000000000002
298.93000543914377	2850	25.98850066880045	0.0	1587293	6284.458008419595	2.85
306.8432166046828	2850	22.075289503261324	0.0	1492672	7913.211165539129	2.85
312.9305840979391	2850	19.987922010005033	0.0	1439896	6087.367493256291	2.85
319.707540224544	2850	17.21096588340019	0.0	1139291	6776.956126604843	2.85
324.381782459228	1850	16.536723648716183	0.0	938587	4674.242234684008	0.8500000000000001
327.82925141956525	1850	17.089254688378976	0.0	908665	3447.468960337208	1.85
331.66869448246615	1850	17.24981162547804	0.0	930577	3839.443062900937	1.85
335.2808217355561	1850	17.63768437238809	0.0	858450	3612.127253089947	1.85
339.72722457970417	1850	17.191281528240065	0.0	1025005	4446.402844148027	1.85
344.1541266925679	1850	16.764379415376343	0.0	886255	4426.9021128637205	1.85
350.32222970725263	1850	14.596276400691583	0.0	973972	6168.103014684762	1.85
358.3964335105008	1850	10.52207259744341	0.0	958994	8074.203803248173	1.85
360.95592709981713	1200	11.96257900812708	0.0	638661	2559.493589316331	0.5499999999999999
362.93805145984567	1200	13.980454648098512	0.0	538612	1982.1243600285661	1.2
365.23655046040915	1200	15.681955647535073	0.0	550906	2298.49900056344	1.2

