65170.172159630085	750	4.0	1.7041197936685797	450283	1704.11979367	-6.577715112774892
65176.8143552018	2850	4.0	2.6421955717191996	1431809	6642.19557172	-10.611440958392558
65182.07115938423	2850	4.0	1.256804182427809	1300868	5256.80418243	-2.554257984439578
65188.75540221194	2850	4.0	2.6842428277052504	1520281	6684.24282771	-8.692244159132576
65194.9488765679	2850	4.0	2.1934743559680165	1472558	6193.47435597	-6.581939730662471
65201.218550335594	2850	4.0	2.2696737676906094	1224260	6269.67376769	-6.909597201069619
65206.38070432537	2850	4.0	1.1621539897800994	1388403	5162.15398978	-2.147262156054427
65211.11723315632	2850	4.0	0.7365288309564012	1638769	4736.52883096	-0.31707397311252494
65215.58996876913	2850	4.0	0.4727356127996791	1348011	4472.7356128	0.8172368649613801
65222.24737713056	2850	4.0	2.6574083614385438	1429765	6657.40836144	-8.576855954185739
65226.93657249661	2850	4.0	0.6891953660565687	1354548	4689.19536606	-0.11354007404324529
65232.31860934449	2850	4.0	1.3820368478739946	1519951	5382.03684787	-3.0927584458581765
65238.54194197564	2850	4.0	2.2233326311538932	1422919	6223.33263115	-6.710330313961741
65243.684654097866	2850	4.0	1.1427121222186114	1578343	5142.71212222	-2.0636621255400285
65247.537576427894	2850	4.147077669972734	0.0	1231445	3852.92233003	2.85
65253.98350712847	2850	4.0	2.298853030601577	1471065	6445.93070057	-7.035068031586782
65263.08354117906	2850	4.0	5.10003405059215	1491626	9100.03405059	-19.080146417546242
65273.58134395632	2850	4.0	6.4978027772573554	1358801	10497.8027773	-25.090551942206627
65285.24917599044	2850	4.0	7.667832034115341	1537156	11667.8320341	-30.121677746695966
65292.25639875547	2850	4.0	3.00722276502745	1336050	7007.22276503	-10.081057889618034
65306.63671838571	2850	4.0	10.380319630231892	1415116	14380.3196302	-41.78537440999713
65316.535372116625	2850	4.0	5.8986537309216525	1468126	9898.65373092	-22.514211042963105
65321.54726372619	2850	4.0	1.0118916095610666	1505760	5011.89160956	-1.501133921112586
65326.2184759031	2850	4.0	0.671212176914285	1323990	4671.21217691	-0.03621236073142553
65329.82088048984	2850	4.397595413257741	0.0	1383735	3602.40458674	2.85
65333.58083807503	2850	4.637637828062914	0.0	1480464	3759.95758519	2.85
65338.87016676978	2850	4.0	0.6516908666821455	1547572	5289.32869475	0.04772927326677445
65343.74515180832	2850	4.0	0.8749850385407635	1141971	4874.98503854	-0.9124356657252828
65352.85473007198	2850	4.0	5.109578263656467	1498470	9109.57826366	-19.121186533722806
65360.79737179264	2850	4.0	3.9426417206678215	1561263	7942.64172067	-14.103359398871634
65367.03291447316	2850	4.0	2.235542680513554	1341201	6235.54268051	-6.762833526208283
65373.536557080275	2850	4.0	2.5036426071128925	1497683	6503.64260711	-7.915663210585437
65379.19048332105	2850	4.0	1.6539262407730904	1358081	5653.92624077	-4.261882835324288
65385.10864139502	2850	4.0	1.9181580739670498	1587293	5918.15807397	-5.398079718058314
65390.5838092894	2850	4.0	1.4751678943790512	1492672	5475.16789438	-3.49322194582992
65395.37132984191	2850	4.0	0.7875205525148685	1439896	4787.52055251	-0.5363383758139344
65400.27116186256	2850	4.0	0.89983202064727	1139291	4899.83202065	-1.0192776887832604
65406.90320107539	2850	4.0	2.6320392128331895	1499009	6632.03921283	-8.467768615182715
65412.85233332837	2850	4.0	1.949132252975911	1427478	5949.13225298	-5.531268687796418
65418.66605447755	2850	4.0	1.813721149187245	1402287	5813.72114919	-4.949000941505153
65425.9555453251	2850	4.0	3.2894908475513955	1339500	7289.49084755	-11.294810644471001
65432.09800049033	2850	4.0	2.1424551652331303	1527299	6142.45516523	-6.362557210502461
65435.54184754135	2850	4.556152948977015	0.0	1343002	3443.84705102	2.85
65440.69603735575	2850	4.0	0.5980368654179238	1587250	5154.18981439	0.2784414787029279
65447.30570920776	2850	4.0	2.6096718520089652	1464921	6609.67185201	-8.371588963638551
65452.56165908178	2850	4.0	1.25594987401849	1483527	5255.94987402	-2.550584458279507
65456.909522509304	2850	4.0	0.34786342752776	1231456	4347.86342753	1.354187261630632
65462.48564365582	2850	4.0	1.576121146517211	1364537	5576.12114652	-3.9273209300240066

