27662.49972747725	750	4.0	6.579692689023528	450283	6579.69268902	-27.542678562801168
27686.922253339144	2850	4.0	20.422525861898126	1431809	24422.5258619	-87.06686120616195
27695.417341367083	2850	4.0	4.495088027938978	1300868	8495.08802794	-16.478878520137606
27704.461391505632	2850	4.0	5.044050138548106	1520281	9044.05013855	-18.839415595756854
27715.65832409005	2850	4.0	7.196932584419979	1472558	11196.9325844	-28.09681011300591
27721.279598382243	2850	4.0	1.6212742921909302	1224260	5621.27429219	-4.1214794564209996
27727.16701804022	2850	4.0	1.8874196579791587	1388403	5887.41965798	-5.265904529310383
27734.115475773357	2850	4.0	2.9484577331361326	1638769	6948.45773314	-9.82836825248537
27742.755166898674	2850	4.0	4.639691125319767	1348011	8639.69112532	-17.100671838874995
27753.215778881087	2850	4.0	6.46061198241195	1429765	10460.6119824	-24.930631524371382
27783.296461153903	2850	4.0	26.080682272815242	1354548	30080.6822728	-109.29693377310554
27798.452921637137	2850	4.0	11.156460483234673	1519951	15156.4604832	-45.12278007790909
27813.69732244112	2850	4.0	11.244400803982389	1422919	15244.400804	-45.500923457124266
27824.943847636867	2850	4.0	7.2465251957470915	1578343	11246.5251957	-28.31005834171249
27831.035048989994	2850	4.0	2.091201353126746	1231445	6091.20135313	-6.142165818445008
27837.806125749215	2850	4.0	2.7710767592235315	1471065	6771.07675922	-9.065630064661185
27845.260793424994	2850	4.0	3.454667675778691	1491626	7454.66767578	-12.005071005848372
27852.13584199264	2850	4.0	2.8750485676468753	1358801	6875.04856765	-9.512708840881563
27870.371228209715	2850	4.0	14.235386217074698	1537156	18235.3862171	-58.3621607334212
27879.065407569164	2850	4.0	4.694179359445961	1336050	8694.17935945	-17.33497124561763
27887.931441262397	2850	4.0	4.866033693234207	1415116	8866.03369323	-18.073944880907085
27895.769369346886	2850	4.0	3.837928084487425	1468126	7837.92808449	-13.653090763295927
27901.83196280345	2850	4.0	2.0625934565649877	1505760	6062.59345656	-6.019151863229448
27906.758771482808	2850	4.0	0.9268086793520852	1323990	4926.80867935	-1.1352773212139664
27914.890786175696	2850	4.0	4.132014692885809	1383735	8132.01469289	-14.917663179408978
27925.03294384765	2850	4.0	6.142157671959911	1480464	10142.157672	-23.561277989427616
27937.105473608317	2850	4.0	8.072529760665873	1547572	12072.5297607	-31.861877970863247
27945.623386471114	2850	4.0	4.517912862795462	1141971	8517.9128628	-16.57702531002048
27956.88705379776	2850	4.0	7.263667326642771	1498470	11263.6673266	-28.383769504563915
27970.393700041506	2850	4.0	9.506646243747209	1561263	13506.6462437	-38.02857884811299
27989.81863438619	2850	4.0	15.4249343446811	1341201	19424.9343447	-63.47721768212873
28008.06986446427	2850	4.0	14.25123007807902	1497683	18251.2300781	-58.430289335739786
28016.64685928265	2850	4.0	4.576994818382918	1358081	8576.99481838	-16.831077719046544
28027.053678819768	2850	4.0	6.406819537119918	1587293	10406.8195371	-24.699324009615644
28036.22211558636	2850	4.0	5.168436766590721	1492672	9168.43676659	-19.3742780963401
28042.579833987944	2850	4.0	2.3577184015861086	1439896	6357.71840159	-7.288189126820267
28046.875473767603	2850	4.0	0.29563977965851335	1139291	4295.63977966	1.5787489474683927
28055.74641280648	2850	4.0	4.870939038876479	1499009	8870.93903888	-18.095037867168855
28063.681722730602	2850	4.0	3.9353099241272855	1427478	7935.30992413	-14.071832673747329
28083.220045782153	2850	4.0	15.538323051550691	1402287	19538.3230516	-63.96478912166797
28110.994743587624	2850	4.0	23.774697805473238	1339500	27774.6978055	-99.38120056353493
28120.328455708695	2850	4.0	5.333712121067918	1527299	9333.71212107	-20.084962120592042
28134.556846354695	2850	4.0	10.228390646004737	1343002	14228.390646	-41.132079777820366
28144.586949591783	2850	4.0	6.030103237083184	1587250	10030.1032371	-23.079443919457688
28151.900715349977	2850	4.0	3.313765758194515	1464921	7313.76575819	-11.399192760236414
28158.66232491678	2850	4.0	2.7616095668050793	1483527	6761.60956681	-9.02492113726184
28165.55292801506	2850	4.0	2.8906030982784205	1231456	6890.60309828	-9.579593322597209
28173.065527458035	2850	4.0	3.5125994429759357	1364537	7512.59944298	-12.254177604796523

