21058.1333409429	750	4.0	3.383176362969059	450283	3383.176362969059	-13.797658360766953
21060.258672880103	300	5.874668062799087	0.0	155580	2125.331937200913	-0.15000000000000002
21062.598915928345	300	7.534425014556251	0.0	139857	2340.2430482428354	0.3
21064.426961677036	300	9.706379265862852	0.0	155432	1828.0457486933983	0.3
21065.62715934283	300	12.506181600070137	0.0	163442	1200.1976657927155	0.3
21066.626155926344	300	15.507185016555857	0.0	126289	998.9965835142789	0.3
21067.782359805973	300	18.350981136927512	0.0	153295	1156.203879628345	0.3
21070.95461393987	750	19.178727003027646	0.0	437162	3172.2541338998676	0.3
21073.995859159622	750	20.137481783276375	0.0	374758	3041.2452197512744	0.75
21078.675121203352	1200	19.458219739546664	0.0	560821	4679.26204372971	0.75
21086.800666781714	1200	15.332674161184313	0.0	607410	8125.545578362351	1.2
21090.40235720809	750	15.730983734804944	0.0	405134	3601.690426379369	0.3
21093.154274754732	750	16.979066188162005	0.0	386351	2751.91754664294	0.75
21096.04320249245	750	18.09013845044373	0.0	434409	2888.927737718272	0.75
21098.234874405825	750	19.89846653706952	0.0	337059	2191.6719133742076	0.75
21101.095857323755	750	21.037483619139408	0.0	366214	2860.982917930112	0.75
21104.24638858582	750	21.886952357071866	0.0	360831	3150.5312620675445	0.75
21108.144852724265	1200	21.988488218627666	0.0	581493	3898.4641384441993	0.75
21112.22469003756	1200	21.908650905332106	0.0	639204	4079.837313295561	1.2
21116.243810777014	1200	21.889530165878337	0.0	586839	4019.1207394537655	1.2
21120.20205856624	1200	21.931282376651644	0.0	601738	3958.2477892266957	1.2
21124.56442740679	1200	21.568913536102105	0.0	616206	4362.368840549541	1.2
21131.70523722245	1850	18.428103720443804	0.0	968026	7140.8098156583	1.2000000000000002
21140.93140782489	1850	13.201933118002495	0.0	874175	9226.170602441309	1.85
21150.432681427577	1850	7.70065951531388	0.0	897976	9501.273602688614	1.85
21153.206306022537	750	8.927034920355252	0.0	379700	2773.6245949586287	-0.3500000000000001
21156.165087261994	750	9.968253680896451	0.0	425781	2958.7812394588022	0.75
21158.465160847267	750	11.668180095626077	0.0	277716	2300.073585270372	0.75
21161.715359558137	750	12.41798138475761	0.0	400396	3250.1987108684675	0.75
21165.152058375927	750	12.98128256696924	0.0	400508	3436.698817788371	0.75
21169.596603066315	750	12.536737876581135	0.0	358218	4444.544690388104	0.75
21175.00499340553	750	11.128347537362574	0.0	400322	5408.390339218561	0.75
21177.65316050958	750	12.480180433315175	0.0	369834	2648.1671040474	0.75
21180.52606488287	750	13.607276060021935	0.0	412837	2872.904373293238	0.75
21183.110522124665	750	15.02281881822522	0.0	401088	2584.4572417967156	0.75
21185.82421743572	750	16.30912350717576	0.0	365161	2713.6953110494624	0.75
21188.342835894284	750	17.790505048609493	0.0	321064	2518.618458566267	0.75
21191.539994035098	750	18.59334690779193	0.0	361565	3197.1581408175625	0.75
21195.20672983969	1200	18.92661110320199	0.0	605884	3666.7358045899423	0.75
21199.220716772157	1200	18.91262417073575	0.0	587506	4013.986932466237	1.2
21203.038680357855	1200	19.09466058504038	0.0	566904	3817.963585695371	1.2
21207.35197663351	1200	18.781364309386007	0.0	641452	4313.296275654373	1.2
21211.555982169095	1200	18.577358773797883	0.0	599477	4204.005535588129	1.2
21216.18432250158	1200	17.949018441312106	0.0	634861	4628.3403324857745	1.2
21225.212111624594	1850	12.921229318299613	0.0	958994	9027.789123012493	1.2000000000000002
21231.05715622451	1200	11.076184718385385	0.0	638661	5845.0445999142285	0.5499999999999999
21237.667843979445	1200	8.465496963450493	0.0	538612	6610.687754934891	1.2
21241.507130064067	1200	8.626210878829276	0.0	550906	3839.286084621215	1.2

