7811.610425238448	750	4.0	1.1823497891980714	450283	1182.3497891980714	-4.334104093551707
7813.134644325243	1200	6.475780913204564	0.0	611087	1524.2190867954364	0.75
7814.732278515649	1200	8.878146722798801	0.0	571051	1597.6341904057629	1.2
7816.191701921045	1200	11.418723317403025	0.0	617681	1459.4234053957775	1.2
7817.771290936761	1200	13.839134301686892	0.0	652874	1579.5890157161325	1.2
7820.679218226747	2850	14.931207011699566	0.0	1224260	2907.9272899873267	1.2000000000000002
7826.3191778277405	4300	13.291247410707122	0.0	2157535	5639.9596009924435	2.8499999999999996
7831.735525326888	4300	11.874899911559005	0.0	2290172	5416.347499148115	4.3
7837.884985970952	4300	9.725439267495032	0.0	2055469	6149.460644063972	4.3
7843.623491728647	4300	7.986933509799285	0.0	2169201	5738.505757695747	4.3
7847.1603612666095	2850	8.450063971837436	0.0	1354548	3536.8695379618503	1.4000000000000001
7851.1336418924675	2850	8.476783345978765	0.0	1519951	3973.2806258586697	2.85
7855.612239484367	2850	7.998185754079574	0.0	1422919	4478.597591899191	2.85
7859.420666053335	2850	8.189759185112555	0.0	1578343	3808.4265689670196	2.85
7862.358135787266	2850	9.25228945118034	0.0	1231445	2937.469733932214	2.85
7866.521183713922	2850	9.089241524524017	0.0	1471065	4163.047926656323	2.85
7870.555767815143	2850	9.054657423303624	0.0	1491626	4034.5841012203928	2.85
7874.096208564127	2850	9.514216674319558	0.0	1358801	3540.4407489840673	2.85
7879.418214846741	2850	8.192210391705514	0.0	1537156	5322.006282614043	2.85
7882.548741969774	2850	9.061683268672262	0.0	1336050	3130.5271230332532	2.85
7885.6899102337065	2850	9.920515004739906	0.0	1415116	3141.168263932356	2.85
7889.0301930267215	2850	10.580232211724619	0.0	1468126	3340.2827930152866	2.85
7892.719604964506	2850	10.89082027394038	0.0	1505760	3689.4119377842408	2.85
7896.03454035805	2850	11.575884880395124	0.0	1323990	3314.935393545255	2.85
7899.029623077702	2850	12.580802160744474	0.0	1383735	2995.082719650651	2.85
7902.188808531197	2850	13.421616707249106	0.0	1480464	3159.185453495367	2.85
7907.296102730863	4300	12.314322507583167	0.0	2395588	5107.294199665939	2.8499999999999996
7913.316693323461	4300	10.293731914985342	0.0	1972048	6020.590592597826	4.3
7921.123400095842	4300	6.487025142604337	0.0	2134614	7806.706772381004	4.3
7927.8292556372435	2850	4.0	0.21883039879725674	1561263	6705.855541401594	0.4590292851717963
7929.672411952633	1200	6.156843684610407	0.0	570392	1843.1563153895936	-0.44999999999999996
7931.854741055604	1200	7.974514581639949	0.0	620283	2182.329102970458	1.2
7933.841599625388	1200	9.987656011855515	0.0	584349	1986.8585697844335	1.2
7935.644797578039	1200	12.184458059204458	0.0	670129	1803.1979526510584	1.2
7939.447249685207	1850	12.382005952038023	0.0	1026056	3802.4521071664326	1.2000000000000002
7943.392713192513	1850	12.436542444731042	0.0	943942	3945.4635073069817	1.85
7946.222741674472	1850	13.606513962772544	0.0	728962	2830.0284819584977	1.85
7950.069646841955	1850	13.759608795290054	0.0	938587	3846.9051674824896	1.85
7954.5453656962245	1850	13.283889941020085	0.0	908665	4475.71885426997	1.85
7957.9590256427055	1850	13.870229994538933	0.0	930577	3413.659946481151	1.85
7960.413523945385	1850	15.415731691858278	0.0	858450	2454.4983026806553	1.85
7963.860894519559	1850	15.96836111768487	0.0	1025005	3447.370574173409	1.85
7966.077293882014	1850	17.751961755230866	0.0	886255	2216.3993624540035	1.85
7969.877876448125	2850	17.951379189119805	0.0	1587250	3800.5825661110616	1.85
7973.431639016529	2850	18.397616620715592	0.0	1464921	3553.762568404213	2.85
7979.199484204473	4300	16.629771432771182	0.0	2246506	5767.845187944408	2.8499999999999996
7983.964890967623	4300	15.864364669620752	0.0	1961140	4765.406763150431	4.3
7990.20488891111	4300	13.624366726133806	0.0	2155012	6239.997943486948	4.3

