64330.42819711308	750	4.0	5.127185897414645	450283	5127.18589741	-21.29689935888297
64346.51959858397	2850	4.0	12.091401470890156	1431809	16091.4014709	-51.24302632482767
64360.00061352809	2850	4.0	9.48101494412613	1300868	13481.0149441	-37.918364259742354
64375.09294398435	2850	4.0	11.092330456260278	1520281	15092.3304563	-44.84702096191919
64385.80509542798	2850	4.0	6.712151443629909	1472558	10712.1514436	-26.012251207608607
64396.70762913944	2850	4.0	6.90253371145396	1224260	10902.5337115	-26.830894959252024
64421.98383281136	2850	4.0	21.276203671924755	1388403	25276.2036719	-88.63767578927644
64458.67232664998	2850	4.0	32.68849383862499	1638769	36688.4938386	-137.71052350608747
64481.03949708335	2850	4.0	18.367170433363874	1348011	22367.1704334	-76.12883286346467
64498.522349765415	2850	4.0	13.48285268205839	1429765	17482.8526821	-55.12626653285107
64521.46592146035	2850	4.0	18.943571694943277	1354548	22943.5716949	-78.6073582882561
64544.0471594463	2850	4.0	18.581237985946988	1519951	22581.2379859	-77.04932333957206
64555.83534243134	2850	4.0	7.788182985037207	1422919	11788.182985	-30.63918683565999
64567.96177070894	2850	4.0	8.126428277601518	1578343	12126.4282776	-32.09364159368652
64578.88018332328	2850	4.0	6.91841261434055	1231445	10918.4126143	-26.89917424166436
64594.02243103965	2850	4.0	11.142247716371525	1471065	15142.2477164	-45.061665180397554
64613.87522483671	2850	4.0	15.852793797050802	1491626	19852.7937971	-65.31701332731845
64626.37933458765	2850	4.0	8.504109750943156	1358801	12504.1097509	-33.71767192905557
64643.44815327629	2850	4.0	13.068818688637956	1537156	17068.8186886	-53.34592036114321
64658.763753118394	2850	4.0	11.315599842111313	1336050	15315.5998421	-45.80707932107864
64673.01653878376	2850	4.0	10.252785665360282	1415116	14252.7856654	-41.23697836104921
64688.46508264268	2850	4.0	11.448543858920084	1468126	15448.5438589	-46.37873859335636
64699.17272780295	2850	4.0	6.707645160263018	1505760	10707.6451603	-25.992874189130976
64710.64849791976	2850	4.0	7.475770116813925	1323990	11475.7701168	-29.29581150229987
64735.768334990484	2850	4.0	21.11983707072817	1383735	25119.8370707	-87.96529940413113
64768.178703323436	2850	4.0	28.410368332951748	1480464	32410.368333	-119.31458383169252
64795.6661522658	2850	4.0	23.48744894236195	1547572	27487.4489424	-98.1460304521564
64810.00590646849	2850	4.0	10.339754202689914	1141971	14339.7542027	-41.61094307156662
64833.5031432754	2850	4.0	19.4972368069062	1498470	23497.2368069	-80.98811826969667
64857.476674218735	2850	4.0	19.973530943340435	1561263	23973.5309433	-83.03618305636387
64868.7756773577	2850	4.0	7.29900313896077	1341201	11299.003139	-28.535713497531308
64880.47597075253	2850	4.0	7.700293394836477	1497683	11700.2933948	-30.261261597796846
64891.86147716516	2850	4.0	7.385506412634127	1358081	11385.5064126	-28.907677574326744
64908.22577333189	2850	4.0	12.364296166723454	1587293	16364.2961667	-50.31647351691085
64928.083778750784	2850	4.0	15.858005418896493	1492672	19858.0054189	-65.33942330125493
64941.314588713896	2850	4.0	9.230809963113009	1439896	13230.8099631	-36.84248284138594
64953.99991150162	2850	4.0	8.68532278771669	1139291	12685.3227877	-34.496887987181765
64971.08861953132	2850	4.0	13.088708029700197	1499009	17088.7080297	-53.431444527710845
64985.74717118003	2850	4.0	10.658551648713635	1427478	14658.5516487	-42.98177208946863
65001.2788694944	2850	4.0	11.531698314370301	1402287	15531.6983144	-46.73630275179229
65010.62268484666	2850	4.0	5.343815352263273	1339500	9343.81535226	-20.12840601473207
65023.05816438497	2850	4.0	8.435479538310513	1527299	12435.4795383	-33.422562014735206
65046.32640774312	2850	4.0	19.268243358149846	1343002	23268.2433581	-80.00344644004434
65079.232075904234	2850	4.0	28.905668161109368	1587250	32905.6681611	-121.44437309277028
65105.576274026076	2850	4.0	22.344198121840478	1464921	26344.1981218	-93.23005192391406
65125.68030221867	2850	4.0	16.104028192601383	1483527	20104.0281926	-66.39732122818594
65145.412841586476	2850	4.0	15.732539367804668	1231456	19732.5393678	-64.79991928156008
65168.468039836414	2850	4.0	19.055198249935046	1364537	23055.1982499	-79.0873524747207

