63362.13114251311	750	4.0	12.266701258043659	450283	12266.701258	-51.99681540958773
63386.52222951477	2850	4.0	20.391087001656192	1431809	24391.0870017	-86.93167410712162
63400.483499544374	2850	4.0	9.961270029607263	1300868	13961.2700296	-39.98346112731123
63418.32793653067	2850	4.0	13.84443698629679	1520281	17844.4369863	-56.681079041076195
63433.21506034681	2850	4.0	10.887123816137638	1472558	14887.1238161	-43.96463240939184
63442.12832534051	2850	4.0	4.913264993700462	1224260	8913.2649937	-18.277039472911984
63451.15778029507	2850	4.0	5.029454954561241	1388403	9029.45495456	-18.776656304613333
63461.965161537344	2850	4.0	6.807381242269565	1638769	10807.3812423	-26.421739341759125
63470.44762497952	2850	4.0	4.482463442173738	1348011	8482.46344217	-16.42459280134707
63480.56578705967	2850	4.0	6.118162080154667	1429765	10118.1620802	-23.458096944665066
63494.22371571106	2850	4.0	9.657928651385797	1354548	13657.9286514	-38.679093200958924
63504.14868338483	2850	4.0	5.924967673778204	1519951	9924.96767378	-22.627360997246278
63520.752421632424	2850	4.0	12.60373824758767	1422919	16603.7382476	-51.34607446462697
63541.102114890185	2850	4.0	16.34969325776088	1578343	20349.6932578	-67.45368100837179
63549.34688339334	2850	4.0	4.244768503154446	1231445	8244.76850315	-15.402504563564117
63562.32354148097	2850	4.0	8.976658087627406	1471065	12976.6580876	-35.749629776797846
63571.83404925292	2850	4.0	5.510507771955983	1491626	9510.50777196	-20.845183419410724
63580.796581549475	2850	4.0	4.962532296555051	1358801	8962.53229656	-18.488888875186717
63590.91976471971	2850	4.0	6.123183170235368	1537156	10123.1831702	-23.47968763201208
63599.24909529855	2850	4.0	4.329330578841678	1336050	8329.33057884	-15.766121489019215
63607.625951805116	2850	4.0	4.376856506561513	1415116	8376.85650656	-15.970482978214504
63616.15062081341	2850	4.0	4.524669008292586	1468126	8524.66900829	-16.606076735658117
63625.66348136167	2850	4.0	5.5128605482659365	1505760	9512.86054827	-20.855300357543523
63637.950710593366	2850	4.0	8.287229231692937	1323990	12287.2292317	-32.78508569627962
63660.04082227401	2850	4.0	18.090111680643655	1383735	22090.1116806	-74.93748022676772
63683.114431036156	2850	4.0	19.073608762151885	1480464	23073.6087622	-79.16651767725311
63700.61823595351	2850	4.0	13.50380491735382	1547572	17503.8049174	-55.21636114462142
63713.62040996887	2850	4.0	9.002174015356788	1141971	13002.1740154	-35.85934826603418
63728.74255902571	2850	4.0	11.122149056843318	1498470	15122.1490568	-44.97524094442626
63739.63851853717	2850	4.0	6.895959511462026	1561263	10895.9595115	-26.80262589928671
63748.698582651465	2850	4.0	5.060064114296683	1341201	9060.0641143	-18.908275691475733
63758.356996479684	2850	4.0	5.658413828220091	1497683	9658.41382822	-21.48117946134639
63767.04021123014	2850	4.0	4.68321475045087	1358081	8683.21475045	-17.28782342693874
63779.24082696096	2850	4.0	8.200615730819797	1587293	12200.6157308	-32.41264764252512
63793.521500791394	2850	4.0	10.280673830437996	1492672	14280.6738304	-41.35689747088338
63801.58920788791	2850	4.0	4.06770709651596	1439896	8067.70709652	-14.641140515018629
63818.335528459254	2850	4.0	12.746320571341935	1139291	16746.3205713	-51.95917845677032
63836.727519048865	2850	4.0	14.391990589611702	1499009	18391.9905896	-59.035559535330314
63847.096140326714	2850	4.0	6.368621277856588	1427478	10368.6212779	-24.535071494783324
63858.51096103731	2850	4.0	7.414820710594684	1402287	11414.8207106	-29.03372905555714
63867.25731306723	2850	4.0	4.746352029924487	1339500	8746.35202992	-17.559313728675292
63877.32021716926	2850	4.0	6.062904102030296	1527299	10062.904102	-23.22048763873027
63886.15929604604	2850	4.0	4.839078876777305	1343002	8839.07887678	-17.95803917014241
63895.91465650879	2850	4.0	5.755360462744505	1587250	9755.36046274	-21.898049989801372
63904.732020534175	2850	4.0	4.817364025383584	1464921	8817.36402538	-17.86466530914941
63913.35169378813	2850	4.0	4.619673253950529	1483527	8619.67325395	-17.01459499198727
63921.23925368182	2850	4.0	3.88755989369485	1231456	7887.55989369	-13.866507542887854
63933.77328443354	2850	4.0	8.534030751723195	1364537	12534.0307517	-33.846332232409736

