1855.366773007185	750	4.0	1.5754002818435975	450283	1575.4002818435974	-6.024221211927469
1857.803221026244	1200	5.563551980940861	0.0	611087	2436.448019059139	0.75
1859.790258079056	1200	7.5765149281290824	0.0	571051	1987.037052811779	1.2
1862.7737616266088	1200	8.593011380576034	0.0	617681	2983.5035475530485	1.2
1866.47811827164	1200	8.888654735545051	0.0	652874	3704.356645030983	1.2
1871.8911163785315	1200	7.475656628653267	0.0	520315	5412.998106891784	1.2
1874.5408987006197	750	8.82587430656519	0.0	352642	2649.7823220880764	0.3
1876.7891855938642	750	10.577587413320671	0.0	437162	2248.2868932445194	0.75
1878.5358634968907	750	12.830909510293985	0.0	374758	1746.6779030266855	0.75
1880.410616933985	750	14.956156073199873	0.0	362795	1874.7534370941112	0.75
1882.5357124426885	750	16.83106056449646	0.0	353220	2125.095508703413	0.75
1884.4334375165329	750	18.93333549065193	0.0	405134	1897.7250738445305	0.75
1888.9198977616222	1850	18.44687524556253	0.0	946851	4486.4602450894	0.75
1894.3441688887833	1850	17.022604118401446	0.0	1036454	5424.2711271610815	1.85
1898.4272256298248	1850	16.939547377360185	0.0	821631	4083.0567410412636	1.85
1903.3962106903812	1850	15.970562316803552	0.0	923170	4968.9850605566335	1.85
1908.8997213172618	1850	14.467051689922991	0.0	966699	5503.510626880559	1.85
1913.0125281687424	1850	14.354244838442431	0.0	885714	4112.80685148056	1.85
1917.997765290601	1850	13.36900771658383	0.0	987708	4985.2371218586	1.85
1922.6278241329035	1850	12.738948874281228	0.0	923755	4630.058842302603	1.85
1926.243520348698	1850	13.123252658486756	0.0	891604	3615.6962157944718	1.85
1931.0250425365605	1850	12.341730470624242	0.0	955231	4781.522187862514	1.85
1936.13420913533	1850	11.232563871854818	0.0	968026	5109.166598769424	1.85
1941.0132387941305	1850	10.353534213054203	0.0	874175	4879.029658800615	1.85
1945.3847141044353	1850	9.98205890274953	0.0	897976	4371.475310304672	1.85
1948.972674309937	1850	10.394098697247697	0.0	905935	3587.960205501834	1.85
1953.327728810349	1850	10.039044196835759	0.0	1076599	4355.054500411938	1.85
1957.167413088817	1850	10.199359918367566	0.0	758197	3839.6842784681926	1.85
1963.7612521545886	1850	7.605520852595922	0.0	972798	6593.8390657716445	1.85
1967.3456537116108	1200	8.021119295573824	0.0	641447	3584.4015570220986	0.5499999999999999
1969.5444099795627	1200	9.822363027621686	0.0	570392	2198.7562679521375	1.2
1972.1616574704797	1200	11.205115536704882	0.0	620283	2617.2474909168036	1.2
1976.115408719095	1200	11.251364288089311	0.0	584349	3953.7512486155724	1.2
1979.5688827404708	1200	11.797890266713674	0.0	670129	3453.4740213756377	1.2
1983.0871779070774	1200	12.27959510010701	0.0	690253	3518.295166606664	1.2
1986.005577917601	1200	13.361195089583392	0.0	598727	2918.4000105236178	1.2
1988.2981977015675	1200	15.068575305616857	0.0	487812	2292.6197839665356	1.2
1990.4632974865892	1200	16.903475520595126	0.0	575591	2165.099785021731	1.2
1993.5871926773398	1200	17.779580329844713	0.0	605884	3123.89519075041	1.2
1999.1403902271582	1200	16.226382780026306	0.0	587506	5553.197549818408	1.2
2002.8794546683787	1200	16.487318338805654	0.0	566904	3739.064441220652	1.2
2005.4864855298288	1200	17.880287477355584	0.0	641452	2607.0308614500686	1.2
2009.5782212110616	1200	17.78855179612286	0.0	599477	4091.7356812327234	1.2
2012.1555271594912	1200	19.211245847693288	0.0	634861	2577.3059484295713	1.2
2014.943768039145	1200	20.423004968039375	0.0	630203	2788.2408796539135	1.2
2021.9783045074241	1850	17.388468499760272	0.0	982064	7034.536468279105	1.2000000000000002
2027.6889796949097	2850	15.677793312274712	0.0	1231456	5710.675187485559	1.85
2033.6242962777198	2850	13.742476729464629	0.0	1364537	5935.316582810084	2.85

