4743.87384352	750	4.0	2.566216384271528	450283	2566.21638427	-10.28473045236757
4749.16233602	2850	4.0	1.288492502676687	1431809	5288.49250268	-4.790517761509753
4753.22216604	2850	4.0	0.05983002218904312	1300868	4059.83002219	2.5927309045871145
4758.30346579	2850	4.0	1.0812997482095288	1520281	5081.29974821	-1.7995889173009734
4764.59377502	2850	4.0	2.2903092258908444	1472558	6290.30922589	-6.99832967133063
4769.50725199	2850	4.0	0.913476976254692	1224260	4913.47697625	-1.0779509978951753
4775.17561645	2850	4.0	1.668364453602032	1388403	5668.3644536	-4.323967150488738
4781.83344839	2850	4.0	2.657831943216779	1638769	6657.83194322	-8.57867735583215
4788.85502253	2850	4.0	3.021574142863826	1348011	7021.57414286	-10.14276881431445
4798.08100381	2850	4.0	5.225981278093	1429765	9225.98127809	-19.621719495799898
4811.81106538	2850	4.0	9.730061570204288	1354548	13730.0615702	-38.98926475187844
4825.0079778	2850	4.0	9.196912421895773	1519951	13196.9124219	-36.69672341415182
4832.09114903	2850	4.0	3.0831712216708302	1422919	7083.17122167	-10.40763625318457
4839.55483198	2850	4.0	3.463682957954292	1578343	7463.68295795	-12.043836719203455
4846.82963516	2850	4.0	3.2748031742157884	1231445	7274.80317422	-11.231653649127889
4857.91446947	2850	4.0	7.084834309238551	1471065	11084.8343092	-27.614787529725767
4870.70174993	2850	4.0	8.787280458907158	1491626	12787.2804589	-34.93530597330078
4881.07895927	2850	4.0	6.3772093445346965	1358801	10377.2093445	-24.57200018149919
4894.62062247	2850	4.0	9.541663198695579	1537156	13541.6631987	-38.179151754390986
4905.88027282	2850	4.0	7.259650351760414	1336050	11259.6503518	-28.36649651256978
4921.45385261	2850	4.0	11.573579789192744	1415116	15573.5797892	-46.9163930935288
4940.55832316	2850	4.0	15.104470546959186	1468126	19104.470547	-62.0992233519245
4951.43093284	2850	4.0	6.87260968633997	1505760	10872.6096863	-26.70222165126187
4959.74452088	2850	4.0	4.313588037339068	1323990	8313.58803734	-15.698428560557991
4968.75164815	2850	4.0	5.0071272729542775	1383735	9007.12727295	-18.68064727370339
4978.54218252	2850	4.0	5.790534366370585	1480464	9790.53436637	-22.049297775393512
4988.34079304	2850	4.0	5.798610515780513	1547572	9798.61051578	-22.0840252178562
4997.38895472	2850	4.0	5.048161687388008	1141971	9048.16168739	-18.85709525576843
5007.86325195	2850	4.0	6.474297224020495	1498470	10474.297224	-24.989478063288125
5019.69028404	2850	4.0	7.827032094714864	1561263	11827.0320947	-30.80623800727391
5031.65475987	2850	4.0	7.964475830591109	1341201	11964.4758306	-31.397246071541765
5048.38151516	2850	4.0	12.726755284333693	1497683	16726.7552843	-51.875047722634875
5061.99387329	2850	4.0	9.612358132200919	1358081	13612.3581322	-38.48313996846395
5068.21589167	2850	4.0	2.222018385870023	1587293	6222.01838587	-6.704679059241098
5072.95073414	2850	4.0	0.7348424667389927	1492672	4734.84246674	-0.30982260697766817
5077.70179381	2850	4.0	0.7510596689640979	1439896	4751.05966896	-0.379556576545621
5082.22863137	2850	4.0	0.5268375610153507	1139291	4526.83756102	0.584598487633992
5088.72782167	2850	4.0	2.4991902948546576	1499009	6499.19029485	-7.896518267875027
5094.56495083	2850	4.0	1.8371291631429367	1427478	5837.12916314	-5.049655401514627
5100.15343585	2850	4.0	1.5884850200804295	1402287	5588.48502008	-3.980485586345846
5107.13921714	2850	4.0	2.9857812951668574	1339500	6985.78129517	-9.988859569217487
5116.17426906	2850	4.0	5.03505191660051	1527299	9035.0519166	-18.80072324138219
5129.75739565	2850	4.0	9.583126588815555	1343002	13583.1265888	-38.35744433190688
5143.93282956	2850	4.0	10.175433909183631	1587250	14175.4339092	-40.90436580948961
5151.26424656	2850	4.0	3.331416996052204	1464921	7331.41699605	-11.475093083024477
5158.14659629	2850	4.0	2.8823497371828672	1483527	6882.34973718	-9.54410386988633
5165.40233876	2850	4.0	3.2557424721182224	1231456	7255.74247212	-11.149692630108357
5174.3069751	2850	4.0	4.904636336979414	1364537	8904.63633698	-18.23993624901148

