11123.7769461	750	4.0	5.8396300502769165	450283	5839.63005028	-24.36040921619074
11137.5382657	2850	4.0	9.761319643239046	1431809	13761.3196432	-41.2236744659279
11149.9825802	2850	4.0	8.444314459876432	1300868	12444.3144599	-33.46055217746866
11166.6931089	2850	4.0	12.710528683439279	1520281	16710.5286834	-51.80527333878889
11185.762092	2850	4.0	15.068983163000597	1472558	19068.983163	-61.946627600902566
11201.4217556	2850	4.0	11.659663550636585	1224260	15659.6635506	-47.28655326773731
11211.1378916	2850	4.0	5.716136025041014	1388403	9716.13602504	-21.72938490767636
11222.8600227	2850	4.0	7.722131105634419	1638769	11722.1311056	-30.355163754227995
11233.3527994	2850	4.0	6.492776735584343	1348011	10492.7767356	-25.06893996301267
11248.5241297	2850	4.0	11.171330301429803	1429765	15171.3303014	-45.18672029614815
11258.7816691	2850	4.0	6.257539333981973	1354548	10257.539334	-24.057419136122483
11273.4375651	2850	4.0	10.65589602174675	1519951	14655.8960217	-42.97035289351103
11286.5904966	2850	4.0	9.152931470865918	1422919	13152.9314709	-36.50760532472344
11307.992795	2850	4.0	17.402298423024817	1578343	21402.298423	-71.97988321900671
11321.1942129	2850	4.0	9.201417885841584	1231445	13201.4178858	-36.71609690911881
11337.5098563	2850	4.0	12.315643378119924	1471065	16315.6433781	-50.10726652591567
11352.0935203	2850	4.0	10.583664058181162	1491626	14583.6640582	-42.65975545017899
11361.4140563	2850	4.0	5.32053597431161	1358801	9320.53597431	-20.02830468953992
11371.79473	2850	4.0	6.3806736672775095	1537156	10380.6736673	-24.58689676929329
11379.7190089	2850	4.0	3.9242789444382877	1336050	7924.27894444	-14.024399461084636
11388.7267395	2850	4.0	5.0077306494968745	1415116	9007.7306495	-18.683241792836558
11399.272426	2850	4.0	6.545686435094429	1468126	10545.6864351	-25.29645167090604
11411.3917139	2850	4.0	8.119287881172745	1505760	12119.2878812	-32.0629378890428
11429.5068147	2850	4.0	14.115100853480486	1323990	18115.1008535	-57.84493366996609
11442.1201437	2850	4.0	8.613328974351498	1383735	12613.3289744	-34.18731458971144
11456.8871662	2850	4.0	10.76702252887741	1480464	14767.0225289	-43.44819687417286
11474.1497769	2850	4.0	13.262610645846435	1547572	17262.6106458	-54.17922577713966
11489.1474885	2850	4.0	10.997711611976781	1141971	14997.711612	-44.440159931500155
11506.8680059	2850	4.0	13.720517378578217	1498470	17720.5173786	-56.14822472788633
11517.9778198	2850	4.0	7.109813957856759	1561263	11109.8139579	-27.72220001878406
11527.6252645	2850	4.0	5.647444695059965	1341201	9647.44469506	-21.434012188757848
11539.7036326	2850	4.0	8.078368052145457	1497683	12078.3680521	-31.88698262422546
11553.8792837	2850	4.0	10.17565117844509	1358081	14175.6511784	-40.90530006731388
11566.5010831	2850	4.0	8.621799370893426	1587293	12621.7993709	-34.223737294841726
11580.7140691	2850	4.0	10.212985951219187	1492672	14212.9859512	-41.0658395902425
11594.991654	2850	4.0	10.277584894364944	1439896	14277.5848944	-41.343615045769255
11611.5815042	2850	4.0	12.589850221776	1139291	16589.8502218	-51.2863559536368
11627.0534111	2850	4.0	11.471906890029084	1499009	15471.90689	-46.479199627125055
11642.7768718	2850	4.0	11.72346070905371	1427478	15723.4607091	-47.560881048930945
11656.8601975	2850	4.0	10.083325759998232	1402287	14083.32576	-40.508300767992395
11665.9276471	2850	4.0	5.067449581298886	1339500	9067.4495813	-18.94003319958521
11676.2904562	2850	4.0	6.362809082639679	1527299	10362.8090826	-24.510079055350616
11684.2298778	2850	4.0	3.9394216392500683	1343002	7939.42163925	-14.089513048775293
11694.4525262	2850	4.0	6.22264831923591	1587250	10222.6483192	-23.90738777271441
11705.0866211	2850	4.0	6.634094936956569	1464921	10634.094937	-25.676608228913246
11716.8424618	2850	4.0	7.755840731317285	1483527	11755.8407313	-30.50011514466432
11734.6540268	2850	4.0	13.811565015635523	1231456	17811.5650156	-56.53972956723275
11747.0164483	2850	4.0	8.362421442947083	1364537	12362.4214429	-33.108412204672454

