30501.223472602185	750	4.0	1.1482833162359447	450283	1148.28331624	-4.187618259814562
30505.901663080807	2850	4.0	0.6781904786239539	1431809	4678.19047862	-2.1662190580830014
30511.999970410463	2850	4.0	2.098307329656396	1300868	6098.30732966	-6.172721517522504
30519.28917410234	2850	4.0	3.2892036918791137	1520281	7289.20369188	-11.293575875080188
30523.502782167023	2850	4.0	0.2136080646820028	1472558	4213.60806468	1.9314853218673882
30526.608120925644	2850	4.894661241376527	0.0	1224260	3105.33875862	2.85
30531.8762936082	2850	4.0	0.37351144117586316	1388403	5268.17268255	1.2439008029437886
30546.738206479942	2850	4.0	10.861912871739356	1638769	14861.9128717	-43.85622534847923
30554.823438562118	2850	4.0	4.085232082175171	1348011	8085.23208218	-14.716497953353235
30559.385520408377	2850	4.0	0.5620818462598327	1429765	4562.08184626	0.43304806108271965
30563.75824007662	2850	4.0	0.37271966824240915	1354548	4372.71966824	1.2473054265576409
30569.112879544657	2850	4.0	1.3546394680379499	1519951	5354.63946804	-2.9749497125631845
30572.953587651522	2850	4.159291893137297	0.0	1422919	3840.70810686	2.85
30578.815544106947	2850	4.0	1.7026645622879368	1578343	5861.95645543	-4.471457617838128
30583.22050968155	2850	4.0	0.40496557460487564	1231445	4404.9655746	1.1086480291990348
30587.05213243376	2850	4.168377247788034	0.0	1471065	3831.62275221	2.85
30590.46272453356	2850	4.757785147987879	0.0	1491626	3410.5920998	2.85
30594.167412242834	2850	5.053097438716637	0.0	1358801	3704.68770927	2.85
30598.370241956767	2850	4.850267724784452	0.0	1537156	4202.82971393	2.85
30602.338001807682	2850	4.8825078738698995	0.0	1336050	3967.75985091	2.85
30606.039470089574	2850	5.181039591978941	0.0	1415116	3701.46828189	2.85
30609.182095293214	2850	6.038414388341267	0.0	1468126	3142.62520364	2.85
30612.935500263175	2850	6.285009418380488	0.0	1505760	3753.40496996	2.85
30616.497986303944	2850	6.722523377611021	0.0	1323990	3562.48604077	2.85
30620.237922646742	2850	6.9825870348127115	0.0	1383735	3739.9363428	2.85
30623.94733662764	2850	7.273173053913913	0.0	1480464	3709.4139809	2.85
30629.052482103067	2850	6.168027578484166	0.0	1547572	5105.14547543	2.85
30632.092115848405	2850	7.12839383315026	0.0	1141971	3039.63374533	2.85
30638.46219263738	2850	4.758317044174192	0.0	1498470	6370.07678898	2.85
30645.689486545452	2850	4.0	2.4689768638949925	1561263	7227.29390807	-7.766600514748468
30649.70493693009	2850	4.0	0.0154503846391749	1341201	4015.45038464	2.783563346051548
30654.17292615733	2850	4.0	0.4679892272398765	1497683	4467.98922724	0.8376463228685314
30658.09064785079	2850	4.082278306541512	0.0	1358081	3917.72169346	2.85
30663.648352942415	2850	4.0	1.475426785083367	1587293	5557.70509162	-3.494335175858478
30669.23053912421	2850	4.0	1.5821861818002034	1492672	5582.1861818	-3.953400581740874
30674.3963443004	2850	4.0	1.1658051761869146	1439896	5165.80517619	-2.162962257603733
30677.801514400548	2850	4.594829899851378	0.0	1139291	3405.17010015	2.85
30681.435217393413	2850	4.961126906987863	0.0	1499009	3633.70299286	2.85
30688.310642773024	2850	4.0	1.9142984726223113	1427478	6875.42537961	-5.381483432275939
30693.858786191995	2850	4.0	1.5481434189712209	1402287	5548.14341897	-3.807016701576249
30699.740259948772	2850	4.0	1.8814737567770663	1339500	5881.47375678	-5.240337154141384
30703.57303225345	2850	4.1672276953187675	0.0	1527299	3832.77230468	2.85
30707.230560907337	2850	4.509699041431176	0.0	1343002	3657.52865389	2.85
30716.73907821498	2850	4.0	4.998818266210633	1587250	9508.51730764	-18.64491854470572
30731.23449655443	2850	4.0	10.495418339451161	1464921	14495.4183395	-42.28029885963999
30736.354942683753	2850	4.0	1.1204461293208734	1483527	5120.44612932	-1.9679183560797555
30740.293675920668	2850	4.061266763084035	0.0	1231456	3938.73323692	2.85
30744.873212491373	2850	4.0	0.5182698076226688	1364537	4579.53657071	0.6214398272225243

