5240.171074864645	750	4.0	2.148641230861048	450283	2148.641230861048	-8.489157292702506
5242.539927800596	750	5.631147064048715	0.0	398865	2368.8529359512845	0.75
5244.386956912761	750	7.784117951883809	0.0	350812	1847.0291121649057	0.75
5248.182049261595	750	7.989025603048906	0.0	382355	3795.092348834903	0.75
5250.9238281859125	750	9.247246678731766	0.0	411561	2741.7789243171396	0.75
5252.380313158077	750	11.790761706567084	0.0	318564	1456.4849721646824	0.75
5254.107858918119	750	14.063215946525496	0.0	352642	1727.5457600415875	0.75
5256.267235966789	750	15.903838897855946	0.0	437162	2159.377048669549	0.75
5259.027737303194	750	17.143337561450597	0.0	374758	2760.501336405351	0.75
5261.445535751873	1200	18.725539112771628	0.0	560821	2417.7984486789687	0.75
5265.485871110566	1850	18.685203754078582	0.0	939819	4040.335358693048	1.2000000000000002
5269.74925965192	1850	18.421815212724567	0.0	917428	4263.388541354015	1.85
5273.4683411656715	1850	18.702733698973567	0.0	946851	3719.0815137510003	1.85
5278.343714932501	1850	17.827359932143487	0.0	1036454	4875.37376683008	1.85
5281.976346591754	1850	18.19472827289106	0.0	821631	3632.6316592524313	1.85
5287.063854937994	1850	17.10721992665108	0.0	923170	5087.50834623998	1.85
5292.991291110455	1850	15.179783754189884	0.0	966699	5927.4361724611945	1.85
5296.253250225311	1850	15.917824639333332	0.0	885714	3261.9591148565523	1.85
5299.498711703333	1850	16.672363161311253	0.0	987708	3245.461478022078	1.85
5304.57282517952	1850	15.598249685124728	0.0	923755	5074.113476186526	1.85
5307.959805546084	1850	16.21126931856129	0.0	891604	3386.9803665634395	1.85
5311.783236207657	1850	16.3878386569878	0.0	955231	3823.4306615734895	1.85
5315.170624667935	1850	17.000450196709426	0.0	968026	3387.3884602783746	1.85
5320.003249921613	1850	16.167824943030965	0.0	874175	4832.62525367846	1.85
5326.200650311329	1850	13.970424553315947	0.0	897976	6197.40038971502	1.85
5333.41158027439	1850	10.759494590254064	0.0	905935	7210.929963061882	1.85
5345.368264337828	1850	4.0	1.1971894731835855	1076599	11956.68406343765	-3.297914734689417
5349.76978964431	750	4.0	0.40152530648212903	277716	4401.525306482129	-2.076558817873155
5350.829799244731	300	6.9399903995785035	0.0	153605	1060.0096004214963	-0.15000000000000002
5351.778730322253	300	9.991059322056138	0.0	149029	948.9310775223648	0.3
5352.67966060694	300	13.09012903736849	0.0	157421	900.9302846876499	0.3
5353.46909710341	300	16.300692540899473	0.0	157488	789.4364964690151	0.3
5354.113547416801	300	19.65624222750774	0.0	143881	644.4503133917337	0.3
5355.890749446016	750	21.879040198292845	0.0	412837	1777.2020292148973	0.3
5359.0374858185505	1850	22.73230382575848	0.0	1026056	3146.736372534368	0.75
5367.486683927791	1850	18.283105716517994	0.0	943942	8449.19810924048	1.85
5369.498511609259	1850	20.271278035049807	0.0	728962	2011.8276814681897	1.85
5371.824465789138	1850	21.945323855170653	0.0	938587	2325.954179879155	1.85
5374.3575694288875	1850	23.412220215422064	0.0	908665	2533.1036397485877	1.85
5376.61743156219	1850	25.152358082119108	0.0	930577	2259.862133302959	1.85
5379.390674508313	1850	26.37911513599594	0.0	858450	2773.2429461231663	1.85
5392.335227421913	2850	17.434562222395513	0.0	1527299	12944.552913600424	1.85
5400.859491261763	1850	12.910298382546289	0.0	886255	8524.263839849225	0.8500000000000001
5414.263260589178	1200	4.0	0.4934709448684098	634861	13403.769327414699	-1.5719250629341621
5415.549637716679	300	6.713622872498407	0.0	167025	1286.3771275015936	-0.6000000000000001
5416.613943673448	300	9.649316915729084	0.0	160064	1064.305956769322	0.3
5417.517495176918	300	12.7457654122603	0.0	137507	903.5515034687851	0.3
5418.200704280216	300	16.062556308962137	0.0	118421	683.2091032981625	0.3

