59404.36072689786	750	4.0	5.693969597015465	450283	5693.96959702	-23.734069267166497
59418.98368851495	2850	4.0	10.622961617089969	1431809	14622.9616171	-44.92873495348686
59431.99848094824	2850	4.0	9.014792433289662	1300868	13014.7924333	-35.913607463145546
59450.231402995654	2850	4.0	14.232922047417414	1520281	18232.9220474	-58.351564803894874
59469.66030326606	2850	4.0	15.42890027040273	1472558	19428.9002704	-63.49427116273173
59490.059399383565	2850	4.0	16.399096117508467	1224260	20399.0961175	-67.66611330528642
59505.8655475325	2850	4.0	11.806148148930374	1388403	15806.1481489	-47.9164370404006
59539.0409183257	2850	4.0	29.175370793201022	1638769	33175.3707932	-122.60409441076439
59554.42388560228	2850	4.0	11.38296727657757	1348011	15382.9672766	-46.09675928928355
59565.115575380216	2850	4.0	6.691689777932195	1429765	10691.6897779	-25.92426604510844
59579.3942209516	2850	4.0	10.278645571385796	1354548	14278.6455714	-41.34817595695892
59608.684973141324	2850	4.0	25.290752189724824	1519951	29290.7521897	-105.90023441581674
59639.83834227646	2850	4.0	27.153369135132415	1422919	31153.3691351	-113.90948728106939
59668.739176181785	2850	4.0	24.90083390532304	1578343	28900.8339053	-104.22358579288907
59688.674165499535	2850	4.0	15.934989317753061	1231445	19934.9893178	-65.67045406633817
59716.319121620596	2850	4.0	23.644956121056108	1471065	27644.9561211	-98.82331132054126
59731.46162336229	2850	4.0	11.14250174169498	1491626	15142.5017417	-45.06275748928841
59745.0912779285	2850	4.0	9.629654566214699	1358801	13629.6545662	-38.5575146347232
59763.50727472413	2850	4.0	14.415996795627638	1537156	18415.9967956	-59.13878622119884
59781.32906598716	2850	4.0	13.821791263036143	1336050	17821.791263	-56.583702431055414
59804.36074751519	2850	4.0	19.031681528027367	1415116	23031.681528	-78.98623057051768
59820.697890059564	2850	4.0	12.337142544372108	1468126	16337.1425444	-50.19971294080006
59852.42086014153	2850	4.0	27.722970081970757	1505760	31722.970082	-116.35877135247426
59867.52838144366	2850	4.0	11.107521302130147	1323990	15107.5213021	-44.912341599159625
59877.80174993693	2850	4.0	6.273368493266573	1383735	10273.3684933	-24.12548452104626
59893.75181246501	2850	4.0	11.950062528078476	1480464	15950.0625281	-48.53526887073745
59924.47186297227	2850	4.0	26.720050507252303	1547572	30720.0505073	-112.0462171811849
59947.17175073397	2850	4.0	18.699887761702623	1141971	22699.8877617	-77.55951737532128
59978.386211226476	2850	4.0	27.214460492505275	1498470	31214.4604925	-114.17218011777268
60004.210093594986	2850	4.0	21.823882368508656	1561263	25823.8823685	-90.99269418458722
60028.88165665184	2850	4.0	20.671563056866294	1341201	24671.5630569	-86.03772114452507
60043.9798350842	2850	4.0	11.098178432354766	1497683	15098.1784324	-44.87216725912549
60057.57339895951	2850	4.0	9.593563875312102	1358081	13593.5638753	-38.40232466384203
60076.56650902062	2850	4.0	14.993110061106723	1587293	18993.1100611	-61.62037326275891
60096.204743105154	2850	4.0	15.638234084529678	1492672	19638.2340845	-64.39440656347762
60120.14990919897	2850	4.0	19.945166093821747	1439896	23945.1660938	-82.91421420343352
60132.00988239874	2850	4.0	7.859973199773269	1139291	11859.9731998	-30.94788475902505
60162.14988250233	2850	4.0	26.140000103596567	1499009	30140.0001036	-109.55200044546524
60180.318117451665	2850	4.0	14.168234949332128	1427478	18168.2349493	-58.073410282128144
60190.62067090812	2850	4.0	6.302553456452937	1402287	10302.5534565	-24.250979862747627
60203.57103258642	2850	4.0	8.950361678297135	1339500	12950.3616783	-35.63655521667768
60231.74454464951	2850	4.0	24.173512063095394	1527299	28173.5120631	-101.0961018713102
60260.25365413183	2850	4.0	24.509109482321193	1343002	28509.1094823	-102.53917077398113
60292.83274105487	2850	4.0	28.57908692304212	1587250	32579.086923	-120.04007376908112
60316.92292813884	2850	4.0	20.090187083968928	1464921	24090.187084	-83.53780446106639
60343.24517685027	2850	4.0	22.322248711437766	1483527	26322.2487114	-93.1356694591824
60355.727140379146	2850	4.0	8.481963528871903	1231456	12481.9635289	-33.62244317414918
60369.34754980952	2850	4.0	9.6204094303794	1364537	13620.4094304	-38.517760550631415

