20505.5648509999	750	4.0	4.549356298858494	450283	4549.356298858494	-18.812232085091523
20507.05166007589	300	6.513190924009408	0.0	155580	1486.8090759905917	-0.15000000000000002
20507.97260303938	300	9.59224796051802	0.0	139857	920.942963491389	0.3
20509.128980686415	300	12.435870313484033	0.0	155432	1156.3776470339874	0.3
20510.425504154366	300	15.139346845534478	0.0	163442	1296.5234679495547	0.3
20512.880611857	750	16.684239142898143	0.0	318564	2455.1077026363323	0.3
20517.93259878086	1200	15.632252219039376	0.0	561791	5051.986923858767	0.75
20523.989860030582	1200	13.574990969315731	0.0	709534	6057.261249723644	1.2
20529.12374448406	1200	12.44110651584007	0.0	584846	5133.884453475661	1.2
20534.184293521586	1200	11.380557478313968	0.0	560821	5060.549037526104	1.2
20540.6012857184	1200	8.96356528150072	0.0	607410	6416.992196813247	1.2
20546.969090309194	1200	6.5957606907067206	0.0	594078	6367.8045907939995	1.2
20550.25028473759	750	7.314566262311115	0.0	386351	3281.194428395606	0.3
20554.614762205107	750	6.9500887947965895	0.0	434409	4364.477467514525	0.75
20558.51309175721	750	7.051759242693552	0.0	337059	3898.329552103038	0.75
20562.829672880187	750	6.73517811971444	0.0	366214	4316.5811229791125	0.75
20566.098210817087	750	7.466640182813433	0.0	360831	3268.537936901006	0.75
20568.943839187297	750	8.621011812602935	0.0	372963	2845.6283702104975	0.75
20571.728772801034	750	9.836078198865025	0.0	405596	2784.93361373791	0.75
20574.371021901155	750	11.193829098743102	0.0	350713	2642.249100121924	0.75
20577.477146786558	750	12.087704213341512	0.0	386472	3106.1248854015885	0.75
20580.482125155562	750	13.082725844338864	0.0	399894	3004.9783690026484	0.75
20583.698115924577	750	13.866735075321397	0.0	401853	3215.9907690174664	0.75
20587.509000113267	1200	14.05585088663246	0.0	536667	3810.8841886889395	0.75
20592.010149429767	1200	13.554701570133217	0.0	587236	4501.149316499243	1.2
20597.295143291485	1200	12.269707708417315	0.0	590335	5284.993861715902	1.2
20602.920208356496	1200	10.644642643405303	0.0	696376	5625.0650650120115	1.2
20608.17923108819	1200	9.385619911709709	0.0	487160	5259.0227316955925	1.2
20617.958074094415	1200	4.0	0.39322309451226467	622896	9778.843006221974	-0.490859306402738
20620.265346611683	300	5.692727482731347	0.0	149029	2307.2725172686532	-0.6000000000000001
20622.59404786959	300	7.364026224823769	0.0	157421	2328.701257907577	0.3
20624.619177970424	300	9.33889612398774	0.0	157488	2025.1301008360294	0.3
20626.312387106267	300	11.645686988148006	0.0	143881	1693.2091358397336	0.3
20628.092161784054	300	13.865912310359962	0.0	163444	1779.7746777880432	0.3
20630.038882057204	300	15.919192037207015	0.0	179328	1946.720273152947	0.3
20634.11443923924	750	15.843634855172146	0.0	365161	4075.5571820348678	0.3
20637.000443421355	750	16.957630673057007	0.0	321064	2886.0041821151367	0.75
20639.846239272465	750	18.11183482194845	0.0	361565	2845.795851108557	0.75
20642.814180799076	750	19.14389329533634	0.0	378327	2967.941526612108	0.75
20646.543361408952	750	19.414712685458486	0.0	390680	3729.1806098778547	0.75
20650.1111242747	750	19.84694981971119	0.0	345516	3567.762865747292	0.75
20656.68982939012	1200	17.268244704294126	0.0	641452	6578.705115417067	0.75
20665.445194411554	1200	12.512879682860408	0.0	599477	8755.36502143372	1.2
20676.729703421173	1200	5.228370673243258	0.0	634861	11284.50900961715	1.2
20678.565117499224	300	7.392956595191194	0.0	167025	1835.4140780520643	-0.6000000000000001
20680.274777948547	300	9.683296145870282	0.0	160064	1709.6604493209124	0.3
20681.80807704572	300	12.149997048698362	0.0	137507	1533.2990971719196	0.3
20686.165719421137	750	11.792354673282237	0.0	314107	4357.642375416125	0.3

