1116.9705918616808	750	4.0	0.9321555281170851	450283	932.1555281170852	-3.2582687709034657
1118.108677696228	1200	6.861914165452815	0.0	611087	1138.0858345471852	0.75
1120.37327249608	2850	8.597319365600848	0.0	1300868	2264.594799851967	1.2000000000000002
1123.0305886216113	2850	9.940003240069665	0.0	1520281	2657.3161255311848	2.85
1125.5741311324414	2850	11.396460729239466	0.0	1472558	2543.5425108301965	2.85
1129.2899009856849	4300	11.680690875995834	0.0	1941625	3715.769853243631	2.8499999999999996
1134.024577328919	4300	10.946014532761701	0.0	2157535	4734.676343234134	4.3
1139.080447151876	4300	9.890144709804906	0.0	2290172	5055.8698229567935	4.3
1143.1324665451202	4300	9.83812531656053	0.0	2055469	4052.0193932443767	4.3
1147.1210735871557	4300	9.849518274524943	0.0	2169201	3988.6070420355886	4.3
1151.2680490324062	4300	9.702542829274515	0.0	2173522	4146.975445250428	4.3
1155.2907425500928	4300	9.679849311588004	0.0	2102452	4022.6935176865095	4.3
1159.974999070537	4300	8.99559279114372	0.0	2209463	4684.256520444285	4.3
1164.1449837385458	4300	8.825608123134892	0.0	2275376	4169.9846680088285	4.3
1167.8600120970832	4300	9.110579764597459	0.0	2005399	3715.0283585374323	4.3
1171.863699234375	4300	9.106892627305642	0.0	2152483	4003.6871372918163	4.3
1176.0673301295533	4300	8.903261732127405	0.0	2289689	4203.6308951782385	4.3
1179.777242655018	4300	9.193349206662804	0.0	2059512	3709.9125254646005	4.3
1183.9331829683679	4300	9.037408893312834	0.0	2220726	4155.940313349969	4.3
1187.7961946011144	4300	9.174397260566167	0.0	2156729	3863.0116327466676	4.3
1191.4709136341755	4300	9.499678227505182	0.0	2039773	3674.7190330609847	4.3
1195.7227427307946	4300	9.247849130885985	0.0	2176469	4251.829096619199	4.3
1200.1248962006962	4300	8.845695660984518	0.0	2221506	4402.1534699014655	4.3
1203.9451430116358	4300	9.02544885004498	0.0	2044075	3820.246810939539	4.3
1208.297196632646	4300	8.67339522903488	0.0	2186790	4352.053621010101	4.3
1212.1321706412903	4300	8.838421220390682	0.0	2105231	3834.974008644196	4.3
1216.473082078718	4300	8.497509782962775	0.0	2395588	4340.91143742791	4.3
1220.3033391155175	4300	8.667252746163491	0.0	1972048	3830.2570367992826	4.3
1224.2764680583477	4300	8.694123803333282	0.0	2134614	3973.1289428302093	4.3
1228.181144745637	4300	8.789447116043673	0.0	2164140	3904.6766872896073	4.3
1231.8997430119036	4300	9.07084884977709	0.0	2113193	3718.5982662665856	4.3
1235.5222069745614	4300	9.448384887119506	0.0	2147852	3622.463962657582	4.3
1239.9822877245879	4300	8.988304137092976	0.0	2191074	4460.080750026529	4.3
1244.9331154978643	4300	8.037476363816582	0.0	2286761	4950.8277732763945	4.3
1249.990049834802	4300	6.9805420268787435	0.0	2307787	5056.934336937838	4.3
1254.0162379302546	4300	6.954353931426256	0.0	2143948	4026.1880954524872	4.3
1257.5181894639848	4300	7.452402397696198	0.0	1919781	3501.951533730058	4.3
1261.6425754264146	4300	7.32801643526632	0.0	2147467	4124.385962429878	4.3
1266.0880410828463	4300	6.882550778834597	0.0	2133870	4445.465656431723	4.3
1270.4236902476441	4300	6.54690161403662	0.0	2146120	4335.6491647979765	4.3
1274.2268810509277	4300	6.743710810753375	0.0	2108491	3803.1908032832453	4.3
1278.2317203184864	4300	6.738871543194396	0.0	2184571	4004.8392675589794	4.3
1282.170775018721	4300	6.799816842959665	0.0	2121928	3939.0547002347307	4.3
1286.222450895587	4300	6.748140966093864	0.0	2219102	4051.675876865801	4.3
1290.0992495071566	4300	6.871342354524272	0.0	2124950	3876.7986115695917	4.3
1294.2642233315169	4300	6.70636853016414	0.0	2246506	4164.973824360131	4.3
1297.7301943992084	4300	7.240397462472708	0.0	1961140	3465.971067691432	4.3
1301.683513776445	4300	7.287078085236082	0.0	2155012	3953.3193772366258	4.3

