14499.734939175485	750	4.0	3.704434403261277	450283	3704.4344032612767	-15.17906793402349
14500.907256802748	300	6.827682372737972	0.0	155580	1172.3176272620274	-0.15000000000000002
14501.723720185631	300	10.011218989852685	0.0	139857	816.4633828852868	0.3
14503.865964127755	750	11.868975047729032	0.0	382355	2142.2439421236522	0.3
14505.932635875342	750	13.802303300142022	0.0	411561	2066.671747587012	0.75
14507.731256771765	750	16.00368240371851	0.0	318564	1798.6208964235102	0.75
14509.89891313288	750	17.836026042604004	0.0	352642	2167.656361114505	0.75
14516.518254999433	1850	15.216684176050586	0.0	1060487	6619.341866553417	0.75
14521.523512618023	1850	14.211426557459323	0.0	852833	5005.257618591263	1.85
14526.59074263395	1850	13.14419654153247	0.0	913888	5067.230015926853	1.85
14531.280801996381	1850	12.454137179100668	0.0	939819	4690.0593624318035	1.85
14535.090991443152	1850	12.643947732330108	0.0	917428	3810.1894467705592	1.85
14539.288828808058	1850	12.446110367423257	0.0	946851	4197.837364906853	1.85
14543.53839295933	1850	12.196546216150157	0.0	1036454	4249.564151273099	1.85
14546.687688757518	1850	13.047250417962717	0.0	821631	3149.2957981874383	1.85
14550.525551281566	1850	13.209387893915801	0.0	923170	3837.8625240469146	1.85
14554.231373551804	1850	13.503565623677458	0.0	966699	3705.822270238345	1.85
14557.017336817424	1850	14.71760235805978	0.0	885714	2785.9632656176764	1.85
14560.810875109213	1850	14.924064066271011	0.0	987708	3793.538291788769	1.85
14565.487777549182	1850	14.247161626300258	0.0	923755	4676.902439970753	1.85
14570.332128654003	1850	13.402810521480296	0.0	891604	4844.351104819961	1.85
14575.622748704302	1850	12.112190471182352	0.0	955231	5290.6200502979445	1.85
14581.257295855134	1850	10.477643320349799	0.0	968026	5634.547150832553	1.85
14585.078696696999	1850	10.656242478484089	0.0	874175	3821.40084186571	1.85
14590.910121148081	1850	8.82481802740045	0.0	897976	5831.424451083638	1.85
14593.783703536434	1200	9.951235639047148	0.0	590335	2873.582388353301	0.5499999999999999
14597.946692650945	1200	9.788246524537849	0.0	696376	4162.989114509301	1.2
14600.150547353305	1200	11.584391822176917	0.0	487160	2203.854702360931	1.2
14603.416183408146	1200	12.318755767334403	0.0	622896	3265.636054842513	1.2
14606.559453232065	1200	13.175485943416994	0.0	641447	3143.2698239174097	1.2
14611.504642182788	1850	12.230296992694173	0.0	873429	4945.188950722822	1.2000000000000002
14616.44702426734	1850	11.287914908141902	0.0	954453	4942.382084552272	1.85
14620.96925953429	1850	10.765679641191396	0.0	885062	4522.235266950507	1.85
14624.737471922375	1850	10.997467253106512	0.0	1035329	3768.2123880848835	1.85
14627.851344398958	1850	11.88359477652303	0.0	1026056	3113.8724765834822	1.85
14631.119165362375	1850	12.61577381310754	0.0	943942	3267.82096341549	1.85
14633.979124316282	1850	13.75581485919934	0.0	728962	2859.9589539082012	1.85
14636.953894861874	1850	14.781044313608847	0.0	938587	2974.7705455904934	1.85
14640.488464229242	1850	15.246474946241618	0.0	908665	3534.569367367229	1.85
14644.818159497328	1850	14.916779678155104	0.0	930577	4329.695268086514	1.85
14648.55027557122	1850	15.184663604264111	0.0	858450	3732.1160738909934	1.85
14653.679521689599	2850	14.05541748588344	0.0	1527299	5129.246118380671	1.85
14662.021399112475	2850	9.713540063009091	0.0	1343002	8341.87742287435	2.85
14667.750963422413	1850	7.983975753070004	0.0	973972	5729.564309939088	0.8500000000000001
14670.58551964821	1200	9.149419527273777	0.0	630203	2834.556225796227	0.5499999999999999
14674.298696702157	1200	9.436242473326292	0.0	638661	3713.177053947483	1.2
14678.085594488124	1200	9.649344687359738	0.0	538612	3786.8977859665542	1.2
14682.800461300241	1200	8.934477875241422	0.0	550906	4714.866812118316	1.2

