24448.656640493653	750	4.0	2.855960794164828	450283	2855.96079416	-11.530631414908761
24454.9335083469	2850	4.0	2.276867853246854	1431809	6276.86785325	-9.04053176896147
24462.769539893256	2850	4.0	3.8360315463535164	1300868	7836.03154635	-13.64493564932012
24468.8209429696	2850	4.0	2.0514030763466224	1520281	6051.40307635	-5.971033228290477
24474.3258572555	2850	4.0	1.5049142858991562	1472558	5504.9142859	-3.6211314293663714
24479.234657494242	2850	4.0	0.9088002387419128	1224260	4908.80023874	-1.057841026590225
24486.528701862153	2850	4.0	3.294044367907654	1388403	7294.04436791	-11.314390782002912
24494.924128655835	2850	4.0	4.395426793683116	1638769	8395.42679368	-16.050335212837396
24504.342886952836	2850	4.0	5.418758296999631	1348011	9418.758297	-20.45066067709841
24513.341019971413	2850	4.0	4.998133018574106	1429765	8998.13301857	-18.641971979868654
24523.51668125111	2850	4.0	6.175661279697215	1354548	10175.6612797	-23.70534350269802
24536.42479182369	2850	4.0	8.908110572579494	1519951	12908.1105726	-35.45487546209182
24550.2149915253	2850	4.0	9.790199701610643	1422919	13790.1997016	-39.24785871692576
24565.829773592824	2850	4.0	11.614782067527242	1578343	15614.7820675	-47.09356289036714
24573.67670134107	2850	4.0	3.8469277482444713	1231445	7846.92774824	-13.691789317451226
24580.228955776194	2850	4.0	2.5522544351258967	1471065	6552.25443513	-8.124694071041356
24585.288521933253	2850	4.0	1.0595661570596557	1491626	5059.56615706	-1.7061344753565195
24589.757477109277	2850	4.0	0.46895517602331166	1358801	4468.95517602	0.8334927430997601
24593.95978959844	2850	4.0	0.2023124891626294	1537156	4202.31248916	1.9800562966006936
24597.613508347877	2850	4.346281250562584	0.0	1336050	3653.71874944	2.85
24602.702038540145	2850	4.0	0.742248941703282	1415116	5088.53019227	-0.3416704493241127
24608.27298879036	2850	4.0	1.5709502502160175	1468126	5570.95025022	-3.905086075928875
24616.566039260724	2850	4.0	4.293050470364681	1505760	8293.05047036	-15.610117022568128
24623.67581010369	2850	4.0	3.1097708429707174	1323990	7109.77084297	-10.522014624774085
24630.55495652462	2850	4.0	2.8791464209275692	1383735	6879.14642093	-9.530329609988547
24638.644958908506	2850	4.0	4.090002383885924	1480464	8090.00238389	-14.737010250709472
24646.65352136334	2850	4.0	4.008562454835189	1547572	8008.56245484	-14.38681855579131
24653.473992429568	2850	4.0	2.8204710662282677	1141971	6820.47106623	-9.27802558478155
24660.58664655884	2850	4.0	3.1126541292699192	1498470	7112.65412927	-10.534412755860652
24668.00623105064	2850	4.0	3.419584491799031	1561263	7419.5844918	-11.854213314735832
24672.806206285208	2850	4.0	0.7999752345669368	1341201	4799.97523457	-0.5898935086378279
24678.71939581281	2850	4.0	1.9131895276004753	1497683	5913.1895276	-5.376714968682045
24684.293430665683	2850	4.0	1.5740348528725217	1358081	5574.03485287	-3.9183498673518424
24696.025025749972	2850	4.0	7.731595084288845	1587293	11731.5950843	-30.395858862442033
24704.793336923733	2850	4.0	4.768311173763186	1492672	8768.31117376	-17.653738047181697
24711.5348590937	2850	4.0	2.7415221699663896	1439896	6741.52216997	-8.938545330855476
24717.75870507823	2850	4.0	2.22384598453189	1139291	6223.84598453	-6.712537733487128
24725.804198294198	2850	4.0	4.045493215963292	1499009	8045.49321596	-14.545620828642155
24731.41972093319	2850	4.0	1.6155226389940398	1427478	5615.52263899	-4.096747347674372
24736.168375055	2850	4.0	0.7486541218079892	1402287	4748.65412181	-0.36921272377435344
24742.32969612501	2850	4.0	2.1613210700093304	1339500	6161.32107001	-6.443680601040121
24750.644922448806	2850	4.0	4.315226323798308	1527299	8315.2263238	-15.705473192332724
24758.20586086085	2850	4.0	3.5609384120432988	1343002	7560.93841204	-12.462035171786184
24769.183094493557	2850	4.0	6.9772336327072	1587250	10977.2336327	-27.15210462064096
24777.81527503481	2850	4.0	4.6321805412510075	1464921	8632.18054125	-17.06837632737933
24790.64476495644	2850	4.0	8.8294899216341	1483527	12829.4899216	-35.11680666302662
24802.918058137668	2850	4.0	8.273293181226387	1231456	12273.2931812	-32.725160679273465
24813.73216625817	2850	4.0	6.8141081205060905	1364537	10814.1081205	-26.450664918176187

