49847.23242694092	750	4.0	4.665178135276565	450283	4665.17813528	-19.31026598168923
49873.0236751201	2850	4.0	21.79124817917631	1431809	25791.2481792	-92.95236717045813
49905.05545728325	2850	4.0	28.0317821631496	1300868	32031.7821631	-117.68666330154328
49912.75528209718	2850	4.0	3.6998248139350918	1520281	7699.82481394	-13.059246699920894
49919.6671477442	2850	4.0	2.911865647016354	1472558	6911.86564702	-9.671022282170322
49926.26767438193	2850	4.0	2.6005266377293927	1224260	6600.52663773	-8.33226454223639
49937.67238451746	2850	4.0	7.404710135520387	1388403	11404.7101355	-28.990253582737658
49951.386478500244	2850	4.0	9.71409398279365	1638769	13714.0939828	-38.92060412601269
49961.49985493606	2850	4.0	6.1133764358195055	1348011	10113.3764358	-23.43751867402387
49970.53005437493	2850	4.0	5.03019943887218	1429765	9030.19943887	-18.77985758715037
49977.42182831536	2850	4.0	2.8917739404287897	1354548	6891.77394043	-9.584627943843795
49984.28512788021	2850	4.0	2.863299564846855	1519951	6863.29956485	-9.462188128841477
49992.210588147325	2850	4.0	3.9254602671178245	1422919	7925.46026712	-14.029479148606645
50000.05673217192	2850	4.0	3.846144024594675	1578343	7846.14402459	-13.688419305757103
50005.55861879683	2850	4.0	1.5018866249067278	1231445	5501.88662491	-3.608112487098929
50012.40392982703	2850	4.0	2.8453110301973092	1471065	6845.3110302	-9.38483742984843
50019.79812399378	2850	4.0	3.394194166752325	1491626	7394.19416675	-11.745034917034998
50027.53123048546	2850	4.0	3.7331064916830483	1358801	7733.10649168	-13.202357914237107
50036.41071424314	2850	4.0	4.879483757677692	1537156	8879.48375768	-18.131780158014074
50044.29289359963	2850	4.0	3.8821793564947966	1336050	7882.17935649	-13.843371232927625
50053.55699886389	2850	4.0	5.26410526426214	1415116	9264.10526426	-19.7856526363272
50066.64076436472	2850	4.0	9.083765500825264	1468126	13083.7655008	-36.21019165354863
50085.536763528165	2850	4.0	14.89599916344756	1505760	18895.9991634	-61.2027964028245
50098.480847180515	2850	4.0	8.944083652344181	1323990	12944.0836523	-35.609559705079974
50112.941953225505	2850	4.0	10.461106044994159	1383735	14461.106045	-42.13275599347488
50127.91816643763	2850	4.0	10.976213212128423	1480464	14976.2132121	-44.347716812152214
50144.62227725067	2850	4.0	12.704110813033797	1547572	16704.110813	-51.77767649604532
50152.73880670436	2850	4.0	4.11652945368753	1141971	8116.52945369	-14.85107665085638
50165.02586246413	2850	4.0	8.287055759770075	1498470	12287.0557598	-32.78433976701132
50197.676150475	2850	4.0	28.65028801087068	1561263	32650.2880109	-120.34623844674391
50223.31054554116	2850	4.0	21.6343950661587	1341201	25634.3950662	-90.17789878448241
50230.32080117221	2850	4.0	3.010255631055568	1497683	7010.25563106	-10.094099213538943
50237.09584833487	2850	4.0	2.7750471626564712	1358081	6775.04716266	-9.082702799422826
50247.205552049985	2850	4.0	6.10970371511542	1587293	10109.7037151	-23.421725974996303
50259.801210678044	2850	4.0	8.595658628050638	1492672	12595.6586281	-34.11133210061774
50271.51762085221	2850	4.0	7.716410174172314	1439896	11716.4101742	-30.330563748940946
50279.558531230694	2850	4.0	4.040910378486716	1139291	8040.91037849	-14.52591462749288
50288.67752484783	2850	4.0	5.118993617133956	1499009	9118.99361713	-19.16167255367601
50295.89801538053	2850	4.0	3.2204905327022733	1427478	7220.4905327	-10.998109290619775
50301.98965692824	2850	4.0	2.0916415477097545	1402287	6091.64154771	-6.1440586551519445
50309.73752634166	2850	4.0	3.7478694134175785	1339500	7747.86941342	-13.265838477695587
50317.16458569839	2850	4.0	3.427059356729054	1527299	7427.05935673	-11.886355233934932
50323.205942706845	2850	4.0	2.0413570084606163	1343002	6041.35700846	-5.927835136380651
50330.57228231673	2850	4.0	3.3663396098857956	1587250	7366.33960989	-11.625260322508922
50338.01901843759	2850	4.0	3.4467361208606837	1464921	7446.73612086	-11.97096531970094
50347.0754829473	2850	4.0	5.05646450971274	1483527	9056.46450971	-18.892797391764777
50353.87284872241	2850	4.0	2.7973657751072216	1231456	6797.36577511	-9.178672832961054
50361.75357813584	2850	4.0	3.8807294134341745	1364537	7880.72941343	-13.837136477766949

