50820.37210680344	750	4.0	7.571061952176263	450283	7571.06195218	-31.805566394357932
50831.84961820971	2850	4.0	7.477511406263375	1431809	11477.5114063	-31.40329904693251
50843.892196352215	2850	4.0	8.042578142511822	1300868	12042.5781425	-31.733086012800833
50867.82714714881	2850	4.0	19.934950796594556	1520281	23934.9507966	-82.87028842535659
50879.324290732315	2850	4.0	7.497143583507557	1472558	11497.1435835	-29.38771740908249
50896.66363624436	2850	4.0	13.339345512050361	1224260	17339.3455121	-54.50918570181655
50908.918133943815	2850	4.0	8.254497699445714	1388403	12254.4976994	-32.64434010761657
50922.05750151785	2850	4.0	9.139367574036793	1638769	13139.367574	-36.449280568358205
50937.07485860038	2850	4.0	11.01735708254173	1348011	15017.3570825	-44.52463545492944
50948.107046411795	2850	4.0	7.032187811408272	1429765	11032.1878114	-27.388407589055564
50972.349059427645	2850	4.0	20.242013015840477	1354548	24242.0130158	-84.19065596811406
50984.032911280396	2850	4.0	7.6838518527489885	1519951	11683.8518527	-30.19056296682065
51000.62049330718	2850	4.0	12.587582026789157	1422919	16587.5820268	-51.27660271519337
51017.07368780977	2850	4.0	12.453194502587747	1578343	16453.1945026	-50.69873636112731
51027.0538831684	2850	4.0	5.980195358634175	1231445	9980.19535863	-22.86484004212695
51042.55928989953	2850	4.0	11.505406731130208	1471065	15505.4067311	-46.62324894385989
51053.5400036185	2850	4.0	6.980713718973826	1491626	10980.713719	-27.16706899158745
51076.15972419389	2850	4.0	18.619720575387944	1358801	22619.7205754	-77.21479847416816
51090.49517134447	2850	4.0	10.335447150584171	1537156	14335.4471506	-41.59242274751193
51102.74071448647	2850	4.0	8.245543142008554	1336050	12245.543142	-32.60583551063678
51121.596462826245	2850	4.0	14.855748339774651	1415116	18855.7483398	-61.029717861030996
51131.96081161606	2850	4.0	6.364348789816118	1468126	10364.3487898	-24.516699796209306
51149.60629708815	2850	4.0	13.64548547208348	1505760	17645.4854721	-55.825587529958966
51159.40786878814	2850	4.0	5.801571699992835	1323990	9801.57169999	-22.09675830996919
51174.28020195022	2850	4.0	10.872333162085258	1383735	14872.3331621	-43.90103259696661
51195.70720928134	2850	4.0	17.427007331115625	1480464	21427.0073311	-72.08613152379719
51208.64329682435	2850	4.0	8.936087543011888	1547572	12936.087543	-35.57517643495112
51224.944075726264	2850	4.0	12.300778901914013	1141971	16300.7789019	-50.04334927823025
51237.42245676414	2850	4.0	8.47838103788095	1498470	12478.3810379	-33.607038462888084
51251.781962525434	2850	4.0	10.35950576129083	1561263	14359.5057613	-41.695874773550564
51264.98570119137	2850	4.0	9.203738665941103	1341201	13203.7386659	-36.72607626354674
51277.67971793319	2850	4.0	8.69401674181967	1497683	12694.0167418	-34.53427198982458
51300.86447289365	2850	4.0	19.184754960454576	1358081	23184.7549605	-79.64444632995468
51313.06910351892	2850	4.0	8.204630625276733	1587293	12204.6306253	-32.42991168868995
51333.06887822308	2850	4.0	15.999774704153532	1492672	19999.7747042	-65.94903122786019
51345.424019838945	2850	4.0	8.355141615867772	1439896	12355.1416159	-33.07710894823142
51355.23717102307	2850	4.0	5.813151184126447	1139291	9813.15118413	-22.14655009174372
51370.90194147131	2850	4.0	11.664770448238029	1499009	15664.7704482	-47.30851292742352
51381.10043202014	2850	4.0	6.198490548835482	1427478	10198.4905488	-23.803509359992567
51405.804598924085	2850	4.0	20.704166903941154	1402287	24704.1669039	-86.17791768694697
51416.97673929733	2850	4.0	7.172140373241879	1339500	11172.1403732	-27.990203604940078
51431.46690006265	2850	4.0	10.490160765322429	1527299	14490.1607653	-42.25769129088644
51448.99295684063	2850	4.0	13.526056777977793	1343002	17526.056778	-55.312044145304505
51461.107544647224	2850	4.0	8.114587806600639	1587250	12114.5878066	-32.042727568382745
51477.27328526988	2850	4.0	12.165740622661383	1464921	16165.7406227	-49.462684677443946
51488.311149174864	2850	4.0	7.037863904975642	1483527	11037.863905	-27.412814791395256
51504.20358003344	2850	4.0	11.892430858581296	1231456	15892.4308586	-48.28745269189957
51522.80458089558	2850	4.0	14.601000862138536	1364537	18601.0008621	-59.9343037071957

