16178.373253774645	750	4.0	4.594934407378574	450283	4594.934407378574	-19.008217951727868
16179.356716486129	300	7.016537288516239	0.0	155580	983.462711483761	-0.15000000000000002
16180.476550697356	300	9.896703077287517	0.0	139857	1119.8342112287223	0.3
16181.680514267904	300	12.692739506739828	0.0	155432	1203.9635705476885	0.3
16183.217289949265	300	15.155963825380816	0.0	163442	1536.7756813590127	0.3
16187.474936697854	750	14.898317076791223	0.0	318564	4257.646748589591	0.3
16190.358508321571	750	16.014745453072717	0.0	352642	2883.571623718507	0.75
16196.15427376379	750	14.218980010854946	0.0	437162	5795.765442217769	0.75
16201.82928884841	750	12.543964926236804	0.0	374758	5675.015084618143	0.75
16210.020894424724	750	8.35235934992324	0.0	362795	8191.605576313563	0.75
16212.110229872987	300	10.263023901659714	0.0	141840	2089.3354482635254	-0.15000000000000002
16213.726665624194	300	12.646588150452073	0.0	156148	1616.4357512076415	0.3
16215.142577680186	300	15.23067609446059	0.0	160746	1415.9120559914825	0.3
16216.673374082942	300	17.69987969170486	0.0	179801	1530.7964027557314	0.3
16217.90047554682	300	20.47277822782683	0.0	140051	1227.1014638780316	0.3
16221.132279974227	750	21.24097380042071	0.0	366214	3231.8044274061176	0.3
16225.097367596252	750	21.27588617839396	0.0	360831	3965.087622026748	0.75
16229.596894749062	750	20.776359025584103	0.0	372963	4499.527152809857	0.75
16233.948566335377	750	20.424687439270684	0.0	405596	4351.6715863134195	0.75
16241.813673247554	750	16.559580527093427	0.0	350713	7865.106912177256	0.75
16253.173641485753	750	9.199612288893492	0.0	386472	11359.968238199937	0.75
16257.92733521831	300	8.445918556336226	0.0	157812	4753.693732557264	-0.15000000000000002
16262.44214733545	300	7.9311064391962365	0.0	163927	4514.81211713999	0.3
16264.758863908493	300	9.614389866154088	0.0	137654	2316.716573042149	0.3
16266.034913240903	300	12.338340533746726	0.0	146754	1276.0493324073632	0.3
16267.256678850848	300	15.116574923801442	0.0	153938	1221.7656099452806	0.3
16268.753481680174	300	17.61977209447512	0.0	181901	1496.8028293263228	0.3
16269.761522936882	300	20.61173083776837	0.0	111155	1008.04125670675	0.3
16273.06196987696	750	21.311283897690313	0.0	400396	3300.446940078058	0.3
16278.542906992114	750	19.83034678253773	0.0	400508	5480.937115152583	0.75
16280.909872729213	750	21.463381045436233	0.0	358218	2366.965737101499	0.75
16283.610569869852	750	22.762683904798315	0.0	400322	2700.6971406379175	0.75
16286.18431573284	750	24.188938041809617	0.0	369834	2573.745862988696	0.75
16288.811097472146	750	25.56215630250405	0.0	412837	2626.7817393055693	0.75
16293.530537191913	1200	24.842716582737076	0.0	690253	4719.439719766972	0.75
16299.514769545693	1850	22.85848422895668	0.0	943942	5984.232353780397	1.2000000000000002
16303.309235844084	1850	23.064017930564564	0.0	728962	3794.4662983921135	1.85
16309.473820911679	1850	20.8994328629693	0.0	938587	6164.585067595268	1.85
16315.578074775867	1850	18.795178998782287	0.0	908665	6104.253864187008	1.85
16321.432696824704	1850	16.940556949946227	0.0	930577	5854.62204883606	1.85
16327.003890722213	1850	15.369363052436237	0.0	858450	5571.193897509993	1.85
16333.562737931526	1850	12.810515843123147	0.0	1025005	6558.84720931309	1.85
16338.791086347423	1850	11.582167427227484	0.0	886255	5228.3484158956635	1.85
16345.167064262518	1850	9.206189512133445	0.0	973972	6375.9779150940385	1.85
16352.143375599724	1850	6.2298781749275225	0.0	958994	6976.311337205923	1.85
16355.77725703052	1200	6.5959967441307725	0.0	638661	3633.88143079675	0.5499999999999999
16359.882389999011	1200	6.490863775639951	0.0	538612	4105.132968490821	1.2
16364.954704800526	1200	5.41854897412519	0.0	550906	5072.314801514762	1.2

