8551.285868077797	750	4.0	2.6661221575738243	450283	2666.122157573824	-10.714325277567443
8552.561934406078	300	6.723933671720184	0.0	155580	1276.066328279816	-0.15000000000000002
8554.233177496733	300	9.052690581065232	0.0	139857	1671.2430906549514	0.3
8557.327998435263	300	9.957869642535126	0.0	155432	3094.820938530105	0.3
8560.790089266773	300	10.495778811024305	0.0	163442	3462.09083151082	0.3
8563.360121893938	300	11.925746183859326	0.0	126289	2570.0326271649787	0.3
8565.69296815703	300	13.592899920769002	0.0	153295	2332.8462630903255	0.3
8567.461744964132	300	15.824123113665133	0.0	173849	1768.7768071038674	0.3
8568.699633952088	300	18.586234125707918	0.0	150710	1237.8889879572164	0.3
8572.09697233142	750	19.188895746377067	0.0	362795	3397.3383793308485	0.3
8577.098035869343	750	18.187832208452768	0.0	353220	5001.0635379243	0.75
8582.12107785506	750	17.164790222736475	0.0	405134	5023.041985716293	0.75
8583.815414756	750	19.47045332179576	0.0	386351	1694.336900940716	0.75
8585.575109379915	750	21.710758697880273	0.0	434409	1759.6946239154877	0.75
8587.418443801445	750	23.867424276349357	0.0	337059	1843.3344215309137	0.75
8590.941848876259	1200	24.344019201536664	0.0	587876	3523.405074812693	0.75
8596.813505039114	1200	22.47236303868138	0.0	617242	5871.6561628552845	1.2
8599.445227905542	1200	23.840640172254307	0.0	581493	2631.722866427071	1.2
8601.736287971504	1200	25.549580106291035	0.0	639204	2291.0600659632714	1.2
8606.397668822337	1850	24.88819925545837	0.0	923755	4661.380850832665	1.2000000000000002
8613.936923787553	1850	21.348944290242557	0.0	891604	7539.254965215814	1.85
8618.842712286496	1850	20.44315579129935	0.0	955231	4905.788498943206	1.85
8622.676053864936	1850	20.60981421286129	0.0	968026	3833.34157843806	1.85
8627.28911459221	1850	19.996753485586474	0.0	874175	4613.060727274818	1.85
8640.96186728417	1850	10.32400079362681	0.0	897976	13672.752691959662	1.85
8644.519206615365	750	10.766661462432694	0.0	379700	3557.3393311941163	-0.3500000000000001
8648.408043908437	750	10.877824169358306	0.0	425781	3888.8372930743885	0.75
8652.46310607233	750	10.82276200546747	0.0	277716	4055.062163890836	0.75
8656.1991023592	300	11.08676571859642	0.0	153605	3735.99628687105	-0.15000000000000002
8657.489660262372	300	13.796207815424866	0.0	149029	1290.557903171553	0.3
8658.351167932622	300	16.93470014517415	0.0	157421	861.5076702507148	0.3
8659.09439110054	300	20.191476977257977	0.0	157488	743.2231679161733	0.3
8659.756594150122	300	23.52927392767448	0.0	143881	662.2030495834985	0.3
8660.46678871331	300	26.819079364486285	0.0	163444	710.1945631881918	0.3
8665.89032873133	1850	25.395539346466215	0.0	1026056	5423.540018020071	0.30000000000000004
8673.408542027284	1850	21.87732605051311	0.0	943942	7518.213295953108	1.85
8676.430980282777	1850	22.854887795019113	0.0	728962	3022.438255493995	1.85
8680.564078978083	1850	22.721789099714975	0.0	938587	4133.098695304141	1.85
8686.629028393938	1850	20.656839683859353	0.0	908665	6064.949415855621	1.85
8693.556155682514	1850	17.729712395282885	0.0	930577	6927.12728857647	1.85
8695.534308767843	1200	19.751559309953823	0.0	566904	1978.1530853290622	0.5499999999999999
8698.170971975656	1200	21.114896102139465	0.0	641452	2636.66320781436	1.2
8702.69520074397	1850	20.590667333825586	0.0	886255	4524.228768313877	1.2000000000000002
8716.187476623243	1850	11.098391454553232	0.0	973972	13492.275879272354	1.85
8720.315801983963	750	10.970066093831889	0.0	398987	4128.325360721343	-0.3500000000000001
8723.987175090731	750	11.298692987062655	0.0	393804	3671.3731067692324	0.75
8728.26100534367	750	11.024862734124305	0.0	331053	4273.830252938351	0.75
8733.48041155931	750	9.805456518484998	0.0	314107	5219.4062156393065	0.75

