55410.13552937246	750	4.0	3.13772266060829	450283	3137.72266061	-12.742207440615646
55415.624404982475	2850	4.0	1.4888756100166547	1431809	5488.87561002	-5.652165123071615
55418.67688421526	2850	4.947520767222015	0.0	1300868	3052.47923278	2.85
55423.391110940414	2850	4.2332940420675955	0.0	1520281	4714.22672515	2.85
55433.64964948947	2850	4.0	6.025244506987147	1472558	10258.5385491	-23.05855138004473
55446.261728397134	2850	4.0	8.612078907658775	1224260	12612.0789077	-34.18193930293273
55451.28083955746	2850	4.0	1.0191111603307	1388403	5019.11116033	-1.5321779894220096
55456.45969366694	2850	4.0	1.1788541094807214	1638769	5178.85410948	-2.2190726707671016
55460.995521895486	2850	4.0	0.5358282285410387	1348011	4535.82822854	0.5459386172735337
55465.455500283315	2850	4.0	0.4599783878313556	1429765	4459.97838783	0.8720929323251712
55469.77653466328	2850	4.0	0.3210343799694501	1354548	4321.03437997	1.4695521661313646
55475.382261484294	2850	4.0	1.6057268210097173	1519951	5605.72682101	-4.054625330341784
55479.841788757076	2850	4.0	0.4595272727827869	1422919	4459.52727278	0.8740327270340167
55483.51566588443	2850	4.326122872653394	0.0	1578343	3673.87712735	2.85
55486.68189094062	2850	5.159897816463257	0.0	1231445	3166.22505619	2.85
55490.70587106047	2850	5.135917696619079	0.0	1471065	4023.98011984	2.85
55494.844036103656	2850	4.9977526534254535	0.0	1491626	4138.16504319	2.85
55498.673517797746	2850	5.168270959340769	0.0	1358801	3829.48169408	2.85
55502.758552190964	2850	5.083236566117825	0.0	1537156	4085.03439322	2.85
55505.579678070455	2850	6.262110686629501	0.0	1336050	2821.12587949	2.85
55509.074849863675	2850	6.7669388934044505	0.0	1415116	3495.17179323	2.85
55513.10986106238	2850	6.731927694702917	0.0	1468126	4035.0111987	2.85
55517.03557590655	2850	6.806212850529339	0.0	1505760	3925.71484417	2.85
55520.48183782621	2850	7.359950930866248	0.0	1323990	3446.26191966	2.85
55525.03655573114	2850	6.805233025944116	0.0	1383735	4554.71790492	2.85
55528.944726483634	2850	6.89706227344499	0.0	1480464	3908.1707525	2.85
55535.850170130965	2850	4.0	0.008381373888365488	1547572	6905.44364733	2.8139600922800283
55541.441743995514	2850	4.0	1.5915738645524826	1141971	5591.57386455	-3.9937676175756747
55546.09300215125	2850	4.0	0.6512581557270368	1498470	4651.25815573	0.04958993037374171
55550.84035319927	2850	4.0	0.7473510480267951	1561263	4747.35104803	-0.3636095065152185
55554.68799371268	2850	4.152359486595206	0.0	1341201	3847.6405134	2.85
55559.82429830424	2850	4.0	0.9839451049624668	1497683	5136.30459156	-1.380963951338607
55564.852637286436	2850	4.0	1.0283389822004638	1358081	5028.3389822	-1.571857623461994
55570.70896163282	2850	4.0	1.8563243463870012	1587293	5856.32434639	-5.132194689464104
55575.36287189492	2850	4.0	0.6539102620959002	1492672	4653.9102621	0.03818587298762921
55579.46182384189	2850	4.0	0.09895194697507122	1439896	4098.95194698	2.424506628007194
55583.69437335141	2850	4.0	0.23254950951746287	1139291	4232.54950952	1.85003710907491
55590.90073531403	2850	4.0	3.206361962626739	1499009	7206.36196263	-10.937356439294977
55594.92254556218	2850	4.0	0.021810248142599447	1427478	4021.81024814	2.7562159329868225
55598.54264129118	2850	4.37990427100057	0.0	1402287	3620.095729	2.85
55603.92151113793	2850	4.0	0.9989655757501877	1339500	5378.86984675	-1.4455519757258073
55618.02497844777	2850	4.0	10.103467309839976	1527299	14103.4673098	-40.594909432311894
55626.677004726174	2850	4.0	4.652026278400979	1343002	8652.0262784	-17.153712997124206
55631.87618781598	2850	4.0	1.1991830898044027	1587250	5199.1830898	-2.3064872861589314
55636.63234105997	2850	4.0	0.7561532439962503	1464921	4756.153244	-0.4014589491838758
55641.87956457518	2850	4.0	1.2472235152057711	1483527	5247.22351521	-2.5130611153848155
55645.13537168641	2850	4.7441928887657285	0.0	1231456	3255.80711123	2.85
55649.98785935224	2850	4.0	0.10829477705998033	1364537	4852.48766583	2.384332458642085

