31993.99905077156	750	4.0	1.3915974527875299	450283	1391.59745279	-5.233869046986379
31999.032165048928	2850	4.0	1.0331142773682296	1431809	5033.11427737	-3.692391392683387
32003.40642559324	2850	4.0	0.3742605443118	1300868	4374.26054431	1.2406796594592602
32008.185601097288	2850	4.0	0.7791755040520838	1520281	4779.17550405	-0.50045466742396
32012.577518427945	2850	4.0	0.39191733065755036	1472558	4391.91733066	1.1647554781725336
32016.98208375069	2850	4.0	0.4045653227408129	1224260	4404.56532274	1.1103691122145045
32022.101678498097	2850	4.0	1.1195947474097165	1388403	5119.59474741	-1.9642574138617808
32029.66996875316	2850	4.0	3.5682902550647912	1638769	7568.29025506	-12.493648096778601
32034.42155460023	2850	4.0	0.7515858470683806	1348011	4751.58584707	-0.38181914239403625
32040.59553638022	2850	4.0	2.17398177998987	1429765	6173.98177999	-6.49812165395644
32045.676913513907	2850	4.0	1.0813771336869067	1354548	5081.37713369	-1.7999216748536981
32051.472051831854	2850	4.0	1.7951383179476306	1519951	5795.13831795	-4.869094767174811
32057.616617772183	2850	4.0	2.144565940331273	1422919	6144.56594033	-6.371633543424473
32063.850259521725	2850	4.0	2.233641749540647	1578343	6233.64174954	-6.754659523024781
32068.759390282812	2850	4.0	0.9091307610869916	1231445	4909.13076109	-1.0592622726740637
32073.890372369104	2850	4.0	1.1309820862881015	1471065	5130.98208629	-2.0132229710388363
32079.22087220821	2850	4.0	1.3304998391084764	1491626	5330.49983911	-2.8711493081664483
32083.705507329214	2850	4.0	0.48463512100264416	1358801	4484.635121	0.7660689796886304
32089.311228136627	2850	4.0	1.6057208074099398	1537156	5605.72080741	-4.0545994718627405
32094.646833413393	2850	4.0	1.3356052767654627	1336050	5335.60527677	-2.893102690091489
32099.756976492605	2850	4.0	1.1101430792141618	1415116	5110.14307921	-1.923615240620895
32104.418936112397	2850	4.0	0.6619596197895052	1468126	4661.95961979	0.0035736349051278538
32109.804091219845	2850	4.0	1.3851551074485469	1505760	5385.15510745	-3.1061669620287513
32115.5945343425	2850	4.0	1.7904431226565602	1323990	5790.44312266	-4.848905427423208
32121.25971543082	2850	4.0	1.6651810883220115	1383735	5665.18108832	-4.310278679784648
32125.88678772182	2850	4.0	0.6270722909977731	1480464	4627.072291	0.15358914870957596
32132.02277178255	2850	4.0	2.13598406073171	1547572	6135.98406073	-6.334731461146353
32140.227780643043	2850	4.0	4.205008860489568	1141971	8205.00886049	-15.231538100105142
32146.91570303674	2850	4.0	2.6879223936969665	1498470	6687.9223937	-8.708066292896955
32153.34644691329	2850	4.0	2.4307438765482066	1561263	6430.74387655	-7.602198669157287
32157.945672320642	2850	4.0	0.5992254073544918	1341201	4599.22540735	0.2733307483756855
32164.239854400792	2850	4.0	2.294182080150097	1497683	6294.18208015	-7.014982944645416
32170.187240974716	2850	4.0	1.9473865739238463	1358081	5947.38657392	-5.52376226787254
32177.644745741083	2850	4.0	3.4575047663690075	1587293	7457.50476637	-12.017270495386732
32185.583323530216	2850	4.0	3.9385777891327507	1492672	7938.57778913	-14.085884493270827
32196.518318623344	2850	4.0	6.9349950931284	1439896	10934.9950931	-26.970478900452118
32200.652483225273	2850	4.0	0.13416460192478188	1139291	4134.16460192	2.273092211723438
32205.681066155088	2850	4.0	1.0285829298165963	1499009	5028.58292982	-1.5729065982113632
32210.19173791544	2850	4.0	0.5106717603554379	1427478	4510.67176036	0.6541114304716169
32214.369330691155	2850	4.0	0.1775927757122372	1402287	4177.59277571	2.0863510644373804
32219.089418714313	2850	4.0	0.7200880231601632	1339500	4720.08802316	-0.2463784995887015
32224.701101128343	2850	4.0	1.6116824140293102	1527299	5611.68241403	-4.080234380326033
32230.76421251367	2850	4.0	2.0631113853275074	1343002	6063.11138533	-6.021378956908281
32236.8483348424	2850	4.0	2.0841223287315342	1587250	6084.12232873	-6.1117260135455975
32243.138750483635	2850	4.0	2.2904156412344747	1464921	6290.41564123	-6.998787257308241
32248.63155970819	2850	4.0	1.4928092245534252	1483527	5492.80922455	-3.569079665579728
32253.406017507106	2850	4.0	0.7744577989178415	1231456	4774.45779892	-0.48016853534671844
32259.2541437216	2850	4.0	1.8481262144930732	1364537	5848.12621449	-5.096942722320215

