19379.51042913363	750	4.0	8.793419615156727	450283	8793.419615156727	-37.06170434517393
19382.510790440883	300	4.999638692742964	0.0	155580	3000.361307257036	-0.15000000000000002
19385.139527071933	300	6.370902061693952	0.0	139857	2628.7366310490115	0.3
19387.618788036387	300	7.89164109724028	0.0	155432	2479.2609644536724	0.3
19390.028774751765	300	9.481654381865631	0.0	163442	2409.9867153746472	0.3
19392.02426021835	300	11.486168915281535	0.0	126289	1995.4854665840983	0.3
19394.300585807538	300	13.209843326092562	0.0	153295	2276.3255891889726	0.3
19396.84324104739	300	14.667188086239829	0.0	173849	2542.655239852732	0.3
19399.06636844198	300	16.44406069165086	0.0	150710	2223.1273945889648	0.3
19401.074633130745	300	18.435796002888004	0.0	139105	2008.2646887628573	0.3
19405.85773192983	750	17.652697203799764	0.0	353220	4783.098799088238	0.3
19411.86678972234	750	15.643639411293755	0.0	405134	6009.0577925060115	0.75
19418.00981057405	750	13.500618559579793	0.0	386351	6143.02085171396	0.75
19424.028893654566	750	11.481535479062902	0.0	434409	6019.083080516892	0.75
19430.44032817087	750	9.070100962758575	0.0	337059	6411.434516304327	0.75
19435.805967987104	750	7.704461146521438	0.0	366214	5365.639816237138	0.75
19440.963160052557	750	6.547269081071417	0.0	360831	5157.19206545002	0.75
19443.273838882054	300	8.236590251574151	0.0	150616	2310.6788294972666	-0.15000000000000002
19445.959314816548	300	9.55111431708127	0.0	165384	2685.475934492881	0.3
19448.157736951358	300	11.352692182271698	0.0	140881	2198.422134809572	0.3
19450.730325374763	300	12.780103758867671	0.0	157671	2572.588423404026	0.3
19453.322458621078	300	14.187970512552688	0.0	157812	2592.133246314984	0.3
19456.039436177456	300	15.470992956174726	0.0	163927	2716.977556377962	0.3
19461.5362140138	750	13.974215119828143	0.0	343800	5496.777836346583	0.3
19467.38369848298	750	12.126730650649394	0.0	359903	5847.484469178749	0.75
19473.032325024185	750	10.47810410944618	0.0	379700	5648.626541203214	0.75
19477.987165981256	750	9.523263152373767	0.0	425781	4954.8409570724125	0.75
19480.62565791202	750	10.884771221611372	0.0	277716	2638.491930762395	0.75
19484.308771205	750	11.20165792863133	0.0	400396	3683.113292980042	0.75
19489.18380551773	750	10.326623615902884	0.0	400508	4875.034312728447	0.75
19493.38413573553	750	10.12629339810296	0.0	358218	4200.330217799924	0.75
19498.1842321259	750	9.326197007732695	0.0	400322	4800.096390370266	0.75
19504.041097692476	750	7.469331441158351	0.0	369834	5856.865566574344	0.75
19510.568565127454	750	4.941864006179021	0.0	412837	6527.46743497933	0.75
19512.90433835533	300	6.606090778305103	0.0	179328	2335.7732278739177	-0.15000000000000002
19514.78294771041	300	8.727481423223288	0.0	159914	1878.6093550818134	0.3
19516.40561696096	300	11.10481217267244	0.0	131610	1622.6692505508488	0.3
19518.12250558501	300	13.387923548628068	0.0	124011	1716.8886240443712	0.3
19520.012626005515	300	15.497803128120259	0.0	144254	1890.12042050781	0.3
19524.83948423163	750	14.67094490200721	0.0	390680	4826.858226113047	0.3
19528.61970325237	750	14.890725881263654	0.0	345516	3780.2190207435588	0.75
19533.03229281368	750	14.478136319955631	0.0	384505	4412.589561308023	0.75
19537.66202895595	750	13.84840017768464	0.0	372093	4629.736142270991	0.75
19543.193597374175	750	12.316831759460689	0.0	438281	5531.56841822395	0.75
19548.172100582866	750	11.338328550772825	0.0	398987	4978.503208687864	0.75
19552.790824210402	750	10.719604923233753	0.0	393804	4618.723627539072	0.75
19559.472139117705	1200	8.038290015933883	0.0	538612	6681.314907299869	0.75
19565.320095966596	1200	6.190333167038945	0.0	550906	5847.956848894939	1.2

