13940.947633361084	750	4.0	2.855960794164828	450283	2855.9607941648283	-11.530631414908761
13941.756645345287	300	7.1909880157968455	0.0	155580	809.011984203154	-0.15000000000000002
13942.929379247316	750	10.018254113766275	0.0	350812	1172.7339020305694	0.3
13944.556867789861	750	12.390765571223195	0.0	382355	1627.4885425430798	0.75
13947.97693223367	1200	12.970701127414088	0.0	652874	3420.064443809108	0.75
13951.177482641124	1200	13.770150719960776	0.0	520315	3200.5504074533105	1.2
13954.696218722604	1200	14.251414638480105	0.0	561791	3518.7360814806725	1.2
13958.208744676407	1200	14.738888684676724	0.0	709534	3512.52595380338	1.2
13960.360152269135	1200	16.587481091949897	0.0	584846	2151.4075927268273	1.2
13962.701782717095	1200	18.245850643987765	0.0	560821	2341.630447962133	1.2
13966.122836580193	1850	18.82479678089169	0.0	939819	3421.053863096075	1.2000000000000002
13969.395728403215	1850	19.551904957870057	0.0	917428	3272.8918230216273	1.85
13973.557456661594	1850	19.39017669948872	0.0	946851	4161.728258381339	1.85
13979.280217507896	1850	17.667415853188817	0.0	1036454	5722.760846299902	1.85
13983.692080829145	1850	17.25555253193863	0.0	821631	4411.863321250187	1.85
13988.358286417451	1850	16.589346943634016	0.0	923170	4666.2055883046105	1.85
13995.19376644503	1850	13.753866916053754	0.0	966699	6835.480027580262	1.85
14001.041003624803	1850	11.906629736283408	0.0	885714	5847.2371797703445	1.85
14005.238990884502	1200	11.708642476583773	0.0	639204	4197.987259699636	0.5499999999999999
14008.27173861976	1200	12.675894741325646	0.0	586839	3032.747735258126	1.2
14012.98083723696	1200	11.9667961241246	0.0	601738	4709.098617201044	1.2
14018.343747521654	1200	10.603885839432223	0.0	616206	5362.910284692378	1.2
14023.783004625355	1200	9.164628735731647	0.0	656471	5439.257103700577	1.2
14029.02633339249	1200	7.921299968594988	0.0	536667	5243.328767136659	1.2
14034.74344271413	1200	6.204190646954723	0.0	587236	5717.109321640265	1.2
14039.045478747541	750	5.9021546135444956	0.0	379700	4302.036033410227	0.3
14042.731721476373	750	6.215911884711351	0.0	425781	3686.2427288331455	0.75
14044.99155222568	750	7.95608113540613	0.0	277716	2259.830749305221	0.75
14047.422820939728	750	9.524812421357582	0.0	400396	2431.2687140485477	0.75
14049.515796296335	750	11.431837064748382	0.0	400508	2092.9753566092	0.75
14059.001958459046	1200	5.945674902038296	0.0	570392	9486.162162710087	0.75
14060.950436935567	300	7.997196425518282	0.0	157488	1948.4784765200138	-0.6000000000000001
14061.960460770659	300	10.987172590426338	0.0	143881	1010.0238350919432	0.3
14063.05303726888	300	13.894596092204509	0.0	163444	1092.576498221829	0.3
14064.257920381559	300	16.689712979526114	0.0	179328	1204.883112678393	0.3
14065.236637029377	300	19.710996331708465	0.0	159914	978.716647817647	0.3
14067.857992169833	1200	21.08964119125177	0.0	487812	2621.355140456696	0.29999999999999993
14070.935714922562	1200	22.011918438522596	0.0	575591	3077.7227527291734	1.2
14073.40785917785	1200	23.539774183234965	0.0	605884	2472.1442552876338	1.2
14076.758395519932	1850	24.189237841153616	0.0	930577	3350.536342081347	1.2000000000000002
14079.6210973351	1850	25.326536025983692	0.0	858450	2862.701815169923	1.85
14083.071791384333	1850	25.875841976752685	0.0	1025005	3450.6940492310064	1.85
14086.956125883744	2850	25.991507477340775	0.0	1343002	3884.3344994119125	1.85
14091.125520821115	2850	25.822112539968302	0.0	1587250	4169.394937372475	2.85
14098.667234716842	4300	22.280398644241096	0.0	2124950	7541.713895727203	2.8499999999999996
14109.062206568206	4300	15.885426792876935	0.0	2246506	10394.971851364162	4.3
14119.624927627305	4300	9.322705733777777	0.0	1961140	10562.721059099158	4.3
14126.17637261283	2850	6.771260748252108	0.0	1364537	6551.444985525669	1.4000000000000001

