17704.447664	750	4.0	6.835416697573638	450283	6835.41669757	-28.642291799566642
17720.9771504	2850	4.0	12.52948637999225	1431809	16529.48638	-53.12679143396667
17729.732432	2850	4.0	4.755281533225392	1300868	8755.28153323	-17.597710592869184
17739.109619	2850	4.0	5.377187010519072	1520281	9377.18701052	-20.271904145232007
17750.8306981	2850	4.0	7.721079109544329	1472558	11721.0791095	-30.35064017104061
17758.9290391	2850	4.0	4.098341008644688	1224260	8098.34100864	-14.77286633717216
17766.616021	2850	4.0	3.686981914150687	1388403	7686.98191415	-13.004022230847953
17775.329765	2850	4.0	4.713744023509775	1638769	8713.74402351	-17.41909930109203
17785.452691	2850	4.0	6.122925979150264	1348011	10122.9259792	-23.478581710346134
17798.27822	2850	4.0	8.825529025255703	1429765	12825.5290253	-35.09977480859952
17808.4480272	2850	4.0	6.169807214975692	1354548	10169.807215	-23.680171024395474
17823.1959181	2850	4.0	10.747890862893877	1519951	14747.8908629	-43.36593071044367
17835.7085464	2850	4.0	8.512628257889405	1422919	12512.6282579	-33.75430150892444
17847.1418196	2850	4.0	7.433273216109405	1578343	11433.2732161	-29.113074829270438
17858.8135285	2850	4.0	7.671708903394938	1231445	11671.7089034	-30.13834828459823
17871.5551553	2850	4.0	8.741626814703418	1471065	12741.6268147	-34.73899530322469
17893.5922744	2850	4.0	18.037119128754654	1491626	22037.1191288	-74.70961225364502
17910.0261061	2850	4.0	12.433831668505784	1358801	16433.8316685	-50.615476174574866
17931.9722311	2850	4.0	17.946125004385564	1537156	21946.1250044	-74.31833751885793
17955.1756282	2850	4.0	19.203397129699056	1336050	23203.3971297	-79.72460765770595
17969.1708161	2850	4.0	9.995187848579233	1415116	13995.1878486	-40.129307748890696
17983.1746182	2850	4.0	10.003802092089536	1468126	14003.8020921	-40.166348995985004
17995.9693595	2850	4.0	8.794741313506266	1505760	12794.7413135	-34.967387648076944
18007.0100517	2850	4.0	7.040692257410443	1323990	11040.6922574	-27.424976706864904
18023.7075642	2850	4.0	12.69751248231993	1383735	16697.5124823	-51.749303673975696
18037.6791918	2850	4.0	9.971627529473187	1480464	13971.6275295	-40.0279983767347
18047.9832224	2850	4.0	6.304030644012661	1547572	10304.030644	-24.25733176925444
18055.1835226	2850	4.0	3.2003002136141494	1141971	7200.30021361	-10.911290918540843
18066.9604607	2850	4.0	7.776938116120193	1498470	11776.9381161	-30.590833899316827
18077.0911372	2850	4.0	6.130676484975818	1561263	10130.676485	-23.511908885396014
18083.9620187	2850	4.0	2.8708814419632134	1341201	6870.88144196	-9.494790200441818
18092.2585234	2850	4.0	4.296504741460283	1497683	8296.50474146	-15.624970388279218
18103.2827141	2850	4.0	7.0241907318602985	1358081	11024.1907319	-27.354020146999282
18116.3456675	2850	4.0	9.06295341858435	1587293	13062.9534186	-36.1206996999127
18129.4445047	2850	4.0	9.09883720037079	1492672	13098.8372004	-36.274999961594396
18142.7477652	2850	4.0	9.30326043731526	1439896	13303.2604373	-37.154019880455614
18152.7955313	2850	4.0	6.047766136787579	1139291	10047.7661368	-23.155394388186586
18164.2739666	2850	4.0	7.478435295177325	1499009	11478.4352952	-29.3072717692625
18177.2986971	2850	4.0	9.024730449218474	1427478	13024.7304492	-35.95634093163943
18190.4342708	2850	4.0	9.135573717153825	1402287	13135.5737172	-36.432966983761446
18210.5792832	2850	4.0	16.1450124189003	1339500	20145.0124189	-66.5735534012713
18228.0641004	2850	4.0	13.484817221372596	1527299	17484.8172214	-55.13471405190216
18249.2903387	2850	4.0	17.226238318700712	1343002	21226.2383187	-71.22282477041307
18273.9640561	2850	4.0	20.67371736942155	1587250	24673.7173694	-86.04698468851267
18288.3541174	2850	4.0	10.390061320330924	1464921	14390.0613203	-41.82726367742297
18301.5504657	2850	4.0	9.196348237477512	1483527	13196.3482375	-36.6942974211533
18312.2715416	2850	4.0	6.721075919593317	1231456	10721.0759196	-26.050626454251262
18323.7473323	2850	4.0	7.475790730590181	1364537	11475.7907306	-29.29590014153778

