62752.5501058873	750	4.0	5.4395307625425735	450283	5439.53076254	-22.639982278933065
62767.74807567732	2850	4.0	11.197969790016552	1431809	15197.96979	-47.40127009707117
62777.38048391448	2850	4.0	5.632408237160278	1300868	9632.40823716	-21.369355419789194
62793.60985538791	2850	4.0	12.229371473428893	1520281	16229.3714734	-49.73629733574423
62808.632341755925	2850	4.0	11.022486368012963	1472558	15022.486368	-44.54669138245574
62817.206640502205	2850	4.0	4.574298746280816	1224260	8574.29874628	-16.819484609007503
62827.39849294959	2850	4.0	6.191852447380266	1388403	10191.8524474	-23.77496552373514
62840.81846171218	2850	4.0	9.419968762589964	1638769	13419.9687626	-37.65586567913684
62857.48104464871	2850	4.0	12.662582936521634	1348011	16662.5829365	-51.59910662704302
62867.15788049193	2850	4.0	5.676835843225939	1429765	9676.83584323	-21.560394125871536
62879.20680540008	2850	4.0	8.048924908145114	1354548	12048.9249081	-31.76037710502399
62896.70749673519	2850	4.0	13.500691335101036	1519951	17500.6913351	-55.202972740934456
62908.09554580658	2850	4.0	7.388049071396148	1422919	11388.0490714	-28.918611007003435
62919.398061917185	2850	4.0	7.302516110604291	1578343	11302.5161106	-28.55081927559845
62930.05138325417	2850	4.0	6.653321336983236	1231445	10653.321337	-25.759281749027913
62942.601315193555	2850	4.0	8.54993193938789	1471065	12549.9319394	-33.91470733936792
62958.04611159648	2850	4.0	11.444796402923188	1491626	15444.7964029	-46.362624532569704
62969.08272244626	2850	4.0	7.03661084978235	1358801	11036.6108498	-27.407426654064103
62985.97832876282	2850	4.0	12.895606316562658	1537156	16895.6063166	-52.601107161219424
62998.538128485015	2850	4.0	8.559799722193214	1336050	12559.7997222	-33.957138805430816
63008.505627619576	2850	4.0	5.967499134553667	1415116	9967.49913455	-22.810246278580767
63020.24694968187	2850	4.0	7.7413220622933006	1468126	11741.3220623	-30.437684867861186
63031.43817353584	2850	4.0	7.19122385397327	1505760	11191.223854	-28.07226257208506
63048.19838383495	2850	4.0	12.760210299109298	1323990	16760.2102991	-52.01890428616998
63057.70462318221	2850	4.0	5.506239347253184	1383735	9506.23934725	-20.82682919318869
63070.87705351731	2850	4.0	9.172430335107439	1480464	13172.4303351	-36.591450440961985
63088.74480851512	2850	4.0	13.867754997802258	1547572	17867.7549978	-56.78134649054971
63097.60147226187	2850	4.0	4.85666374675379	1141971	8856.66374675	-18.033654111041294
63108.39004542666	2850	4.0	6.788573164787977	1498470	10788.5731648	-26.340864608588298
63121.472494793554	2850	4.0	9.082449366898867	1561263	13082.4493669	-36.20453227766512
63133.52102239105	2850	4.0	8.048527597486101	1341201	12048.5275975	-31.758668669190236
63148.396088892136	2850	4.0	10.875066501091556	1497683	14875.0665011	-43.91278595469369
63159.94218243858	2850	4.0	7.546093546451602	1358081	11546.0935465	-29.598202249741888
63177.56313518646	2850	4.0	13.620952747877203	1587293	17620.9527479	-55.72009681587197
63190.234599075695	2850	4.0	8.671463889239737	1492672	12671.4638892	-34.437294723730865
63200.57406313087	2850	4.0	6.339464055176713	1439896	10339.4640552	-24.409695437259867
63209.89548405599	2850	4.0	5.32142092511885	1139291	9321.42092512	-20.03210997801105
63221.1246223059	2850	4.0	7.229138249911694	1499009	11229.1382499	-28.235294474620282
63238.511511283294	2850	4.0	13.386888977390434	1427478	17386.8889774	-54.71362260277886
63248.39373218194	2850	4.0	5.882220898644202	1402287	9882.22089864	-22.443549864170066
63260.22817232775	2850	4.0	7.834440145811108	1339500	11834.4401458	-30.83809262698776
63277.96041148165	2850	4.0	13.732239153897892	1527299	17732.2391539	-56.19862836176093
63288.35102383523	2850	4.0	6.390612353587605	1343002	10390.6123536	-24.6296331204267
63299.73986479841	2850	4.0	7.388840963177279	1587250	11388.8409632	-28.922016141662297
63312.33748582945	2850	4.0	8.597621031034874	1464921	12597.621031	-34.11977043344996
63327.67237291822	2850	4.0	11.334887088770046	1483527	15334.8870888	-45.89001448171119
63338.255098321526	2850	4.0	6.5827254033112075	1231456	10582.7254033	-25.455719234238188
63349.86444125507	2850	4.0	7.60934293354582	1364537	11609.3429335	-29.87017461424702

