67414.50914152166	750	4.0	3.1328471558220468	450283	3132.84715582	-12.7212427700348
67423.12624524377	2850	4.0	4.617103722115777	1431809	8617.10372212	-19.10354600509784
67433.54588365607	2850	4.0	6.41963841229679	1300868	10419.6384123	-24.754445172876196
67445.7128034996	2850	4.0	8.166919843531469	1520281	12166.9198435	-32.26775532718531
67458.449647099	2850	4.0	8.736843599406114	1472558	12736.8435994	-34.71842747744629
67467.26789056334	2850	4.0	4.818243464335103	1224260	8818.24346434	-17.86844689664094
67478.6783744129	2850	4.0	7.4104838495758685	1388403	11410.4838496	-29.015080553176233
67493.17437814985	2850	4.0	10.496003736944674	1638769	14496.0037369	-42.2828160688621
67501.61203835267	2850	4.0	4.437660202809373	1348011	8437.66020281	-16.231938872080303
67512.10573853942	2850	4.0	6.493700186763079	1429765	10493.7001868	-25.07291080308124
67523.71178044325	2850	4.0	7.606041903830472	1354548	11606.0419038	-29.85598018647103
67535.6832661797	2850	4.0	7.971485736442021	1519951	11971.4857364	-31.427388666700686
67546.77192740083	2850	4.0	7.088661221134684	1422919	11088.6612211	-27.631243250879137
67559.47387952013	2850	4.0	8.701952119310818	1578343	12701.9521193	-34.56839411303651
67570.04021523938	2850	4.0	6.566335719242561	1231445	10566.3357192	-25.38524359274301
67580.61336935303	2850	4.0	6.573154113652377	1471065	10573.1541137	-25.414562688705217
67591.05912902101	2850	4.0	6.445759667991357	1491626	10445.759668	-24.866766572362835
67602.81951152599	2850	4.0	7.760382504970281	1358801	11760.382505	-30.519644771372207
67614.87004209401	2850	4.0	8.050530568033608	1537156	12050.530568	-31.76728144254451
67625.59226034806	2850	4.0	6.722218254023523	1336050	10722.218254	-26.055538492301146
67636.38875526929	2850	4.0	6.796494921230729	1415116	10796.4949212	-26.374928161292132
67648.83216656439	2850	4.0	8.443411295101336	1468126	12443.4112951	-33.45666856893575
67660.4603781115	2850	4.0	7.628211547113848	1505760	11628.2115471	-29.951309652589543
67668.79099281004	2850	4.0	4.3306146985462	1323990	8330.61469855	-15.771643203748662
67680.64201427912	2850	4.0	7.851021469077266	1383735	11851.0214691	-30.909392317032243
67693.10332450466	2850	4.0	8.46131022554024	1480464	12461.3102255	-33.53363396982303
67705.10200634623	2850	4.0	7.998681841577232	1547572	11998.6818416	-31.5443319187821
67713.48615678407	2850	4.0	4.384150437829717	1141971	8384.15043783	-16.00184688266778
67726.21900790339	2850	4.0	8.73285111932062	1498470	12732.8511193	-34.70125981307866
67739.26236630561	2850	4.0	9.043358402226726	1561263	13043.3584022	-36.03644112957492
67747.30092454553	2850	4.0	4.0385582399137565	1341201	8038.55823991	-14.515800431629154
67759.36777079033	2850	4.0	8.066846244798812	1497683	12066.8462448	-31.83743885263489
67770.18841507264	2850	4.0	6.820644282318423	1358081	10820.6442823	-26.478770413969215
67783.56185900788	2850	4.0	9.37344393524525	1587293	13373.4439352	-37.45580892155457
67794.60496036828	2850	4.0	7.043101360402789	1492672	11043.1013604	-27.435335849731988
67806.83917703558	2850	4.0	8.234216667310848	1439896	12234.2166673	-32.55713166943664
67817.12787338583	2850	4.0	6.288696350244907	1139291	10288.6963502	-24.191394306053095
67826.35854387096	2850	4.0	5.230670485124477	1499009	9230.67048512	-19.64188308603525
67837.20689003073	2850	4.0	6.848346159792119	1427478	10848.3461598	-26.59788848710611
67848.87693106341	2850	4.0	7.6700410326749004	1402287	11670.0410327	-30.131176440502067
67859.75396916762	2850	4.0	6.877038104213531	1339500	10877.0381042	-26.72126384811818
67871.5562552432	2850	4.0	7.802286075576656	1527299	11802.2860756	-30.69983012497962
67882.56569063403	2850	4.0	7.00943539082869	1343002	11009.4353908	-27.290572180563366
67896.4572574203	2850	4.0	9.891566786274604	1587250	13891.5667863	-39.68373718098079
67905.99156880802	2850	4.0	5.534311387716287	1464921	9534.31138772	-20.947538967180034
67916.8601082113	2850	4.0	6.8685394032949185	1483527	10868.5394033	-26.684719434168148
67927.50549287906	2850	4.0	6.645384667753218	1231456	10645.3846678	-25.725154071338835
67938.37250007378	2850	4.0	6.86700719470701	1364537	10867.0071947	-26.678130937240137

