19569.812192934856	750	4.0	4.492096968258112	450283	4492.096968258112	-18.56601696350988
19571.210669774384	300	6.6015231604739535	0.0	155580	1398.4768395260464	-0.15000000000000002
19574.076151970556	750	7.736040964301694	0.0	350812	2865.48219617226	0.3
19577.422883763393	750	8.389309171463392	0.0	382355	3346.7317928383013	0.75
19581.183189240182	750	8.629003694670898	0.0	411561	3760.305476792495	0.75
19583.889188284236	750	9.923004650619323	0.0	318564	2705.999044051574	0.75
19586.95676262762	750	10.855430307235398	0.0	352642	3067.574343383926	0.75
19590.73228247084	750	11.079910464018042	0.0	437162	3775.5198432173565	0.75
19594.01847588436	750	11.793717050497081	0.0	374758	3286.1934135209594	0.75
19597.990497074676	750	11.821695860183056	0.0	362795	3972.0211903140257	0.75
19602.061406029497	750	11.750786905360115	0.0	353220	4070.908954822941	0.75
19607.06190217524	750	10.75029075961457	0.0	405134	5000.496145745545	0.75
19612.445256608513	750	9.366936326343154	0.0	386351	5383.3544332714155	0.75
19616.178605454388	300	9.633587480465769	0.0	179801	3733.348845877387	-0.15000000000000002
19618.910064955904	300	10.902127978948952	0.0	140051	2731.459501516815	0.3
19620.66474973976	300	13.147443195091263	0.0	138313	1754.684783857689	0.3
19622.24064173762	300	15.571551197237753	0.0	143509	1575.8919978535096	0.3
19623.84888618668	300	17.963306748177175	0.0	150616	1608.2444490605783	0.3
19628.329799356932	750	17.482393577920714	0.0	405596	4480.913170256464	0.3
19632.960996949292	750	16.851195985560622	0.0	350713	4631.197592360092	0.75
19638.355787213277	750	15.456405721576816	0.0	386472	5394.790263983805	0.75
19644.899473347723	750	12.912719587129867	0.0	399894	6543.686134446948	0.75
19652.16229569834	750	9.649897236512334	0.0	401853	7262.8223506175345	0.75
19656.561220244144	750	9.250972690708666	0.0	343800	4398.924545803668	0.75
19660.11751651011	750	9.694676424743262	0.0	359903	3556.296265965404	0.75
19663.466146734838	750	10.346046200014959	0.0	379700	3348.6302247283043	0.75
19667.083932644902	750	10.72826028994908	0.0	425781	3617.785910065877	0.75
19669.50798429061	750	12.304208644244548	0.0	277716	2424.051645704533	0.75
19673.468269995996	750	12.343922938858709	0.0	400396	3960.285705385841	0.75
19677.398718047203	750	12.413474887651436	0.0	400508	3930.4480512072723	0.75
19681.158972542253	750	12.653220392598927	0.0	358218	3760.2544950525075	0.75
19684.435561120827	750	13.376631814024346	0.0	400322	3276.5885785745822	0.75
19687.609525640182	750	14.20266729466802	0.0	369834	3173.9645193563256	0.75
19691.37460730958	750	14.437585625270605	0.0	412837	3765.0816693974143	0.75
19694.805949679754	750	15.006243255095177	0.0	401088	3431.3423701754296	0.75
19699.854036355795	1200	13.958156579055169	0.0	598727	5048.086676040009	0.75
19704.108269729193	1200	13.703923205656226	0.0	487812	4254.233373398943	1.2
19710.142424716065	1200	11.669768218783855	0.0	575591	6034.154986872371	1.2
19717.61517194394	1200	8.197020990910856	0.0	605884	7472.747227872998	1.2
19722.84081480016	750	6.971378134690904	0.0	390680	5225.642856219952	0.3
19729.699867651787	750	4.112325283066248	0.0	345516	6859.052851624657	0.75
19731.698549236662	300	6.113643698190756	0.0	161857	1998.6815848754918	-0.15000000000000002
19733.290862145	300	8.52133078985376	0.0	145210	1592.3129083369938	0.3
19735.111076324694	300	10.701116610158818	0.0	172312	1820.214179694942	0.3
19737.047807778705	300	12.764385156146757	0.0	167025	1936.731454012063	0.3
19738.85808407045	300	14.954108864404285	0.0	160064	1810.276291742471	0.3
19745.98931616532	1200	11.822876769529872	0.0	538612	7131.232094874413	0.29999999999999993
19754.29141701271	1200	7.520775922140128	0.0	550906	8302.100847389744	1.2

