11535.33
11359.59
11260.41
11083.8
11091.63
11047.26
10900.23
10625.31
10593.99
10457.4
10328.64
10169.43
10225.11
10090.26
9895.38
9696.15
9623.07
9388.17
9184.59
8921.85
8727.84
8549.49
8338.08
8061.42
7919.61
7786.5
7618.59
7443.72
7350.63
7263.63
7134.87
7023.51
6987.84
6830.37
6682.47
6550.23
6465.84
6280.53
6252.69
6222.24
6193.53
6108.27
6064.77
6012.57
5841.18
5722.86
5661.09
5596.71
5481.87
5425.32
5348.76
5231.31
5104.29
4995.54
4938.12
4775.43
4662.33
4654.5
4676.25
4636.23
4625.79
4631.88
4683.21
4611.87
4553.58
4416.12
4329.12
4215.15
4241.25
4173.39
4051.59
4028.97
3916.74
3782.76
3740.13
3755.79
3700.98
3606.15
3594.84
3545.25
3567
3446.07
3435.63
3380.82
3315.57
3203.34
3159.84
3100.68
3022.38
2932.77
2934.51
2884.05
2866.65
2842.29
2859.69
2841.42
2850.99
2780.52
2751.81
2656.98
2618.7
2603.04
2630.01
2592.6
2612.61
2591.73
2599.56
2536.92
2503.86
2500.38
2403.81
2356.83
2285.49
2261.13
2170.65
2144.55
2138.46
2045.37
2029.71
2003.61
2047.11
1986.21
1981.86
1973.16
1983.6
1975.77
2017.53
1996.65
1941.84
1914
1864.41
1793.94
1788.72
1798.29
1774.8
1774.8
1768.71
1744.35
1708.68
1704.33
1624.29
1654.74
1586.88
1564.26
1583.4
1610.37
1598.19
1619.07
1640.82
1620.81
1594.71
1532.07
1503.36
1451.16
1436.37
1397.22
1412.01
1431.15
1443.33
1449.42
1460.73
1454.64
1458.99
1426.8
1378.95
1392.87
1406.79
1429.41
1458.12
1492.05
1473.78
1452.03
1472.91
1472.04
1483.35
1477.26
1472.91
1461.6
1457.25
1418.97
1404.18
1391.13
1341.54
1360.68
1393.74
1378.95
1385.91
1428.54
1396.35
1400.7
1418.1
1411.14
1392.87
1391.13
1392
1369.38
1326.75
1306.74
1297.17
1255.41
1200.6
1208.43
1228.44
1216.26
1253.67
1271.94
1285.86
1318.05
1331.1
1325.88
1339.8
1340.67
1308.48
1313.7
1311.09
1278.9
1242.36
1234.53
1240.62
1238.01
1248.45
1291.95
1302.39
1331.97
1307.61
1305.87
1303.26
1250.19
1211.91
1211.04
1187.55
1193.64
1184.94
1211.91
1244.1
1274.55
1299.78
1320.66
1319.79
1289.34
1311.09
1291.08
1298.91
1300.65
1318.92
1334.58
1351.11
1364.16
1350.24
1346.76
1349.37
1345.02
1373.73
1393.74
1415.49
1380.69
1409.4
1378.08
1387.65
1371.99
1406.79
1399.83
1389.39
1417.23
1434.63
1455.51
1490.31
1482.48
1539.9
1572.09
1628.64
1663.44
1695.63
1694.76
1736.52
1710.42
1704.33
1747.83
1760.01
1761.75
1798.29
1827.87
1852.23
1907.04
1960.98
1980.99
2038.41
2074.95
2100.18
2141.07
2174.13
2165.43
2185.44
2239.38
2263.74
2314.2
2377.71
2400.33
2434.26
2432.52
2453.4
2437.74
2462.1
2487.33
2546.49
2581.29
2650.02
2762.25
2825.76
2840.55
2830.98
2817.06
2768.34
2813.58
2859.69
2870.13
2914.5
2991.06
2971.05
2952.78
2980.62
3040.65
3069.36
3155.49
3177.24
3192.9
3219
3292.95
3334.71
3394.74
3523.5
3647.91
3693.15
3770.58
3874.98
3812.34
3842.79
3848.88
3927.18
3971.55
4057.68
4156.86
4280.4
4297.8
4352.61
4346.52
4383.06
4460.49
4534.44
4553.58
4646.67
4675.38
4700.61
4730.19
4791.96
4762.38
4722.36
4763.25
4815.45
4874.61
4903.32
4972.92
5051.22
5041.65
5093.85
5111.25
5137.35
5192.16
5244.36
5172.15
5292.21
5375.73
5447.94
5527.11
5634.12
5534.07
5580.18
5589.75
5585.4
5500.14
5554.08
5534.94
5503.62
5547.12
5574.96
5541.9
5486.22
5504.49
5554.95
5570.61
5648.91
5749.83
5917.74
6021.27
6134.37
6143.07
6076.95
5996.91
5987.34
5994.3
5999.52
6174.39
6276.18
6304.89
6371.01
6434.52
6266.61
6262.26
6296.19
6302.28
6310.98
6404.07
6489.33
6572.85
6636.36
6655.5
6589.38
6473.67
6338.82
6292.71
6311.85
6336.21
6384.06
6486.72
6484.11
6471.93
6355.35
6351
6309.24
6371.01
6416.25
6455.4
6484.98
6485.85
6384.93
6395.37
6190.05
6135.24
6142.2
6107.4
6114.36
6281.4
6364.05
6348.39
6374.49
6253.56
5984.73
5869.89
5938.62
6017.79
6069.12
6192.66
6329.25
6211.8
6150.9
6130.89
5998.65
5894.25
5889.9
5824.65
5849.88
6015.18
6076.95
6125.67
6240.51
6198.75
6030.84
5950.8
5866.41
5875.98
5962.11
6094.35
6157.86
6151.77
6137.85
6046.5
5867.28
5793.33
5785.5
5749.83
5946.45
6132.63
6229.2
6342.3
6400.59
6385.8
6128.28
6049.98
5943.84
5962.11
5983.86
6086.52
6149.16
6162.21
6137.85
6070.86
5913.39
5856.84
5922.09
5986.47
6058.68
6214.41
6304.89
6250.95
6250.08
6246.6
6086.52
6163.08
6139.59
6016.92
6085.65
6190.92
6157.86
6133.5
6207.45
6123.93
6066.51
6015.18
6069.99
6181.35
6286.62
6445.83
6496.29
6477.15
6400.59
6337.08
6319.68
6359.7
6291.84
6367.53
6483.24
6563.28
6660.72
6732.06
6682.47
6603.3
6467.58
6418.86
6464.97
6452.79
6516.3
6718.14
6805.14
6740.76
6759.9
6707.7
6566.76
6599.82
6619.83
6658.11
6748.59
6906.06
7039.17
7131.39
7193.16
7192.29
7086.15
6939.99
6804.27
6829.5
6789.48
6832.11
6835.59
6806.01
6786
6805.14
6780.78
6754.68
6732.93
6829.5
6909.54
7055.7
7267.98
7283.64
7380.21
7364.55
7259.28
7240.14
7338.45
7390.65
7452.42
7479.39
7474.17
7480.26
7434.15
7348.89
7205.34
7213.17
7175.76
7092.24
7137.48
7263.63
7284.51
7395
7468.08
7521.15
7434.15
7419.36
7436.76
7450.68
7504.62
7669.05
7857.84
7932.66
8078.82
8155.38
8091.87
8040.54
8053.59
8149.29
8326.77
8514.69
8602.56
8728.71
8820.93
8872.26
8721.75
8627.79
8685.21
8639.97
8686.95
8804.4
9013.2
8957.52
8920.98
8879.22
8789.61
8802.66
9025.38
9268.98
9488.22
9703.11
9862.32
9818.82
9737.91
9794.46
9633.51
9583.92
9647.43
9781.41
9911.04
10252.95
10427.82
10407.81
10446.09
10373.01
10113.75
9924.96
9827.52
9767.49
9684.84
9736.17
9798.81
9918
9959.76
9958.89
9834.48
9666.57
9580.44
9444.72
9476.04
9516.93
9554.34
9537.81
9568.26
9611.76
9598.71
9555.21
9622.2
9692.67
9662.22
9764.01
9799.68
9723.99
9744.87
10019.79
10061.55
10009.35
10043.28
10199.88
10230.33
10274.7
10288.62
10370.4
10289.49
10112.01
9734.43
9709.2
9660.48
9655.26
9586.53
9640.47
9639.6
9597.84
9588.27
9710.94
9785.76
10094.61
10235.55
10307.76
10454.79
10451.31
10251.21
10071.12
10033.71
9973.68
10067.64
10071.99
10116.36
10174.65
10256.43
10326.03
10432.17
10537.44
10654.89
10788
10781.04
10873.26
11022.9
11111.64
11257.8
11463.12
11786.76
11902.47
12070.38
12131.28
12127.8
12108.66
12221.76
12326.16
12379.23
12561.06
12794.22
13065.66
13356.24
13304.04
13246.62
13058.7
13026.51
12902.1
13039.56
13016.94
12996.93
13092.63
13177.89
13193.55
13285.77
13318.83
13289.25
13324.05
13314.48
13464.99
13642.47
14001.78
14177.52
14355.87
14474.19
14454.18
14395.89
14338.47
14290.62
14376.75
14355.87
14556.84
14676.03
14701.26
14601.21
14734.32
14831.76
14900.49
15179.76
15372.9
15381.6
15544.29
15627.81
15626.07
15378.12
15345.06
15200.64
15182.37
15266.76
15357.24
15541.68
15539.07
15740.04
15582.57
15547.77
15565.17
15724.38
15626.07
15780.06
15879.24
15896.64
15748.74
15531.24
15458.16
15254.58
15106.68
15232.83
15359.85
15459.03
15543.42
15458.16
15460.77
15394.65
15488.61
15482.52
15328.53
15064.92
14934.42
14830.89
14800.44
14740.41
14853.51
14851.77
14754.33
14417.64
14281.05
14292.36
14067.9
13780.8
13826.91
13743.39
13693.8
13514.58
13373.64
13138.74
12936.9
12771.6
12698.52
12619.35
12522.78
12457.53
12477.54
12409.68
12262.65
12081.69
11948.58
11878.11
12039.06
12133.02
12186.09
12367.92
12428.82
12322.68
12356.61
12289.62
12116.49
12030.36
11927.7
11839.83
11778.93
11659.74
11632.77
11674.53
11707.59
11661.48
11770.23
11866.8
12203.49
12512.34
12916.02
13247.49
13592.01
13705.98
13859.97
13998.3
14125.32
14221.89
14361.96
14395.02
14462.01
14521.17
14622.09
14670.81
14662.11
14567.28
14312.37
14181
14052.24
14084.43
14060.94
14116.62
14147.94
14349.78
14462.01
14381.1
14455.92
14488.98
14480.28
14409.81
14384.58
14270.61
14264.52
14257.56
14256.69
14200.14
14182.74
14183.61
14174.91
13999.17
14022.66
14073.12
14140.98
14156.64
14346.3
14358.48
14254.95
14232.33
14215.8
14167.08
14209.71
14052.24
13873.89
13799.07
13762.53
13563.3
13542.42
13428.45
13444.11
13653.78
13912.17
13960.89
14034.84
14072.25
14001.78
13818.21
13798.2
13746.87
13690.32
13783.41
13807.77
13814.73
13660.74
13611.15
13464.99
13446.72
13206.6
13157.01
13122.21
13252.71
13414.53
13440.63
13539.81
13645.08
13791.24
13534.59
13497.18
13419.75
13317.96
13244.88
13211.82
13119.6
12942.99
12864.69
12710.7
12590.64
12542.79
12594.12
12321.81
12448.83
12551.49
12487.98
12430.56
12701.13
12963.87
12978.66
13091.76
13356.24
13418.88
13489.35
13519.8
13555.47
13505.01
13461.51
13505.01
13380.6
13271.85
13203.99
13033.47
12922.98
12879.48
12747.24
12605.43
12548.01
12354.87
12210.45
11999.04
11938.14
11990.34
12180.87
12346.17
12487.98
12590.64
12538.44
12395.76
12377.49
12181.74
12176.52
12156.51
12188.7
12111.27
12183.48
12297.45
12359.22
12300.06
12364.44
12398.37
12375.75
12450.57
12496.68
12494.07
12592.38
12574.98
12476.67
12387.93
12409.68
12261.78
12138.24
12095.61
11948.58
12039.06
12067.77
12158.25
12243.51
12348.78
12452.31
12524.52
12548.01
12664.59
12708.96
12730.71
12825.54
12676.77
12594.99
12540.18
12459.27
12453.18
12612.39
12636.75
12835.11
12830.76
12745.5
12521.04
12348.78
12246.12
12193.92
12142.59
12159.12
12163.47
12153.9
12102.57
12028.62
12149.55
12217.41
12203.49
12138.24
12235.68
12346.17
12438.39
12623.7
12741.15
12718.53
12673.29
12669.81
12682.86
12681.99
12708.09
12807.27
12915.15
12988.23
13144.83
13339.71
13524.15
13469.34
13522.41
13371.03
13267.5
13233.57
13399.74
13401.48
13584.18
13639.86
13663.35
13620.72
13612.89
13430.19
13202.25
13065.66
13297.08
13333.62
13493.7
14006.13
14098.35
14020.05
14047.02
13761.66
13442.37
13394.52
13373.64
13525.02
13640.73
13836.48
14060.07
14177.52
14266.26
14392.41
14482.89
14619.48
14709.09
14958.78
15193.68
15272.85
15472.08
15644.34
15744.39
15690.45
15697.41
15800.94
15738.3
15906.21
16021.05
16295.97
16402.11
16635.27
16707.48
16737.06
16737.06
16789.26
16857.99
17089.41
17433.06
17553.12
17770.62
17993.34
17878.5
17814.99
18077.73
18095.13
18155.16
18288.27
18642.36
19055.61
19558.47
20051.76
20692.08
20962.65
21105.33
21222.78
21645.6
21992.73
22164.12
22425.12
22534.74
22685.25
22637.4
22693.95
22988.88
23213.34
23349.06
23942.4
24247.77
24551.4
24945.51
25254.36
25389.21
25583.22
25743.3
25707.63
25723.29
25892.94
26108.7
26232.24
26725.53
27431.1
27807.81
28480.32
28968.39
29248.53
29284.2
29649.6
29972.37
30424.77
30644.01
30856.29
30933.72
31068.57
31217.34
31466.16
31590.57
31760.22
32087.34
32496.24
32718.96
32725.05
33240.96
33114.81
33220.95
33751.65
34365.87
34902.66
35874.45
36503.46
37418.7
38435.73
39074.31
39259.62
39449.28
39708.54
40013.91
40533.3
40843.02
41780.88
42596.07
42937.98
43412.13
43899.33
43876.71
44123.79
44437.86
44728.44
45381.81
46089.12
46704.21
47425.44
48073.59
48273.69
48559.92
48840.93
49491.69
49981.5
50620.08
50973.3
51157.74
51210.81
51308.25
51018.54
51118.59
51448.32
51813.72
52122.57
52785.51
53685.09
54092.25
54168.81
54388.92
54338.46
54017.43
54215.79
54903.96
55636.5
56745.75
57855
58485.75
59264.4
59930.82
60645.09
61146.21
61851.78
62157.15
62543.43
63268.14
64882.86
66527.16
68336.76
69349.44
70201.17
70425.63
69980.19
67043.94
69653.07
70262.94
67884.36
71607.96
74468.52
71817.63
72340.5
72912.96
71614.05
71196.45
72143.01
71381.76
73291.41
73413.21
74877.42
76186.77
76875.81
75942.3
77832.81
78173.85
78088.59
78672.36
81541.62
77111.58
79369.23
77941.56
78527.94
77422.17
78671.49
76078.89
77579.64
75778.74
76193.73
76317.27
76232.01
73481.94
74966.16
74033.52
73753.38
73446.27
72912.96
73912.59
74552.91
74932.23
75501.21
75289.8
75213.24
74642.52
74451.99
73958.7
74816.52
75281.97
74016.12
81504.21
83466.93
86531.94
83652.24
87898.71
79342.26
79098.66
77206.41
77072.43
73047.81
74975.73
72409.23
72186.51
71472.24
72859.02
70818
70728.39
70661.4
67625.97
69033.63
68855.28
67638.15
66411.45
67741.68
64600.98
63915.42
62869.68
62805.3
62386.83
60258.81
61182.75
60900
60110.91
59283.54
58414.41
56789.25
55569.51
55266.75
54295.83
55411.17
53456.28
52732.44
51631.89
50359.95
49876.23
49160.22
49265.49
49486.47
49531.71
49703.97
49251.57
48305.88
47213.16
46411.89
45244.35
45059.91
44606.64
44096.82
43167.66
42114.09
40516.77
40034.79
39394.47
38581.02
38308.71
38119.92
38376.57
38587.11
38690.64
38401.8
38188.65
38158.2
37915.47
37265.58
36553.05
35929.26
35201.94
34440.69
33956.1
33224.43
32722.44
32377.05
31703.67
30675.33
28945.77
28158.42
27395.43
26983.92
26767.29
26605.47
26427.12
26576.76
26614.17
26377.53
25932.09
25424.88
24909.84
24359.13
23768.4
22954.08
22613.04
22345.08
21977.94
21634.29
21193.2
20786.91
20354.52
20264.91
20104.83
20083.95
20040.45
19780.32
19332.27
18872.91
18272.61
17667.09
16926.72
16569.15
17121.6
17921.13
19102.59
20536.35
20997.45
20322.33
19398.39
18375.27
17051.13
16131.54
15348.54
14544.66
14188.83
13697.28
13182.24
12266.13
11916.39
11611.89
11410.05
11114.25
11069.01
10821.93
10706.22
10930.68
10645.32
10226.85
10014.57
9433.41
8922.72
8864.43
8887.92
8852.25
8729.58
8692.17
8679.12
8521.65
8387.67
8113.62
7923.96
7864.8
7736.91
7655.13
7571.61
7507.23
7374.99
7302.78
7281.03
7262.76
7364.55
7351.5
7364.55
7258.41
7223.61
7046.13
6941.73
6765.12
6590.25
6484.98
6388.41
6277.05
6288.36
6446.7
6627.66
6769.47
6779.04
6587.64
6378.84
6199.62
6039.54
5908.17
5841.18
5788.11
5768.1
5708.94
5641.95
5573.22
5441.85
5269.59
5226.09
5131.26
5075.58
5047.74
5031.21
4918.98
4876.35
4801.53
4696.26
4589.25
4504.86
4456.14
4431.78
4432.65
4421.34
4423.08
4355.22
4340.43
4255.17
4267.35
4261.26
4281.27
4256.04
4241.25
4158.6
4014.18
3918.48
3833.22
3774.93
3680.97
3638.34
3665.31
3694.89
3730.56
3743.61
3841.92
3868.89
3876.72
3837.57
3834.96
3791.46
3819.3
3777.54
3620.94
3560.91
3464.34
3390.39
3328.62
3271.2
3227.7
3209.43
3174.63
3162.45
3203.34
3222.48
3167.67
3119.82
3078.93
3046.74
2997.15
2944.95
2843.16
2828.37
2820.54
2815.32
2894.49
2978.88
2966.7
2947.56
2871
2777.91
2686.56
2608.26
2580.42
2533.44
2454.27
2458.62
2527.35
2533.44
2496.9
2461.23
2439.48
2389.89
2377.71
2402.94
2378.58
2308.98
2253.3
2164.56
2093.22
2002.74
2000.13
1964.46
2000.13
2003.61
2065.38
2065.38
2082.78
2108.88
2114.97
2103.66
2084.52
2031.45
1957.5
1935.75
1905.3
1868.76
1851.36
1824.39
1818.3
1800.03
1785.24
1753.92
1761.75
1734.78
1738.26
1684.32
1667.79
1639.08
1602.54
1577.31
1576.44
1563.39
1519.89
1511.19
1493.79
1517.28
1559.04
1582.53
1567.74
1552.95
1485.96
1411.14
1400.7
1391.13
1360.68
1372.86
1324.14
1316.31
1327.62
1349.37
1340.67
1327.62
1323.27
1314.57
1317.18
1317.18
1325.88
1330.23
1302.39
1331.1
1330.23
1339.8
1369.38
1385.91
1349.37
1400.7
1388.52
1346.76
1338.06
1345.02
1303.26
1286.73
1315.44
1331.97
1331.97
1340.67
1319.79
1318.05
1304.13
1329.36
1311.96
1291.95
1292.82
1281.51
1285.86
1313.7
1371.12
1373.73
1398.96
1438.98
1451.16
1419.84
1438.98
1472.91
1386.78
1351.11
1406.79
1392
1392.87
1420.71
1387.65
1386.78
1412.01
1432.02
1450.29
1446.81
1446.81
1479
1482.48
1480.74
1516.41
1576.44
1579.05
1614.72
1659.96
1709.55
1744.35
1774.8
1787.85
1760.01
1809.6
1842.66
1876.59
1937.49
2017.53
2078.43
2108.88
2180.22
2230.68
2262.87
2295.93
2342.04
2381.19
2405.55
2402.07
2419.47
2452.53
2421.21
2411.64
2489.94
2471.67
2480.37
2567.37
2616.96
2670.9
2743.98
2724.84
2740.5
2709.18
2639.58
2636.1
2657.85
2691.78
2769.21
2829.24
2861.43
2990.19
3043.26
3096.33
3216.39
3297.3
3359.94
3430.41
3546.99
3587.01
3660.09
3716.64
3735.78
3834.96
3935.01
4110.75
4268.22
4369.14
4454.4
4556.19
4595.34
4725.84
4780.65
4913.76
4947.69
4960.74
5055.57
5130.39
5189.55
5347.02
5462.73
5521.02
5567.13
5630.64
5617.59
5602.8
5598.45
5710.68
5716.77
5733.3
5784.63
5902.95
5994.3
6077.82
6197.88
6260.52
6339.69
6369.27
6416.25
6405.81
6465.84
6378.84
6426.69
6444.96
6531.96
6700.74
6829.5
6874.74
6901.71
6946.08
6986.97
6980.01
6908.67
6932.16
6911.28
6875.61
6893.01
6947.82
7006.11
6993.93
7042.65
6886.05
6824.28
6786
6953.04
7092.24
7204.47
7338.45
7403.7
7316.7
7157.49
6996.54
6925.2
6772.95
6699.87
6759.03
6845.16
6817.32
6770.34
6788.61
6641.58
6344.91
6170.91
5936.01
5876.85
5856.84
6074.34
6154.38
6146.55
6150.9
6183.96
6101.31
6017.79
6018.66
5967.33
6047.37
6092.61
6132.63
6083.04
5986.47
5843.79
5636.73
5656.74
5689.8
5786.37
5916
5987.34
6055.2
6066.51
6053.46
5986.47
5855.1
5784.63
5717.64
5642.82
5732.43
5700.24
5681.1
5687.19
5758.53
5630.64
5558.43
5566.26
5608.02
5552.34
5643.69
5775.06
5762.88
5778.54
5766.36
5742.87
5667.18
5621.94
5626.29
5733.3
5695.02
5826.39
5868.15
5862.06
5784.63
5759.4
5581.05
5498.4
5440.11
5480.13
5517.54
5564.52
5507.1
5588.88
5619.33
5700.24
5750.7
5913.39
5989.95
6035.19
6201.36
6351.87
6357.96
6531.96
6609.39
6591.12
6719.88
6722.49
6704.22
6701.61
6701.61
6658.11
6761.64
6825.15
6831.24
6834.72
6683.34
6619.83
6598.95
6565.89
6599.82
6758.16
6937.38
7052.22
7088.76
7114.86
7010.46
6731.19
6652.89
6504.99
6612.87
6678.99
6859.08
6886.92
7007.85
7059.18
6976.53
7003.5
7154.88
7213.17
7292.34
7471.56
7543.77
7515.93
7438.5
7452.42
7331.49
7275.81
7262.76
7397.61
7466.34
7590.75
7683.84
7743.87
7716.03
7550.73
7455.03
7375.86
7494.18
7586.4
7984.86
8318.94
8614.74
8771.34
9088.02
9238.53
9172.41
9180.24
9258.54
9128.91
9000.15
9072.36
9108.03
9206.34
9315.96
9390.78
9242.01
9228.09
9163.71
9165.45
9224.61
9476.04
9565.65
9671.79
9771.84
9744
9598.71
9495.18
9449.07
9392.52
9447.33
9529.11
9710.07
9791.85
9931.05
9834.48
9705.72
9574.35
9544.77
9422.97
9535.2
9778.8
9894.51
9918.87
9998.04
10020.66
9905.82
9884.07
10009.35
9995.43
10006.74
10245.99
10444.35
10373.88
10399.11
10426.08
10082.43
9681.36
9729.21
9847.53
9897.12
10101.57
10138.11
10255.56
10273.83
10615.74
10608.78
10630.53
10744.5
10831.5
10687.08
10717.53
10818.45
10706.22
10738.41
10560.06
10433.91
10348.65
10404.33
10366.92
10343.43
10600.08
10650.54
10785.39
10977.66
11065.53
11108.16
11014.2
10864.56
10759.29
10810.62
10789.74
10884.57
10996.8
11133.39
11142.96
11243.01
11405.7
11463.99
11501.4
11614.5
11649.3
11884.2
11931.18
11930.31
11932.05
11825.91
11576.22
11582.31
11470.08
11413.53
11662.35
11764.14
11872.89
11890.29
11919
11609.28
11495.31
11550.99
11634.51
11792.85
11912.91
12165.21
12190.44
12199.14
12125.19
11865.06
11686.71
11696.28
11509.23
11576.22
11720.64
11985.99
11972.94
12002.52
11866.8
11786.76
11639.73
11531.85
11510.1
11698.02
11715.42
11898.12
11989.47
12193.92
12400.11
12553.23
12420.99
12252.21
12119.1
11916.39
11792.85
11861.58
12107.79
12249.6
12454.05
12385.32
12293.97
12280.92
12215.67
12553.23
12846.42
13070.88
13198.77
13509.36
13637.25
13682.49
13941.75
14147.07
14330.64
14370.66
14534.22
14508.12
14709.96
14749.98
14796.96
14817.84
14955.3
14959.65
15073.62
15398.13
15681.75
15858.36
16045.41
16271.61
16628.31
16945.86
17269.5
17624.46
17858.49
18042.93
18114.27
18308.28
18501.42
18933.81
19133.04
19590.66
19728.12
19864.71
19869.06
19986.51
20002.17
20134.41
19857.75
19750.74
19907.34
19727.25
19474.95
19459.29
19544.55
19309.65
19203.51
19307.04
19448.85
19398.39
19641.99
19468.86
19362.72
19514.97
19600.23
19608.93
19693.32
19702.89
19524.54
19522.8
19543.68
19383.6
19217.43
19070.4
18967.74
18799.83
18669.33
18788.52
19035.6
19411.44
19516.71
19327.05
19315.74
19374.03
19126.08
18915.54
19095.63
19098.24
18710.22
18778.95
18678.9
18402.24
18062.07
18100.35
17858.49
17924.61
17997.69
17887.2
17757.57
16552.62
13648.56
10908.93
16986.75
16865.82
17851.53
20297.1
21604.71
16459.53
16347.3
16058.46
15855.75
15476.43
14989.23
14690.82
14514.21
14408.07
14388.93
14408.94
14402.85
14480.28
14367.18
14302.8
14169.69
14181.87
14091.39
14224.5
14401.98
14430.69
14396.76
14154.03
13971.33
13721.64
13769.49
13842.57
13893.9
14072.25
14055.72
14192.31
14321.94
14396.76
14466.36
14435.91
14308.02
14261.91
14211.45
14172.3
14175.78
14343.69
14278.44
14380.23
14370.66
14325.42
14253.21
14424.6
14379.36
14277.57
14192.31
14123.58
13823.43
13916.52
13731.21
13615.5
13421.49
13174.41
13116.12
13150.05
13244.88
13196.16
13143.09
13199.64
13184.85
13195.29
13300.56
13299.69
13294.47
13150.92
13130.91
12968.22
12936.9
12977.79
13051.74
12927.33
12996.93
12922.98
12818.58
12861.21
13025.64
13177.02
13189.2
13371.03
13552.86
13513.71
13541.55
13663.35
13635.51
13599.84
13816.47
13950.45
14071.38
14216.67
14288.01
14160.99
14043.54
13980.03
13929.57
14040.06
14141.85
14227.11
14341.08
14254.08
14073.12
13842.57
13819.95
13817.34
13972.2
14091.39
14152.29
14334.99
14375.01
14428.08
14345.43
14157.51
13821.69
13799.07
13753.83
13642.47
13600.71
13674.66
13531.11
13303.17
13351.89
13205.73
13132.65
13364.94
13537.2
13605.93
13830.39
13821.69
13739.91
13426.71
13363.2
13293.6
13355.37
13361.46
13438.89
13527.63
13618.98
13644.21
13665.96
13672.92
13504.14
13291.86
13091.76
13015.2
13019.55
13177.02
13177.02
13221.39
13221.39
13316.22
13318.83
13214.43
13195.29
13059.57
12999.54
12914.28
12829.02
12835.98
12803.79
12593.25
12497.55
12225.24
12064.29
11944.23
11973.81
11821.56
11843.31
11850.27
11888.55
11718.9
11843.31
11975.55
12150.42
12244.38
12280.05
12464.49
12507.99
12412.29
12456.66
12420.99
12253.95
12051.24
11976.42
11798.07
11866.8
11951.19
12086.04
12262.65
12527.13
12647.19
12791.61
12676.77
12551.49
12275.7
12204.36
11993.82
11905.95
11879.85
12066.03
12059.94
12173.91
12300.93
12492.33
12564.54
12681.99
12912.54
13161.36
13525.89
14116.62
14455.92
14823.06
14889.18
14902.23
14824.8
14647.32
14502.03
14583.81
14796.96
14927.46
14885.7
14964
14743.89
14555.97
14529.87
14388.93
14394.15
14786.52
15127.56
15209.34
15298.08
15215.43
14828.28
14290.62
13992.21
13854.75
13590.27
13551.99
13408.44
13321.44
13289.25
13226.61
13246.62
13198.77
13137.87
13204.86
13175.28
13283.16
13369.29
13551.99
13630.29
13791.24
13787.76
13758.18
13680.75
13736.43
13679.88
13752.09
13665.96
13679.01
13530.24
13355.37
13180.5
13089.15
13056.09
13105.68
13137
13369.29
13517.19
13543.29
13639.86
13794.72
13643.34
13707.72
13816.47
13867.8
13895.64
14050.5
14209.71
14330.64
14395.02
14349.78
14215.8
14008.74
13761.66
13772.97
13978.29
14109.66
14270.61
14455.92
14502.9
14388.93
14434.17
14448.09
14578.59
14724.75
14851.77
14874.39
14786.52
14703
14536.83
14464.62
14403.72
14414.16
14482.89
14707.35
14874.39
15107.55
15190.2
15399.87
15579.96
15683.49
15620.85
15672.18
15718.29
15763.53
15667.83
15714.81
15710.46
15517.32
15523.41
15445.11
15317.22
15318.09
15241.53
15286.77
15447.72
15741.78
16079.34
16518.69
17130.3
17653.17
17774.1
17930.7
18180.39
18090.78
18397.89
18533.61
18763.29
18927.72
19140.87
19334.01
19388.82
19550.64
19895.16
20157.9
20411.07
20854.77
20953.08
21038.34
21067.05
21021.81
21083.58
21115.77
21303.69
21712.59
22169.34
22665.24
23341.23
23881.5
24259.08
24718.44
24844.59
25028.16
25422.27
25765.92
26084.34
26585.46
27209.25
27820.86
28114.92
28403.76
28542.09
28556.88
28749.15
29179.8
29593.92
29979.33
30504.81
31032.03
31083.36
31327.83
31667.13
31885.5
32166.51
33045.21
33802.11
34634.7
35231.52
35895.33
36495.63
36555.66
36346.86
36272.91
36561.75
36626.13
37061.13
37422.18
37820.64
38128.62
38727.18
39569.34
40013.04
40509.81
41246.7
42108.87
43131.99
44381.31
45357.45
46321.41
46984.35
47278.41
47514.18
47835.21
47888.28
48198
49044.51
49959.75
51324.78
52333.98
53607.66
54328.02
54599.46
54911.79
55425.96
55613.01
56322.93
57569.64
58504.02
59177.4
59923.86
60317.97
60717.3
61033.11
61685.61
61867.44
62097.99
62592.15
63130.68
63603.09
63849.3
64293
62770.5
64117.26
63677.04
63811.02
63811.02
65532.75
64159.89
65430.96
66417.54
67442.4
68499.45
69613.92
69927.12
69972.36
69431.22
70155.06
69539.1
70987.65
71471.37
72502.32
72133.44
72859.02
71702.79
72059.49
71720.19
72457.95
73702.92
74551.17
73364.49
75296.76
74879.16
73816.02
72951.24
73679.43
71362.62
71156.43
67346.7
69459.06
70900.65
71694.09
71254.74
76360.77
74610.33
73548.06
73509.78
74671.23
74088.33
74093.55
74506.8
74183.16
73421.04
72524.07
71995.11
71646.24
71748.03
71858.52
72268.29
72966.9
73112.19
73361.01
73099.14
70858.89
71815.89
70959.81
70036.74
69425.13
71629.71
70622.25
71664.51
72310.92
73086.09
72829.44
72303.09
71067.69
69399.03
68200.17
67848.69
67271.01
67445.88
68134.05
68094.9
67260.57
66466.26
65382.24
64788.9
64234.71
63528.27
63163.74
62254.59
61575.12
60437.16
60224.01
59763.78
59524.53
59139.99
58786.77
58443.99
58311.75
58125.57
58352.64
57944.61
56754.45
55954.05
55320.69
54319.32
53635.5
53310.99
52387.92
51570.99
50968.95
49978.89
48674.76
47989.2
47379.33
46887.78
45800.28
45266.97
44860.68
44381.31
43826.25
43137.21
42275.91
41673.87
41222.34
40710.78
39501.48
38594.94
37771.05
36635.7
35807.46
34863.51
33949.14
33326.22
32548.44
31990.77
31567.95
31034.64
30640.53
30290.79
29826.21
29334.66
29045.82
28875.3
28631.7
28722.18
28493.37
28140.15
27584.22
27402.39
27110.07
27128.34
27484.17
27504.18
27297.99
26896.92
26109.57
25282.2
24627.09
23858.01
23052.39
22336.38
21809.16
21220.17
20884.35
20539.83
20340.6
19963.89
19679.4
19504.53
19315.74
19074.75
18860.73
18503.16
17942.88
17480.91
16884.96
16277.7
15932.31
15766.14
15616.5
15344.19
15166.71
14856.12
14349.78
13939.14
13705.11
13468.47
13270.11
13319.7
13239.66
13062.18
13233.57
12980.4
12715.92
12329.64
12016.44
11566.65
11252.58
10975.92
10777.56
10589.64
10478.28
10404.33
10440.87
10605.3
10667.94
10518.3
10436.52
10133.76
10016.31
9726.6
9717.03
9533.46
9462.99
9158.49
8954.91
8656.5
8402.46
8201.49
8178
8060.55
8030.97
7949.19
7765.62
7582.05
7455.9
7300.17
7207.95
7288.86
7260.15
7320.18
7294.95
7191.42
7164.45
7146.18
7073.1
7028.73
6994.8
6850.38
6615.48
6416.25
6220.5
6057.81
5943.84
5990.82
5855.97
5798.55
5822.91
5821.17
5711.55
5516.67
5400.96
5291.34
5144.31
5051.22
5039.91
4961.61
4841.55
4764.12
4599.69
4497.9
4470.06
4417.86
4294.32
4267.35
4280.4
4170.78
4121.19
4113.36
4060.29
4046.37
4039.41
4086.39
4046.37
4129.89
4085.52
4092.48
4054.2
3905.43
3794.94
3680.97
3566.13
3427.8
3466.95
3448.68
3456.51
3429.54
3390.39
3354.72
3358.2
3308.61
3253.8
3213.78
3190.29
3192.9
3185.94
3201.6
3208.56
3098.07
3053.7
2998.02
2904.06
2844.03
2807.49
2810.97
2795.31
2823.15
2864.91
2951.91
2854.47
2872.74
2886.66
2871
2831.85
2855.34
2810.1
2794.44
2730.93
2673.51
2579.55
2578.68
2545.62
2547.36
2539.53
2556.93
2515.17
2487.33
2474.28
2457.75
2425.56
2414.25
2341.17
2336.82
2337.69
2292.45
2281.14
2247.21
2176.74
2161.95
2151.51
2108.88
2088.87
2057.55
2058.42
2048.85
2041.02
2003.61
1993.17
1960.98
1987.08
1968.81
1982.73
1943.58
1980.12
1939.23
1948.8
1908.78
1892.25
1852.23
1776.54
1741.74
1772.19
1756.53
1766.1
1763.49
1761.75
1743.48
1721.73
1696.5
1654.74
1649.52
1642.56
1632.12
1636.47
1649.52
1696.5
1727.82
1726.08
1746.09
1765.23
1716.51
1683.45
1646.91
1622.55
1610.37
1600.8
1570.35
1545.12
1524.24
1505.97
1463.34
1472.04
1479.87
1489.44
1463.34
1438.98
1419.84
1385.91
1376.34
1398.96
1427.67
1438.11
1460.73
1471.17
1464.21
1397.22
1372.86
1334.58
1333.71
1334.58
1360.68
1339.8
1366.77
1312.83
1325.88
1338.06
1334.58
1320.66
1318.92
1309.35
1312.83
1332.84
1332.84
1369.38
1366.77
1372.86
1378.95
1398.09
1388.52
1395.48
1387.65
1340.67
1318.05
1285.86
1218
1186.68
1158.84
1137.96
1144.05
1171.02
1196.25
1228.44
1246.71
1246.71
1281.51
1294.56
1286.73
1330.23
1338.06
1344.15
1341.54
1345.89
1335.45
1391.13
1359.81
1371.12
1380.69
1412.88
1438.11
1465.95
1468.56
1482.48
1505.97
1506.84
1556.43
1588.62
1661.7
1695.63
1726.08
1763.49
1761.75
1773.93
1771.32
1768.71
1817.43
1858.32
1883.55
1907.91
1937.49
1887.9
1887.9
1880.94
1904.43
1877.46
1921.83
1944.45
1948.8
1990.56
2046.24
2087.13
2164.56
2216.76
2248.08
2275.05
2288.1
2274.18
2281.14
2314.2
2344.65
2374.23
2415.12
2483.85
2497.77
2566.5
2627.4
2678.73
2716.14
2817.93
2888.4
2975.4
3067.62
3147.66
3193.77
3266.85
3262.5
3285.99
3280.77
3294.69
3245.97
3225.96
3213.78
3274.68
3250.32
3280.77
3305.13
3304.26
3364.29
3409.53
3524.37
3595.71
3654
3690.54
3754.92
3720.99
3777.54
3840.18
3941.97
3962.85
4048.11
4082.04
4074.21
4059.42
4078.56
4178.61
4222.98
4344.78
4371.75
4450.05
4478.76
4477.89
4571.85
4723.23
4790.22
4870.26
4879.83
4844.16
4770.21
4804.14
4764.99
4805.01
4736.28
4764.12
4751.07
4865.91
5005.11
5085.15
5221.74
5288.73
5317.44
5249.58
5182.59
5093.85
5066.88
5059.92
5122.56
5240.01
5432.28
5561.04
5622.81
5727.21
5829
5801.16
5787.24
5724.6
5734.17
5650.65
5703.72
5778.54
5855.1
5832.48
5782.02
5737.65
5783.76
5868.15
6000.39
6279.66
6370.14
6512.82
6592.86
6664.2
6558.06
6598.08
6600.69
6605.91
6586.77
6645.93
6594.6
6513.69
6408.42
6234.42
6065.64
6010.83
6035.19
5971.68
6076.95
6182.22
6272.7
6296.19
6368.4
6295.32
6163.08
6068.25
6002.13
5970.81
5996.04
6096.96
6247.47
6389.28
6485.85
6450.18
6275.31
6161.34
5962.11
5902.95
5893.38
6010.83
6032.58
6178.74
6201.36
6085.65
6029.97
6094.35
6103.92
6091.74
6235.29
6328.38
6230.94
6237.03
6264.87
6175.26
6024.75
5974.29
5996.04
5982.99
6155.25
6298.8
6336.21
6416.25
6396.24
6409.29
6242.25
6210.06
6198.75
6227.46
6274.44
6417.12
6312.72
6281.4
6170.04
6098.7
5908.17
5945.58
6035.19
6170.91
6289.23
6444.09
6477.15
6444.96
6390.15
6287.49
6103.05
6117.84
6060.42
6030.84
6155.25
6328.38
6338.82
6364.92
6406.68
6306.63
6133.5
6117.84
6237.9
6314.46
6379.71
6518.91
6558.93
6439.74
6383.19
6293.58
6139.59
6076.08
5996.91
6087.39
6077.82
6063.03
6030.84
6058.68
5998.65
6031.71
5964.72
6080.43
6168.3
6270.09
6371.01
6538.92
6589.38
6665.07
6706.83
6668.55
6570.24
6605.04
6638.97
6716.4
6946.08
7113.99
7174.02
7212.3
7201.86
7146.18
6980.01
6894.75
6856.47
6830.37
6871.26
7005.24
7134
7155.75
7265.37
7289.73
7092.24
7026.12
7149.66
7160.1
7249.71
7437.63
7464.6
7400.22
7317.57
7152.27
6966.09
6933.9
6823.41
6842.55
6913.02
6976.53
7061.79
7131.39
7160.97
7107.9
7003.5
7014.81
7107.03
7267.11
7495.05
7656
7857.84
7983.99
8032.71
7914.39
7765.62
7605.54
7738.65
7905.69
8037.93
8301.54
8392.02
8291.97
8313.72
8229.33
8087.52
7957.89
7948.32
7987.47
8057.94
8224.11
8452.05
8652.15
8720.88
8760.9
8569.5
8482.5
8482.5
8462.49
8506.86
8662.59
8789.61
8773.95
8791.35
8767.86
8670.42
8788.74
8982.75
9053.22
9232.44
9420.36
9469.08
9478.65
9458.64
9347.28
9396
9333.36
9253.32
9180.24
9152.4
9128.04
9071.49
8841.81
8860.95
8933.16
8885.31
8847.03
8994.06
8991.45
9022.77
9054.96
9046.26
8985.36
9048
9121.08
9201.99
9313.35
9376.86
9413.4
9447.33
9394.26
9448.2
9514.32
9590.01
9624.81
9547.38
9513.45
9509.97
9544.77
9603.93
9616.98
9770.1
10032.84
10132.02
10242.51
10317.33
10312.98
10376.49
10446.09
10528.74
10542.66
10536.57
10507.86
10455.66
10386.93
10340.82
10343.43
10435.65
10369.53
10426.95
10561.8
10732.32
10875
10798.44
10900.23
10924.59
10950.69
10935.03
11239.53
11310.87
11367.42
11537.94
11632.77
11736.3
11820.69
11836.35
11974.68
12165.21
12364.44
12656.76
12852.51
12915.15
13007.37
13194.42
13251.84
13116.12
12978.66
13166.58
13441.5
13695.54
13902.6
14157.51
14343.69
14334.12
14389.8
14362.83
14196.66
14211.45
14393.28
14717.79
15084.93
15371.16
15574.74
15539.07
15503.4
15370.29
15329.4
15392.91
15611.28
15726.99
16199.4
16497.81
16817.97
17033.73
17359.11
17534.85
17876.76
18009
18100.35
18231.72
18093.39
18167.34
18362.22
18375.27
18479.67
18293.49
18307.41
18352.65
18552.75
18688.47
18853.77
18868.56
18815.49
18769.38
18685.86
18599.73
18522.3
18529.26
18715.44
19007.76
19251.36
19708.98
20045.67
20184.87
20283.18
20050.02
19907.34
19867.32
19615.02
19586.31
19696.8
19615.02
19645.47
19621.98
19665.48
19374.9
19217.43
19213.08
19332.27
19488
19675.05
19990.86
20230.98
20228.37
19922.13
19505.4
18892.92
18283.05
17948.1
17625.33
17491.35
17692.32
17540.07
17393.04
17268.63
17048.52
16744.89
16530
16353.39
16108.05
15887.94
16032.36
15884.46
15823.56
15674.79
15345.06
14777.82
14661.24
14516.82
14440.26
14442
14551.62
14668.2
14742.15
14867.43
14756.07
14552.49
14349.78
14276.7
14194.05
13967.85
13913.04
13779.93
13665.09
13498.92
13463.25
13318.83
13270.98
12974.31
13206.6
13245.75
13249.23
13013.46
12938.64
12656.76
12218.28
12122.58
12214.8
12220.02
12311.37
12367.05
12283.53
12126.06
11941.62
11844.18
11701.5
11548.38
11554.47
11555.34
11618.85
11703.24
11905.95
12169.56
12327.9
12485.37
12495.81
12211.32
12072.12
11883.33
11799.81
11788.5
11861.58
11952.06
12098.22
12230.46
12106.92
12018.18
12118.23
12173.04
12304.41
12609.78
12682.86
12768.99
12820.32
12856.86
12851.64
13103.94
13265.76
13465.86
13505.88
13642.47
13759.05
13903.47
13954.8
14102.7
14190.57
14236.68
14234.94
14178.39
14303.67
14251.47
14396.76
14281.05
14214.93
13973.94
13713.81
13437.15
13357.11
13275.33
13256.19
13438.02
13544.16
13673.79
13619.85
13651.17
13678.14
13479.78
13371.9
13242.27
13226.61
13139.61
13035.21
13051.74
12999.54
13037.82
13063.92
13115.25
13122.21
12972.57
12805.53
12675.9
12526.26
12307.02
12372.27
12273.09
12174.78
12171.3
10935.9
15263.28
15096.24
14917.89
14883.96
14746.5
90.48
8952.3
10724.49
12441.87
14299.32
15296.34
5515.8
9746.61
11483.13
13311
15182.37
14427.21
11904.21
12133.02
12315.72
12514.95
12815.97
12942.12
12901.23
12751.59
12622.83
12542.79
12342.69
12350.52
12425.34
12207.84
12230.46
12400.11
12427.08
12133.02
12183.48
12144.33
12046.02
12111.27
12185.22
12094.74
12097.35
12026.01
11913.78
11709.33
11635.38
11529.24
11510.1
11545.77
11575.35
11611.02
11657.13
11805.9
11923.35
11958.15
11806.77
11854.62
11845.05
11892.03
11691.93
11912.91
12195.66
12414.03
12478.41
12571.5
12569.76
12503.64
12441
12467.1
12536.7
12578.46
12585.42
12613.26
12586.29
12384.45
12272.22
12281.79
12212.19
12169.56
12368.79
12721.14
12847.29
13112.64
13346.67
13224
13082.19
12935.16
12840.33
12635.88
12603.69
12504.51
12364.44
12294.84
12460.14
12347.04
12301.8
12364.44
12286.14
12139.98
12057.33
12106.05
12098.22
12158.25
12290.49
12377.49
12461.01
12396.63
12327.03
12275.7
12282.66
12333.12
12601.08
12812.49
12817.71
12793.35
12688.08
12326.16
12100.83
12031.23
11984.25
12232.2
12541.05
12892.53
13294.47
13699.02
13867.8
14036.58
14182.74
14274.96
14373.27
14353.26
14410.68
14266.26
14190.57
13846.05
13666.83
13508.49
13403.22
13645.95
13752.09
13929.57
13982.64
14045.28
14094
14129.67
14173.17
14388.93
14689.08
14797.83
14741.28
14853.51
14944.86
15086.67
15206.73
15369.42
15701.76
16188.96
16513.47
16868.43
17179.89
17381.73
17208.6
17110.29
16956.3
16710.09
16445.61
16449.96
16589.16
16685.73
16910.19
17213.82
17272.11
17481.78
17628.81
17563.56
17569.65
17758.44
17841.09
17931.57
18052.5
18490.11
18715.44
18865.08
19054.74
18792
18635.4
18611.91
18648.45
18811.14
19144.35
19335.75
19544.55
19765.53
19944.75
20204.01
20447.61
20839.98
21163.62
21223.65
21375.9
21402.87
21347.19
21443.76
21608.19
21793.5
22184.13
22739.19
23430.84
23800.59
24152.07
24769.77
25332.66
25675.44
26126.97
26511.51
26866.47
26982.18
27291.03
27517.23
27836.52
27924.39
28005.3
28378.53
28779.6
28945.77
29185.89
29899.29
30148.98
30411.72
30807.57
31064.22
31326.09
31545.33
31900.29
32250.9
32689.38
33122.64
33635.07
34027.44
34509.42
35056.65
35388.12
35718.72
36071.07
36197.22
36364.26
36391.23
36373.83
36439.08
36781.86
36943.68
37282.98
37618.8
38019.87
38099.04
38439.21
39049.08
40071.33
40819.53
41646.03
42456
43171.14
43417.35
43849.74
44222.1
44528.34
45099.06
45637.59
46189.17
46705.95
47133.12
47856.96
48425.94
48518.16
48730.44
49165.44
49216.77
49855.35
50373.87
51057.69
52258.29
53404.08
54326.28
55151.91
55577.34
55730.46
55914.9
56409.93
56970.21
57552.24
58326.54
58725.87
58735.44
59143.47
59484.51
59266.14
59809.02
60628.56
61470.72
62305.05
62814
63025.41
63515.22
63356.88
63063.69
63267.27
63673.56
64339.98
64975.95
66117.39
66698.55
66917.79
66685.5
66839.49
66401.88
66507.15
66760.32
66927.36
67175.31
67009.14
66860.37
66550.65
66953.46
66595.89
66390.57
66508.02
67363.23
69986.28
73140.9
75368.97
76202.43
77252.52
75224.55
73532.4
72235.23
72829.44
71968.14
72241.32
71691.48
72594.54
74695.59
74876.55
74405.01
73992.63
73493.25
71169.48
70643.13
69775.74
69714.84
69707.88
68469.87
66401.88
66862.98
67080.48
66971.73
66830.79
66372.3
66341.85
66329.67
67286.67
69747.9
72300.48
74210.13
75050.55
76392.96
76440.81
75642.15
74891.34
75475.98
74464.17
73622.01
73770.78
73278.36
72236.97
71221.68
70219.44
69705.27
68986.65
68450.73
68007.9
66707.25
66859.5
67339.74
67621.62
67656.42
67711.23
66755.1
65698.05
64813.26
63900.63
63933.69
63811.02
63486.51
62823.57
62820.96
62313.75
61425.48
60560.7
59795.97
58748.49
57843.69
57065.04
57067.65
56852.76
56312.49
55681.74
55020.54
54100.08
53073.48
52112.13
51575.34
51217.77
50783.64
50488.71
50386.05
51143.82
50580.06
50051.1
49513.44
47917.86
45855.96
44335.2
43611.36
42284.61
40486.32
39329.22
38246.07
37365.63
36834.93
36145.89
35616.93
35368.11
34969.65
34447.65
33930.87
33545.46
32766.81
32075.16
31663.65
31238.22
30918.93
30635.31
30384.75
29956.71
29438.19
28606.47
27673.83
27330.18
26968.26
26436.69
26032.14
25607.58
24788.04
24119.88
23467.38
23085.45
22710.48
22472.1
21983.16
21838.74
21723.9
21313.26
21111.42
21105.33
20653.8
20345.82
20197.92
19809.03
19367.07
18859.86
18442.26
18263.04
18109.92
17857.62
17517.45
17220.78
16918.02
16735.32
16672.68
16523.91
16511.73
17629.68
17889.81
18292.62
18671.07
18596.25
17692.32
17112.9
16268.13
15623.46
15021.42
14639.49
14128.8
13834.74
13655.52
13428.45
13077.84
12970.83
12396.63
11974.68
11838.96
11537.07
11284.77
11118.6
11304.78
11168.19
11145.57
10941.99
10801.92
10264.26
10124.19
9998.04
9827.52
9683.97
9510.84
9321.18
9059.31
8812.23
8679.12
8629.53
8517.3
8494.68
8459.88
8414.64
8318.07
8209.32
7980.51
7923.09
7873.5
7862.19
7759.53
7615.98
7515.06
7411.53
7205.34
7026.99
6906.06
6759.9
6581.55
6504.99
6514.56
6371.01
6264
6230.94
6078.69
5945.58
5891.64
5811.6
5807.25
5856.84
5857.71
5783.76
5634.12
5387.91
5233.92
5083.41
5069.49
5037.3
5004.24
4992.93
4883.31
4790.22
4678.86
4617.96
4555.32
4500.51
4423.08
4435.26
4404.81
4354.35
4226.46
4132.5
4035.93
3935.01
3739.26
3650.52
3627.03
3610.5
3574.83
3538.29
3485.22
3421.71
3379.08
3326.01
3262.5
3218.13
3225.09
3174.63
3166.8
3145.05
3148.53
3084.15
3085.02
3123.3
3093.72
3077.19
3026.73
3029.34
2978.88
2948.43
2912.76
2869.26
2827.5
2715.27
2648.28
2610
2583.03
2537.79
2573.46
2568.24
2586.51
2545.62
2496.9
2423.82
2425.56
2405.55
2385.54
2390.76
2393.37
2326.38
2299.41
2257.65
2246.34
2161.95
2168.91
2173.26
2195.01
2217.63
2264.61
2217.63
2237.64
2256.78
2191.53
2150.64
2128.89
2101.92
2052.33
2028.84
2063.64
2076.69
2079.3
2059.29
1998.39
2006.22
2027.97
1997.52
2001.87
1978.38
1994.91
1996.65
1994.91
1988.82
1973.16
1953.15
1950.54
1954.89
1947.06
1920.09
1927.92
1898.34
1862.67
1864.41
1843.53
1802.64
1772.19
1765.23
1798.29
1813.95
1836.57
1840.05
1883.55
1860.06
1806.12
1776.54
1751.31
1713.9
1679.97
1693.89
1699.11
1708.68
1720.86
1755.66
1779.15
1804.38
1760.88
1766.97
1778.28
1734.78
1733.04
1771.32
1797.42
1825.26
1865.28
1858.32
1791.33
1756.53
1720.86
1699.98
1658.22
1673.01
1668.66
1716.51
1708.68
1721.73
1733.04
1726.95
1679.97
1699.11
1711.29
1713.9
1760.88
1814.82
1794.81
1796.55
1766.1
1719.12
1667.79
1646.04
1609.5
1626.03
1658.22
1662.57
1663.44
1683.45
1658.22
1649.52
1657.35
1684.32
1710.42
1702.59
1693.89
1683.45
1614.72
1611.24
1589.49
1591.23
1594.71
1616.46
1635.6
1659.96
1706.07
1740
1754.79
1743.48
1718.25
1666.05
1599.93
1611.24
1615.59
1639.95
1644.3
1679.1
1715.64
1722.6
1781.76
1819.17
1819.17
1773.06
1784.37
1748.7
1726.08
1775.67
1806.99
1858.32
1890.51
1937.49
1925.31
1929.66
1877.46
1875.72
1900.08
1934.01
2017.53
2079.3
2140.2
2144.55
2181.09
2141.07
2116.71
2112.36
2156.73
2180.22
2222.85
2317.68
2366.4
2409.9
2476.02
2525.61
2559.54
2613.48
2683.08
2695.26
2668.29
2676.99
2667.42
2671.77
2683.95
2779.65
2795.31
2893.62
3021.51
3077.19
3133.74
3152.01
3096.33
3098.07
3080.67
3152.88
3226.83
3305.13
3338.19
3400.83
3441.72
3517.41
3547.86
3636.6
3706.2
3722.73
3769.71
3868.89
3953.28
4049.85
4128.15
4174.26
4207.32
4203.84
4182.09
4276.05
4361.31
4470.93
4524
4572.72
4643.19
4672.77
4685.82
4668.42
4701.48
4805.01
4910.28
4985.1
5108.64
5102.55
5120.82
5101.68
5071.23
5071.23
5171.28
5161.71
5247.84
5342.67
5467.95
5582.79
5693.28
5695.89
5719.38
5692.41
5719.38
5742.87
5841.18
5957.76
6080.43
6124.8
6074.34
6059.55
6024.75
5931.66
6030.84
6126.54
6293.58
6425.82
6548.49
6585.9
6733.8
6744.24
6692.04
6641.58
6637.23
6632.88
6670.29
6749.46
6899.97
6930.42
6979.14
6983.49
6991.32
6953.91
6955.65
6966.96
7013.07
7060.05
7057.44
7128.78
7225.35
7224.48
7169.67
7155.75
7053.09
7046.13
7089.63
7136.61
7246.23
7262.76
7258.41
7207.08
7087.89
7118.34
7134.87
6977.4
7055.7
7157.49
7068.75
7033.08
7019.16
6818.19
6668.55
6524.13
6431.91
6417.12
6490.2
6553.71
6517.17
6471.06
6396.24
6273.57
6171.78
6133.5
6103.92
6149.16
6155.25
6103.92
6178.74
6232.68
6217.89
6148.29
6083.04
6035.19
6033.45
6057.81
6203.1
6333.6
6573.72
6663.33
6645.06
6571.11
6354.48
6197.88
6194.4
6245.73
6416.25
6594.6
6682.47
6688.56
6655.5
6558.93
6377.1
6325.77
6319.68
6304.02
6511.95
6644.19
6806.88
7016.55
7226.22
7173.15
7058.31
7026.12
7011.33
6989.58
7101.81
7216.65
7324.53
7315.83
7324.53
7207.08
7034.82
6947.82
6921.72
6921.72
6971.31
7043.52
7101.81
7161.84
7247.97
7208.82
7148.79
7087.02
7071.36
7186.2
7268.85
7427.19
7546.38
7607.28
7615.11
7600.32
7471.56
7372.38
7418.49
7378.47
7479.39
7614.24
7621.2
7699.5
7678.62
7681.23
7522.89
7678.62
7764.75
8015.31
8061.42
8160.6
7999.65
7876.11
7745.61
7657.74
7587.27
7620.33
7688.19
7674.27
7910.91
8003.13
8193.66
8300.67
8337.21
8341.56
8264.13
8218.89
8208.45
8298.06
8258.91
8426.82
8512.95
8455.53
8403.33
8409.42
8196.27
8075.34
8113.62
8123.19
8157.99
8223.24
8294.58
8282.4
8288.49
8256.3
8234.55
8371.14
8466.84
8595.6
8840.07
8920.98
8833.98
8785.26
8788.74
8625.18
8342.43
8285.01
8341.56
8472.93
8477.28
8570.37
8530.35
8421.6
8108.4
8004
7957.89
7934.4
7964.85
8006.61
8114.49
8194.53
8275.44
8219.76
8232.81
8233.68
8154.51
8276.31
8275.44
8356.35
8395.5
8504.25
8465.1
8580.81
8622.57
8727.84
8596.47
8563.41
8586.03
8568.63
8529.48
8604.3
8541.66
8424.21
8288.49
8306.76
8218.89
8225.85
8263.26
8335.47
8406.81
8654.76
9217.65
9447.33
9620.46
9743.13
9578.7
9429.06
9513.45
9429.06
9476.91
9768.36
9920.61
9924.96
9887.55
9971.94
9829.26
9938.88
10079.82
10126.8
10179
10169.43
10125.06
10180.74
10225.11
10180.74
10205.97
10122.45
10126.8
10153.77
10423.47
10763.64
10975.05
11027.25
11170.8
11226.48
10909.8
10879.35
10943.73
10956.78
10890.66
10982.01
11036.82
11286.51
11365.68
11470.08
11501.4
11368.29
11268.24
11226.48
11188.2
11176.02
11239.53
11484.87
11474.43
11591.01
11541.42
11592.75
11530.98
11676.27
11811.12
11825.04
11902.47
11985.99
11982.51
11895.51
11919
11907.69
11927.7
11998.17
12090.39
12189.57
12404.46
12510.6
12474.06
12641.97
12495.81
12224.37
12019.92
12021.66
11997.3
12079.95
12298.32
12441.87
12467.1
12494.94
12531.48
12529.74
12688.95
12925.59
12972.57
13060.44
13179.63
13247.49
13314.48
13545.03
13711.2
13723.38
13824.3
14073.99
14069.64
14427.21
14723.88
14950.08
15060.57
15365.94
15518.19
15869.67
16306.41
16891.92
17273.85
17600.97
17849.79
18164.73
18330.9
18497.94
18626.7
18845.94
19190.46
19369.68
19478.43
19466.25
19360.98
18999.06
18814.62
18527.52
18223.02
17884.59
17898.51
17943.75
18049.02
18135.15
18464.88
18621.48
18735.45
18793.74
18625.83
18277.83
18180.39
17962.02
17860.23
18020.31
18282.18
18402.24
18413.55
18601.47
18164.73
17987.25
17926.35
17876.76
17799.33
17989.86
18166.47
18181.26
18035.1
18075.99
17815.86
17625.33
17574
17474.82
17473.08
17578.35
17612.28
17450.46
17338.23
17072.01
16527.39
16251.6
16224.63
16223.76
16143.72
16136.76
16219.41
16033.23
15975.81
16164.6
15973.2
15937.53
15825.3
15660
15456.42
15320.7
15280.68
15189.33
15010.98
14907.45
14774.34
14713.44
14733.45
14830.89
14940.51
14987.49
15074.49
15299.82
15366.81
15415.53
15373.77
15383.34
15318.96
15216.3
14959.65
14928.33
14903.1
14769.12
14799.57
14778.69
14854.38
14936.16
14720.4
14564.67
14467.23
14508.12
14538.57
14566.41
14550.75
14601.21
14630.79
14808.27
14873.52
15017.07
15404.22
15815.73
16049.76
16253.34
16176.78
15868.8
15305.04
14801.31
14599.47
14604.69
14675.16
14706.48
14803.92
14822.19
14859.6
14796.96
14900.49
14810.88
14647.32
14475.06
14557.71
14469.84
14658.63
14644.71
14937.03
14971.83
14747.37
14715.18
14957.91
14758.68
14743.02
14976.18
14858.73
14875.26
14907.45
15081.45
15023.16
15066.66
15067.53
15015.33
15084.06
15113.64
14787.39
14716.05
14696.91
14586.42
14420.25
14435.91
14674.29
14916.15
14937.9
15078.84
15171.06
14799.57
14668.2
14991.84
15121.47
15188.46
15247.62
15124.95
14662.11
14508.12
14518.56
14650.8
14990.1
15327.66
15465.99
15431.19
15298.95
15020.55
14736.06
14631.66
14640.36
14852.64
14992.71
15124.08
14917.89
14930.94
14963.13
14836.11
14460.27
14716.05
14789.13
14779.56
15020.55
14921.37
14782.17
14694.3
14539.44
14133.15
13819.08
13836.48
13973.07
13852.14
13703.37
13756.44
13518.06
13344.93
13247.49
13316.22
13166.58
13144.83
13193.55
13129.17
13039.56
13087.41
13060.44
13068.27
13203.12
13309.26
13297.95
13368.42
13466.73
13526.76
13688.58
13785.15
13790.37
13963.5
13881.72
13754.7
13772.97
13941.75
14018.31
14308.89
14593.38
14820.45
14950.08
15097.98
15044.91
15014.46
14896.14
14756.94
14508.12
14418.51
14455.05
14311.5
14134.89
14126.19
14168.82
14160.99
14457.66
14669.07
14627.31
14634.27
14318.46
13912.17
13717.29
13444.98
13484.13
13448.46
13337.97
13477.17
13471.08
13320.57
13218.78
13168.32
12855.12
12660.24
12605.43
12574.11
12491.46
12465.36
12454.92
12293.97
12223.5
12174.78
12091.26
11985.12
12072.12
12057.33
12110.4
12052.98
11975.55
11806.77
11595.36
11458.77
11276.07
11189.07
11054.22
11022.03
10906.32
10945.47
11099.46
11316.09
11458.77
11649.3
11666.7
11724.99
11767.62
11753.7
11518.8
11329.14
11106.42
11069.01
11015.94
11001.15
11044.65
11042.91
10901.97
10709.7
10583.55
10601.82
10772.34
10915.89
11154.27
11424.84
11641.47
11802.42
12018.18
12128.67
12191.31
12333.99
12414.9
12302.67
12226.11
12502.77
12238.29
12115.62
12153.03
11919.87
11677.14
11619.72
11584.92
11633.64
11778.93
12018.18
12060.81
12121.71
12202.62
12264.39
12240.03
12293.1
12507.99
12606.3
12695.91
12986.49
13055.22
12968.22
12819.45
12614.13
12283.53
12433.17
12791.61
13110.9
13330.14
13365.81
13241.4
13163.1
13220.52
13331.01
13447.59
13725.12
13836.48
13951.32
14139.24
14366.31
14739.54
15265.02
15798.33
16161.99
16526.52
16763.16
16824.93
16750.11
16683.12
16618.74
16560.45
16575.24
16534.35
16785.78
17032.86
17165.97
17359.11
17598.36
17482.65
17653.17
17510.49
17432.19
17511.36
17808.03
18027.27
18285.66
18286.53
18114.27
17543.55
17131.17
16945.86
16915.41
16873.65
16838.85
16764.9
16685.73
16548.27
16558.71
16596.99
16735.32
16751.85
16729.23
16580.46
16565.67
16497.81
16528.26
16837.11
17105.07
17346.06
17593.14
17662.74
17841.96
18142.11
18631.92
19340.1
19766.4
20223.15
20376.27
20637.27
20863.47
20728.62
20813.88
20960.04
21058.35
21005.28
21226.26
21592.53
21799.59
22054.5
22273.74
22256.34
22136.28
22066.68
22115.4
22321.59
22653.06
23189.85
23645.73
24065.07
24538.35
24550.53
24697.56
24853.29
25030.77
25228.26
25509.27
25544.94
25534.5
25614.54
25738.95
25767.66
25999.95
26332.29
26648.97
27003.06
27512.01
27676.44
27878.28
28135.8
28312.41
28185.39
28434.21
28942.29
29541.72
30151.59
30930.24
31972.5
32732.88
33437.58
34244.94
34507.68
34486.8
34539.87
34811.31
35153.22
36086.73
36890.61
37820.64
38250.42
38955.12
38922.06
38910.75
38983.83
39321.39
39738.12
40401.93
40882.17
41204.07
41748.69
42155.85
42125.4
42128.88
42483.84
42924.06
43098.06
43868.88
44611.86
45340.05
46233.54
46909.53
47641.2
48210.18
48991.44
49679.61
50298.18
50909.79
51477.9
51701.49
52184.34
52410.54
52596.72
53023.89
53637.24
53745.99
54073.11
54540.3
54823.92
55022.28
55519.92
56192.43
56292.48
56633.52
57183.36
57942.87
58787.64
59553.24
60459.78
63647.46
65903.37
67691.22
68836.14
69783.57
69104.1
68415.06
68142.75
68261.94
69207.63
69737.46
69988.02
70165.5
69570.42
68641.26
67966.14
67553.76
67268.4
66909.09
67134.42
67649.46
67873.92
68344.59
68563.83
69265.92
69488.64
70156.8
70454.34
70745.79
70838.88
70835.4
70717.95
70141.14
69909.72
69683.52
69790.53
69411.21
69789.66
69980.19
69867.96
70061.97
70128.96
69921.03
69463.41
69298.98
69064.95
68731.74
68986.65
69235.47
69122.37
67963.53
68484.66
67926.12
67183.14
66705.51
67245.78
66166.98
65875.53
66615.03
69150.21
72106.47
74707.77
76733.13
77493.51
76232.88
75090.57
73335.78
71801.97
71390.46
70867.59
69863.61
69949.74
69820.11
68600.37
67872.18
67165.74
65943.39
65309.16
65695.44
65896.41
65473.59
65792.88
65443.14
64423.5
63460.41
62985.39
62665.23
61925.73
61141.86
60667.71
59963.88
59010.36
59119.11
58930.32
58036.83
57727.98
57453.06
56839.71
55862.7
55825.29
55647.81
54938.76
54066.15
53473.68
53067.39
52618.47
52289.61
51818.07
51129.9
50057.19
49509.96
48911.4
48334.59
47474.16
47072.22
47087.01
46682.46
45958.62
45174.75
43138.95
41622.54
40013.91
38688.9
37920.69
37182.93
36413.85
35873.58
35155.83
34573.8
33915.21
33434.97
32716.35
31852.44
31147.74
30376.92
29750.52
29613.93
29586.96
29387.73
29353.8
29149.35
28576.02
28299.36
28121.88
27978.33
28020.96
27891.33
27535.5
27061.35
26687.25
26314.89
25944.27
25723.29
25171.71
24680.16
24012
23482.17
22901.88
22463.4
22014.48
21558.6
21323.7
21143.61
20739.93
20382.36
19990.86
19476.69
19055.61
18752.85
18346.56
18102.09
17991.6
17552.25
16921.5
16502.16
15916.65
15462.51
15087.54
14703.87
16148.94
18530.13
19726.38
20320.59
20713.83
20511.99
19927.35
19370.55
19139.13
18874.65
18460.53
18079.47
17399.13
16791
16463.01
16007.13
15629.55
15374.64
15113.64
14894.4
14986.62
14823.06
14620.35
14234.07
13909.56
13722.51
13362.33
13009.98
12791.61
12672.42
12670.68
12581.94
12498.42
12472.32
12325.29
12139.11
11973.81
11858.97
11437.89
11031.6
10761.9
10310.37
9931.92
9761.4
9531.72
9338.58
9279.42
9203.73
9105.42
9008.85
8691.3
8438.13
7960.5
7341.06
7135.74
6867.78
6747.72
6632.01
6438
6358.83
6304.02
6258.78
6146.55
6106.53
5944.71
5790.72
5705.46
5683.71
5676.75
5724.6
5795.07
5779.41
5822.04
5755.92
5696.76
5660.22
5594.97
5634.12
5648.04
5574.09
5382.69
5341.8
5195.64
5142.57
5092.11
5001.63
4811.97
4723.23
4751.94
4724.97
4651.89
4693.65
4632.75
4480.5
4432.65
4523.13
4530.96
4449.18
4369.14
4339.56
4231.68
4153.38
4100.31
4076.82
4006.35
3966.33
3942.84
4042.02
4170.78
4213.41
4187.31
4142.94
4051.59
3956.76
3909.78
3907.17
3838.44
3735.78
3663.57
3592.23
3523.5
3459.99
3414.75
3299.04
3285.99
3217.26
3210.3
3140.7
3158.97
3112.86
3040.65
2990.19
2964.96
2897.1
2833.59
2878.83
2855.34
2777.91
2785.74
2731.8
2635.23
2576.07
2588.25
2563.89
2525.61
2435.13
2423.82
2352.48
2332.47
2345.52
2400.33
2413.38
2394.24
2364.66
2328.99
2322.03
2301.15
2319.42
2322.9
2365.53
2317.68
2262
2263.74
2241.99
2187.18
2217.63
2270.7
2246.34
2265.48
2305.5
2225.46
2156.73
2176.74
2122.8
2110.62
2098.44
2061.9
2019.27
2001
1975.77
1958.37
1931.4
1888.77
1877.46
1843.53
1841.79
1884.42
1889.64
1879.2
1863.54
1851.36
1810.47
1837.44
1833.96
1828.74
1837.44
1829.61
1743.48
1692.15
1624.29
1586.88
1558.17
1570.35
1565.13
1553.82
1550.34
1552.08
1550.34
1557.3
1571.22
1580.79
1593.84
1566.87
1568.61
1564.26
1499.88
1456.38
1467.69
1430.28
1432.02
1444.2
1441.59
1414.62
1438.98
1466.82
1482.48
1461.6
1449.42
1479
1474.65
1464.21
1462.47
1452.03
1419.84
1398.09
1385.04
1427.67
1416.36
1433.76
1424.19
1415.49
1390.26
1410.27
1399.83
1448.55
1462.47
1499.88
1515.54
1538.16
1539.9
1519.89
1481.61
1499.88
1512.93
1499.88
1522.5
1561.65
1582.53
1606.02
1609.5
1603.41
1566
1546.86
1551.21
1566
1593.84
1619.07
1625.16
1619.07
1610.37
1603.41
1621.68
1661.7
1632.12
1628.64
1654.74
1693.02
1650.39
1691.28
1755.66
1806.12
1863.54
1879.2
1890.51
1899.21
1920.09
1905.3
1952.28
1968.81
1967.94
1977.51
1940.1
1947.93
1972.29
1936.62
1964.46
1999.26
2006.22
2059.29
2122.8
2133.24
2180.22
2178.48
2180.22
2148.03
2152.38
2135.85
2212.41
2290.71
2288.97
2315.07
2342.04
2402.07
2442.09
2452.53
2502.12
2485.59
2475.15
2484.72
2516.04
2537.79
2585.64
2589.12
2616.09
2721.36
2755.29
2778.78
2796.18
2857.95
2902.32
2957.13
3051.09
3104.16
3192.9
3230.31
3256.41
3361.68
3288.6
3346.89
3361.68
3440.85
3475.65
3589.62
3633.12
3733.17
3806.25
3829.74
3928.92
3982.86
4099.44
4192.53
4273.44
4305.63
4342.17
4359.57
4268.22
4276.05
4283.88
4301.28
4393.5
4349.13
4384.8
4447.44
4534.44
4489.2
4528.35
4624.92
4671.03
4844.16
4911.15
5012.07
4975.53
4997.28
4986.84
4945.95
4878.09
4973.79
5072.97
5092.11
5237.4
5264.37
5211.3
5146.92
5105.16
5050.35
5103.42
5108.64
5181.72
5253.06
5246.1
5215.65
5182.59
5287.86
5221.74
5169.54
5204.34
5145.18
5135.61
5146.05
5264.37
5324.4
5363.55
5393.13
5498.4
5432.28
5415.75
5427.06
5521.02
5594.1
5658.48
5698.5
5703.72
5608.89
5571.48
5457.51
5287.86
5220
5149.53
5054.7
5028.6
5079.93
5093.85
5057.31
5130.39
5109.51
5192.16
5232.18
5278.29
5324.4
5423.58
5472.3
5401.83
5387.04
5343.54
5188.68
5150.4
5196.51
5195.64
5247.84
5353.98
5336.58
5309.61
5332.23
5300.91
5129.52
5035.56
5030.34
4969.44
5031.21
5161.71
5283.51
5364.42
5452.29
5365.29
5177.37
5067.75
5020.77
5010.33
5178.24
5369.64
5479.26
5447.94
5395.74
5363.55
5163.45
4957.26
4932.03
4943.34
4997.28
5276.55
5459.25
5573.22
5666.31
5731.56
5574.09
5586.27
5680.23
5632.38
5774.19
5911.65
5987.34
6067.38
6196.14
6305.76
6328.38
6417.99
6506.73
6565.89
6657.24
6798.18
6874.74
6866.04
6896.49
6891.27
6823.41
6694.65
6674.64
6768.6
6962.61
7162.71
7214.04
7252.32
7355.85
7267.98
7125.3
7087.02
7073.1
7008.72
7057.44
7297.56
7368.03
7343.67
7370.64
7331.49
7217.52
7242.75
7302.78
7308
7345.41
7389.78
7384.56
7149.66
7170.54
7184.46
7147.05
7101.81
7180.11
7361.94
7597.71
7770.84
7918.74
8081.43
8186.7
8162.34
8044.02
8037.06
8064.03
8017.05
8139.72
8202.36
8216.28
8187.57
8111.88
8077.95
7997.91
8052.72
8097.96
8272.83
8288.49
8418.12
8414.64
8305.02
8151.03
8195.4
8144.07
8144.94
8218.89
8400.72
8495.55
8745.24
8836.59
8919.24
9014.94
8894.88
8817.45
8683.47
8637.36
8566.89
8733.93
8864.43
8981.88
8927.94
9000.15
8954.04
8872.26
8832.24
8833.98
8762.64
8738.28
8784.39
8929.68
8947.08
8980.14
9005.37
8932.29
8811.36
8742.63
8804.4
8833.98
8944.47
9055.83
9011.46
8934.03
8721.75
8629.53
8586.9
8567.76
8562.54
8593.86
8606.04
8592.99
8611.26
8552.1
8488.59
8325.03
8321.55
8317.2
8395.5
8550.36
8669.55
8731.32
8828.76
8951.43
8964.48
8849.64
8809.62
8754.81
8734.8
8972.31
9230.7
9566.52
9870.15
10167.69
10299.06
10295.58
10369.53
10294.71
10218.15
10331.25
10466.1
10645.32
10743.63
10918.5
10975.05
11024.64
10962.87
11062.92
11129.04
11182.98
11249.1
11444.85
11562.3
11573.61
11572.74
11560.56
11435.28
11417.01
11360.46
11581.44
11722.38
11925.96
12055.59
12029.49
11897.25
11793.72
11585.79
11615.37
11567.52
11798.07
11836.35
11922.48
11982.51
11974.68
11832.87
11727.6
11726.73
11710.2
11761.53
11832.87
11797.2
11731.08
11640.6
11451.81
11290.86
11117.73
11190.81
11258.67
11452.68
11760.66
11932.05
11849.4
11781.54
11600.58
11428.32
11325.66
11517.06
11687.58
11881.59
11965.98
12056.46
12082.56
12075.6
12106.05
12193.05
12247.86
12204.36
12112.14
12113.01
12089.52
12007.74
11885.07
11967.72
11975.55
11941.62
12003.39
12186.96
12313.11
12476.67
12708.96
12930.81
13007.37
13023.03
13078.71
13190.94
13145.7
13203.12
13293.6
13331.01
13502.4
13790.37
14036.58
14308.89
14553.36
14738.67
14826.54
14890.92
15037.95
15204.12
15487.74
15827.04
16098.48
16168.95
16171.56
16214.19
16109.79
16165.47
16243.77
16391.67
16613.52
17053.74
17239.05
17361.72
17459.16
17395.65
17293.86
17129.43
17199.03
17385.21
17619.24
17645.34
17734.08
17715.81
17694.06
17543.55
17373.03
17057.22
16968.48
16858.86
16807.53
17114.64
17373.9
17510.49
17581.83
17670.57
17600.1
17554.86
17605.32
17473.08
17481.78
17433.93
17350.41
17413.05
17357.37
17342.58
17252.1
17250.36
17421.75
17704.5
17945.49
18079.47
18028.14
18069.9
17966.37
17771.49
17619.24
17707.11
17604.45
17446.11
17432.19
17706.24
17685.36
17784.54
17732.34
17790.63
17353.02
17104.2
16818.84
16532.61
16179.39
15980.16
15750.48
15623.46
15396.39
15312
15154.53
14979.66
14917.89
14975.31
14975.31
14849.16
14841.33
14910.93
14775.21
14859.6
15026.64
15071.88
15176.28
15239.79
15433.8
15609.54
15574.74
15497.31
15431.19
15352.02
15078.84
14950.95
14738.67
14803.05
14784.78
14850.03
14832.63
14938.77
15089.28
15498.18
15457.29
15437.28
15406.83
15480.78
15340.71
15297.21
15566.04
15526.89
15342.45
15002.28
15116.25
15195.42
15624.33
15927.09
16121.97
16417.77
16466.49
16501.29
16444.74
16442.13
16228.98
16212.45
16088.91
15816.6
15811.38
15892.29
15816.6
15690.45
15918.39
16274.22
16282.05
16312.5
16348.17
16108.05
15984.51
16000.17
16074.12
16089.78
16322.94
16166.34
15993.21
15915.78
15892.29
15673.05
15673.92
15742.65
15682.62
15800.07
15977.55
16004.52
15835.74
15572.13
15190.2
14963.13
14832.63
14689.95
14713.44
14746.5
14415.9
14290.62
14124.45
13941.75
13769.49
13726.86
13605.06
13521.54
13531.98
13526.76
13478.91
13472.82
13509.36
13625.07
13646.82
13652.91
13707.72
13893.9
13842.57
13866.93
13772.97
13749.48
13522.41
13398.87
13392.78
13491.96
13777.32
13984.38
14033.97
13893.9
13846.92
13569.39
13297.08
13156.14
13099.59
12960.39
12801.18
12780.3
12562.8
12544.53
12565.41
12440.13
12474.06
12583.68
12706.35
12793.35
12850.77
12806.4
12721.14
12526.26
12392.28
12393.15
12240.03
12173.04
12078.21
11983.38
11888.55
11816.34
11671.92
11585.79
11617.11
11548.38
11385.69
11180.37
10974.18
10776.69
10615.74
10741.02
10896.75
11141.22
11463.99
11710.2
11738.91
11698.89
11567.52
11626.68
11724.99
11724.12
11940.75
12164.34
12253.08
12232.2
12245.25
12380.97
12384.45
12273.96
12325.29
12455.79
12374.01
12271.35
12257.43
12292.23
12375.75
12357.48
12508.86
12591.51
12749.85
12682.86
12541.92
12417.51
12264.39
12159.99
11970.33
11857.23
11719.77
11628.42
11741.52
11949.45
12093
12108.66
12179.13
12126.93
11989.47
11837.22
11927.7
12042.54
12019.05
12168.69
12320.94
12402.72
12438.39
12665.46
12705.48
12721.14
12642.84
12696.78
12724.62
12643.71
12557.58
12717.66
12743.76
12761.16
12921.24
12889.92
12797.7
12713.31
12766.38
12681.12
12772.47
12732.45
12612.39
12519.3
12114.75
11997.3
11957.28
11743.26
11678.88
11746.74
11852.88
11796.33
11900.73
11891.16
11764.14
11640.6
11675.4
11925.09
12165.21
12364.44
12605.43
12681.99
12542.79
12501.03
12323.55
12120.84
12035.58
11791.98
11720.64
11713.68
11856.36
11895.51
11917.26
11966.85
11915.52
11885.07
11939.88
12127.8
12175.65
12270.48
12300.93
12427.08
12475.8
12493.2
12611.52
12797.7
12910.8
13157.88
13420.62
13643.34
14039.19
14555.97
14843.07
15133.65
15161.49
15263.28
15225
15285.03
15323.31
15651.3
15901.86
15862.71
15814.86
15668.7
15412.92
15294.6
15225
15318.96
15606.06
15855.75
15944.49
15948.84
15852.27
15734.82
15798.33
15851.4
15885.33
16089.78
16242.9
16267.26
16144.59
16389.06
16816.23
17301.69
17752.35
18148.2
18513.6
18878.13
19134.78
19466.25
19702.89
19966.5
20083.08
20127.45
20128.32
20292.75
20412.81
20691.21
20803.44
20947.86
20959.17
20919.15
20853.03
20924.37
20869.56
20980.05
20840.85
20325.81
20121.36
20003.91
19892.55
19878.63
19989.99
20197.05
20317.11
20600.73
21054.87
21555.12
22038.84
22365.09
22907.1
23249.01
23499.57
23605.71
23575.26
23556.99
23611.8
23489.13
23171.58
23327.31
23469.12
23438.67
23228.13
23573.52
23715.33
23798.85
24008.52
24173.82
24154.68
24643.62
25002.06
25280.46
25331.79
25491
25183.89
24997.71
24931.59
25108.2
25497.09
25926
26170.47
26370.57
26457.57
26334.03
26122.62
25979.07
25971.24
26046.93
26181.78
26577.63
26981.31
27683.4
28282.83
28652.58
28577.76
28560.36
28332.42
28278.48
28510.77
28831.8
29058
29640.03
30558.75
31574.91
32188.26
32943.42
33644.64
34127.49
34586.85
35231.52
35848.35
36740.97
37545.72
37996.38
38199.09
38200.83
38343.51
38646.27
39110.85
39794.67
40429.77
41039.64
41212.77
41710.41
41874.84
42064.5
42113.22
42342.03
42509.94
42861.42
43200.72
43544.37
44030.7
44514.42
44947.68
45479.25
45921.21
46293.57
46595.46
47104.41
47438.49
47566.38
47940.48
48943.59
49096.71
48820.05
49105.41
49632.63
49752.69
50409.54
50785.38
51295.2
51592.74
51574.47
51499.65
51517.05
51999.9
52288.74
52837.71
53412.78
55630.41
58096.86
59655.9
60803.43
61692.57
61764.78
60946.98
60518.07
60208.35
59990.85
60000.42
60510.24
61495.95
61997.07
62718.3
63366.45
63876.27
64012.86
64625.34
65275.23
65686.74
65741.55
65926.86
65932.08
64994.22
64519.2
64442.64
64508.76
64781.07
65294.37
66185.25
66521.94
66160.89
67113.54
66924.75
67000.44
67090.92
68682.15
68438.55
68496.84
68639.52
68570.79
68539.47
69533.88
69787.92
69365.1
69726.15
69341.61
69157.17
69051.03
69238.95
68981.43
67935.69
68437.68
68094.9
68027.04
67396.29
69207.63
68502.06
69084.09
70928.49
73179.18
74392.83
75629.1
75770.04
75308.07
74368.47
73514.13
72639.78
71960.31
71798.49
72195.21
72310.05
72316.14
72112.56
71487.9
70357.77
70221.18
70757.1
70878.03
70934.58
70659.66
69922.77
69172.83
68294.13
67621.62
67568.55
66908.22
66079.11
65511
64962.03
64197.3
63730.98
63173.31
62384.22
61661.25
60952.2
60102.21
59273.1
58346.55
57769.74
56601.33
55800.93
54869.16
54078.33
53864.31
53623.32
53262.27
53372.76
52983.87
52730.7
51847.65
51028.98
50226.84
49437.75
48601.68
48328.5
47939.61
47361.93
45685.44
44706.69
43808.85
43396.47
42780.51
42050.58
41070.96
40250.55
39241.35
38723.7
38132.1
38103.39
37801.5
37702.32
37518.75
37214.25
36476.49
35881.41
35069.7
34262.34
33368.85
32878.17
32514.51
32073.42
31621.02
31661.91
31267.8
30785.82
30112.44
29595.66
29222.43
28747.41
28495.11
28171.47
27924.39
27397.17
26976.96
26278.35
25957.32
25446.63
25030.77
24489.63
24079.86
23597.88
23406.48
23182.02
22766.16
22428.6
22132.8
21841.35
21528.15
21154.92
21060.96
20770.38
20477.19
20196.18
20119.62
19927.35
19564.56
19144.35
18661.5
18120.36
17458.29
17002.41
16654.41
16615.26
16546.53
16742.28
16720.53
16804.05
16784.04
16749.24
16591.77
16471.71
16284.66
16124.58
15874.89
16187.22
15892.29
15598.23
15028.38
14737.8
13884.33
13626.81
13599.84
13486.74
13375.38
13169.19
13189.2
13280.55
13207.47
12875.13
12766.38
12437.52
12177.39
11755.44
11551.86
11433.54
11227.35
11354.37
11456.16
11417.01
11289.99
10882.83
10489.59
10011.96
9683.1
9413.4
9229.83
9172.41
9178.5
9175.89
9171.54
9060.18
8738.28
8533.83
8273.7
8138.85
7996.17
7894.38
8084.91
8232.81
8204.1
8134.5
8044.89
7790.85
7532.46
7436.76
7262.76
7121.82
6984.36
6984.36
6824.28
6799.92
6692.04
6677.25
6631.14
6660.72
6690.3
6673.77
6620.7
6545.88
6431.04
6279.66
6103.92
6012.57
5894.25
5785.5
5648.91
5593.23
5568.87
5554.95
5512.32
5517.54
5393.13
5137.35
5001.63
4973.79
4828.5
4748.46
4743.24
4640.58
4533.57
4426.56
4371.75
4298.67
4265.61
4236.03
4246.47
4118.58
4038.54
4024.62
3930.66
3961.11
3995.04
4078.56
4036.8
4022.01
3939.36
3895.86
3763.62
3677.49
3647.04
3601.8
3521.76
3458.25
3414.75
3368.64
3303.39
3271.2
3279.9
3243.36
3219.87
3156.36
3080.67
3025.86
2980.62
2916.24
2914.5
2884.92
2846.64
2833.59
2843.16
2790.96
2722.23
2682.21
2599.56
2563.02
2515.17
2522.13
2511.69
2532.57
2515.17
2510.82
2522.13
2480.37
2431.65
2402.07
2372.49
2360.31
2360.31
2346.39
2314.2
2240.25
2219.37
2141.07
2131.5
2109.75
2148.9
2124.54
2122.8
2114.1
2092.35
2065.38
2063.64
2064.51
2033.19
2024.49
2021.01
2007.09
2005.35
2023.62
2020.14
1983.6
1965.33
1940.1
1845.27
1825.26
1802.64
1789.59
1776.54
1787.85
1778.28
1795.68
1814.82
1821.78
1781.76
1766.97
1737.39
1711.29
1694.76
1689.54
1676.49
1703.46
1711.29
1699.98
1702.59
1726.08
1713.03
1703.46
1725.21
1743.48
1743.48
1755.66
1760.01
1759.14
1757.4
1706.07
1670.4
1664.31
1595.58
1566.87
1565.13
1566
1555.56
1568.61
1558.17
1494.66
1494.66
1489.44
1476.39
1452.9
1437.24
1445.07
1451.16
1399.83
1367.64
1351.11
1405.92
1375.47
1399.83
1378.95
1345.02
1196.25
1198.86
1205.82
1228.44
1254.54
1263.24
1289.34
1323.27
1347.63
1354.59
1355.46
1356.33
1347.63
1331.1
1352.85
1380.69
1424.19
1426.8
1468.56
1438.11
1439.85
1445.94
1454.64
1478.13
1509.45
1512.93
1512.93
1490.31
1500.75
1509.45
1581.66
1619.07
1682.58
1687.8
1721.73
1739.13
1758.27
1803.51
1786.98
1859.19
1861.8
1881.81
1867.89
1870.5
1847.88
1825.26
1802.64
1778.28
1760.88
1779.15
1760.01
1728.69
1779.15
1902.69
1926.18
1955.76
2016.66
2116.71
2161.08
2204.58
2253.3
2320.29
2364.66
2375.97
2405.55
2451.66
2425.56
2429.04
2481.24
2563.89
2654.37
2663.94
2726.58
2804.88
2833.59
2801.4
2885.79
2947.56
3013.68
3071.97
3125.91
3146.79
3183.33
3207.69
3242.49
3274.68
3316.44
3356.46
3419.1
3500.88
3610.5
3636.6
3716.64
3806.25
3907.17
3850.62
3913.26
3962.85
3935.01
3961.98
4087.26
4209.93
4204.71
4216.02
4224.72
4256.04
4275.18
4344.78
4362.18
4384.8
4430.91
4454.4
4448.31
4582.29
4653.63
4709.31
4751.94
4887.66
4992.93
5081.67
5134.74
5171.28
5135.61
5118.21
5095.59
5050.35
5157.36
5256.54
5336.58
5475.78
5641.08
5673.27
5722.86
5755.05
5764.62
5819.43
5872.5
6077.82
6078.69
6122.19
6103.92
6143.94
6009.96
6021.27
5993.43
6014.31
6027.36
6085.65
6200.49
6285.75
6409.29
6489.33
6478.02
6450.18
6487.59
6498.03
6504.12
6584.16
6625.05
6605.91
6525.87
6478.89
6388.41
6311.85
6263.13
6346.65
6386.67
6513.69
6475.41
6424.08
6384.93
6311.85
6200.49
6177
6163.08
6156.12
6219.63
6364.05
6372.75
6437.13
6481.5
6500.64
6437.13
6391.02
6438.87
6517.17
6630.27
6918.24
7052.22
7079.19
7088.76
6934.77
6672.9
6585.03
6506.73
6425.82
6529.35
6710.31
6748.59
6744.24
6719.88
6692.04
6474.54
6415.38
6367.53
6367.53
6431.04
6558.06
6647.67
6635.49
6613.74
6522.39
6415.38
6417.12
6521.52
6594.6
6611.13
6652.02
6587.64
6426.69
6332.73
6232.68
6029.97
5849.88
5859.45
5859.45
5866.41
6041.28
6237.03
6354.48
6457.14
6333.6
6102.18
5901.21
5740.26
5632.38
5832.48
6029.1
6156.99
6349.26
6418.86
6336.21
6168.3
6248.34
6331.86
6415.38
6549.36
6852.12
6924.33
6906.06
6923.46
6964.35
6701.61
6633.75
6652.02
6625.92
6775.56
7028.73
7027.86
7080.06
7077.45
6906.93
6699
6677.25
6617.22
6653.76
6881.7
7050.48
7212.3
7261.02
7200.12
7122.69
6960.87
6812.1
6792.96
6865.17
6966.96
7064.4
7150.53
7219.26
7269.72
7370.64
7239.27
7211.43
7282.77
7301.04
7356.72
7606.41
7658.61
7722.99
7790.85
7825.65
7742.13
7771.71
7830
7865.67
7917.87
7998.78
8022.27
7916.13
7860.45
7877.85
7728.21
7646.43
7820.43
7974.42
8105.79
8345.91
8449.44
8392.89
8374.62
8359.83
8315.46
8297.19
8314.59
8316.33
8330.25
8399.85
8528.61
8530.35
8554.71
8529.48
8342.43
8279.79
8270.22
8164.95
8243.25
8394.63
8471.19
8559.06
8530.35
8474.67
8236.29
8174.52
8233.68
8299.8
8592.12
8886.18
9016.68
9028.86
9073.23
9053.22
8853.12
8960.13
8964.48
8879.22
9036.69
9225.48
9253.32
9321.18
9415.14
9344.67
9085.41
9096.72
9179.37
9222
9351.63
9706.59
9950.19
10152.03
10363.44
10432.17
10399.98
10286.01
10083.3
10070.25
9965.85
10049.37
10031.1
9984.99
9973.68
9875.37
9795.33
9808.38
9904.95
9904.95
10045.89
10087.65
10158.99
10214.67
10199.01
10212.93
10202.49
10113.75
10237.29
10280.79
10319.94
10414.77
10567.89
10564.41
10608.78
10451.31
10462.62
10426.08
10314.72
10392.15
10560.06
10798.44
11226.48
11641.47
11971.2
12068.64
12103.44
11976.42
11815.47
11771.97
11941.62
12117.36
12275.7
12618.48
12784.65
12828.15
12793.35
12713.31
12469.71
12294.84
12172.17
12470.58
12668.94
12864.69
12849.03
12891.66
12464.49
12243.51
11954.67
12103.44
12241.77
12378.36
12482.76
12647.19
12521.91
12519.3
12429.69
12324.42
12355.74
12467.1
12599.34
12735.06
13051.74
13132.65
13189.2
13124.82
13082.19
12870.78
13004.76
13027.38
13138.74
13250.97
13501.53
13482.39
13478.04
13391.04
13305.78
13409.31
13528.5
13718.16
14087.91
14386.32
14508.99
14592.51
14585.55
14638.62
14539.44
14247.12
14262.78
14424.6
14475.93
14669.94
14817.84
14995.32
15088.41
15367.68
15450.33
15577.35
15536.46
15400.74
15520.8
15998.43
16672.68
16981.53
17324.31
17614.02
17638.38
17609.67
17826.3
18060.33
18157.77
18314.37
18586.68
18611.91
18872.04
18941.64
18947.73
18660.63
18540.57
18160.38
18049.02
18046.41
17937.66
17748
17677.53
17785.41
17540.07
17520.06
17640.12
17763.66
17741.91
17985.51
17948.97
17729.73
17743.65
17758.44
17423.49
17596.62
17751.48
17762.79
17829.78
17849.79
17634.03
17520.06
17430.45
17279.94
17068.53
17073.75
17272.98
17276.46
17507.88
17746.26
17905.47
17716.68
17697.54
17447.85
17346.93
17427.84
17354.76
17546.16
17766.27
17719.29
17804.55
17720.16
17453.07
17264.28
16762.29
16225.5
16210.71
16433.43
16663.98
16918.02
17152.92
17428.71
17350.41
17255.58
17046.78
17060.7
16969.35
17124.21
17163.36
17274.72
17503.53
17480.91
17516.58
17548.77
17574
17516.58
17620.98
17583.57
17836.74
18104.7
18366.57
18638.88
18932.94
19169.58
18980.79
18696.3
18450.96
18390.93
18176.91
18305.67
18310.02
18397.02
18432.69
18471.84
18227.37
18192.57
18072.51
17993.34
17892.42
17965.5
17954.19
17897.64
17790.63
17868.93
17742.78
17743.65
17817.6
17966.37
18102.96
18300.45
18399.63
18349.17
18390.93
18365.7
18273.48
18217.8
18109.92
17911.56
17777.58
17903.73
17899.38
17786.28
17929.83
17876.76
17628.81
17624.46
17566.17
17474.82
17481.78
17533.98
17411.31
17587.05
17727.12
17915.91
17741.04
17719.29
17579.22
17461.77
17046.78
16776.21
16768.38
16752.72
16820.58
16693.56
16442.13
16440.39
16310.76
16399.5
16536.09
16742.28
16860.6
16822.32
16662.24
16458.66
16310.76
16161.99
16093.26
16101.96
16084.56
16001.91
15999.3
16034.1
16148.07
16269
15958.41
15880.98
15742.65
15640.86
15532.11
15564.3
15569.52
15559.08
15717.42
15707.85
15486
15230.22
15189.33
15358.11
15449.46
15539.94
15480.78
15516.45
15393.78
15298.08
15177.15
15171.06
15068.4
14980.53
15014.46
15094.5
15135.39
15211.08
15281.55
15352.02
15408.57
15651.3
15871.41
16032.36
16086.3
16208.1
16127.19
15928.83
15687.84
15813.12
15829.65
15862.71
16041.06
15953.19
15839.22
15958.41
15965.37
15921
15914.04
15845.31
15622.59
15580.83
15522.54
15669.57
15546.03
15654.78
15929.7
16103.7
16016.7
15879.24
15870.54
15703.5
15606.06
15580.83
15780.06
15869.67
16280.31
16322.07
16475.19
16632.66
16503.9
16235.94
16028.88
15892.29
15910.56
15871.41
15948.84
16521.3
16533.48
16359.48
16099.35
15618.24
15053.61
14869.17
14737.8
14791.74
14861.34
14569.02
14438.52
14477.67
14436.78
14290.62
14376.75
14562.93
14783.04
14925.72
15265.02
15541.68
15551.25
15348.54
14987.49
14612.52
14147.07
13718.16
13575.48
13276.2
13051.74
12980.4
13072.62
13081.32
13024.77
13011.72
12938.64
12836.85
12828.15
12931.68
13069.14
12971.7
12904.71
12755.07
12518.43
12499.29
12671.55
12949.95
13077.84
13351.89
13782.54
14047.02
14214.93
14513.34
14662.98
14550.75
14409.81
14283.66
14088.78
13817.34
13650.3
13433.67
13252.71
13058.7
13040.43
12803.79
12646.32
12697.65
12696.78
12788.13
12798.57
12782.91
12702
12550.62
12512.34
12561.06
12598.47
12476.67
12501.03
12528
12337.47
12252.21
12286.14
12270.48
12126.93
12223.5
12349.65
12461.01
12672.42
12809.01
12896.01
12862.95
12835.11
12811.62
12805.53
12722.88
12608.04
12605.43
12458.4
12294.84
12248.73
12100.83
11832.87
11655.39
11551.86
11400.48
11267.37
11296.95
11272.59
11470.95
11661.48
11704.11
11693.67
11913.78
11985.99
12113.88
12234.81
12350.52
12454.92
12357.48
12488.85
12505.38
12550.62
12604.56
12699.39
12655.02
12801.18
13110.03
13369.29
13677.27
13952.19
14112.27
14219.28
14369.79
14177.52
14174.04
14134.02
14191.44
14215.8
14725.62
14927.46
15338.97
15443.37
15572.13
15372.03
15515.58
15379.86
15668.7
16001.04
16289.01
16377.75
16499.55
16369.92
16123.71
16060.2
15773.97
15888.81
15994.08
16198.53
16293.36
16378.62
16376.88
16500.42
16540.44
16676.16
16919.76
17229.48
17346.93
17674.05
17962.89
18182.13
18339.6
18472.71
18412.68
18317.85
18156.9
18042.93
18043.8
18116.01
18253.47
18583.2
18993.84
19207.86
19326.18
19305.3
19388.82
19497.57
19798.59
20083.08
20202.27
20140.5
20301.45
20170.95
20056.11
20244.03
20392.8
20426.73
20601.6
20631.18
20917.41
21356.76
21788.28
22071.03
22555.62
22752.24
22714.83
22733.97
22893.18
23134.17
23409.09
23515.23
23711.85
23605.71
23586.57
23584.83
23469.99
23659.65
23995.47
24333.03
24825.45
25291.77
25556.25
25775.49
26134.8
26501.94
26869.95
27070.05
27110.07
27130.08
27284.07
27704.28
28460.31
29891.46
30942.42
31983.81
32792.91
33009.54
33094.8
33189.63
33127.86
33264.45
33604.62
34070.94
34698.21
34979.22
35312.43
35432.49
35596.05
36097.17
36647.88
37197.72
37691.01
38613.21
39070.83
39284.85
39745.95
39930.39
39982.59
40244.46
40625.52
41579.04
42643.05
43418.22
43828.86
43894.98
43704.45
43561.77
43486.95
43766.22
44257.77
44654.49
44721.48
44923.32
44845.02
44561.4
44649.27
44874.6
45086.01
45560.16
46107.39
46266.6
46179.6
46596.33
47123.55
47969.19
48959.25
49627.41
49976.28
50403.45
50752.32
51124.68
51877.23
52581.93
53192.67
53297.94
53307.51
53685.09
54373.26
54741.27
55127.55
55784.4
56323.8
56964.12
57835.86
58164.72
58419.63
57754.08
58585.8
58920.75
59808.15
60558.96
61947.48
62059.71
62711.34
62587.8
62577.36
62487.75
62219.79
62364.21
62794.86
63324.69
63658.77
63770.13
63322.95
62594.76
61767.39
61269.75
61479.42
61401.99
61808.28
62599.11
63276.84
63715.32
64440.03
65253.48
65778.09
65948.61
65796.36
65591.91
65494.47
65593.65
65655.42
65774.61
65846.82
66021.69
65823.33
65897.28
66264.42
66782.07
66029.52
66873.42
69234.6
71218.2
72770.28
73895.19
73426.26
72745.92
71145.99
69941.91
69456.45
69436.44
68709.99
68083.59
67856.52
66998.7
66246.15
64987.26
64465.26
63643.98
63293.37
62919.27
63228.12
63112.41
62599.11
61928.34
61401.99
60893.04
60471.96
59830.77
59852.52
58885.95
58760.67
58132.53
58194.3
57613.14
57704.49
57053.73
56847.54
55992.33
55262.4
54716.04
53864.31
53138.73
53108.28
53163.09
53006.49
53269.23
53279.67
52844.67
52420.11
52192.17
51725.85
51067.26
50584.41
49896.24
48633.87
47299.29
45881.19
44799.78
44075.94
47173.14
48285
48537.3
48407.67
47978.76
45901.2
43942.83
42415.98
41297.16
39573.69
37704.93
36452.13
36154.59
35798.76
35354.19
35060.13
34940.94
34525.08
34224.06
33880.41
33581.13
32930.37
32525.82
32023.83
31180.8
30777.12
30437.82
30500.46
30565.71
30543.09
30610.08
30587.46
30265.56
29687.01
28991.01
28176.69
27382.38
26910.84
26521.08
26500.2
26195.7
25872.93
25847.7
25127.34
24835.89
24729.75
24479.19
23878.89
23376.03
23015.85
22447.74
21738.69
21376.77
21198.42
21018.33
20720.79
20467.62
20131.8
