45475.500978294855	750	4.0	1.1823497891980714	450283	1182.3497892	-4.334104093551707
45479.16065284866	2850	4.34032544619563	0.0	1431809	3659.6745538	0.75
45482.14622617226	2850	5.3547521225974215	0.0	1300868	2985.5733236	2.85
45485.726761365906	2850	5.7742169289551715	0.0	1520281	3580.53519364	2.85
45489.821744078115	2850	5.679234216748926	0.0	1472558	4094.98271221	2.85
45492.583805465736	2850	6.917172829129932	0.0	1224260	2762.06138762	2.85
45496.007108115016	2850	7.493870179846116	0.0	1388403	3423.30264928	2.85
45501.01450463912	2850	6.486473655747917	0.0	1638769	5007.3965241	2.85
45505.02539040029	2850	6.475587894576297	0.0	1348011	4010.88576117	2.85
45508.72922035195	2850	6.771757942918626	0.0	1429765	3703.82995166	2.85
45512.05076899317	2850	7.4502093016954785	0.0	1354548	3321.54864122	2.85
45515.98995837472	2850	7.5110199201511465	0.0	1519951	3939.18938154	2.85
45520.573904250465	2850	6.92707404440518	0.0	1422919	4583.94587575	2.85
45524.24316477326	2850	7.257813521617832	0.0	1578343	3669.26052279	2.85
45527.455242022166	2850	8.04573627270934	0.0	1231445	3212.07724891	2.85
45531.48593502158	2850	8.015043273295847	0.0	1471065	4030.69299941	2.85
45535.58542289504	2850	7.915555399832936	0.0	1491626	4099.48787346	2.85
45539.06799921114	2850	8.432979083740648	0.0	1358801	3482.57631609	2.85
45544.262371780234	2850	7.238606514645922	0.0	1537156	5194.37256909	2.85
45547.24294352608	2850	8.258034768794534	0.0	1336050	2980.57174585	2.85
45550.44003376058	2850	9.06094453429576	0.0	1415116	3197.0902345	2.85
45553.84976156462	2850	9.65121673025468	0.0	1468126	3409.72780404	2.85
45557.574873189464	2850	9.926105105413699	0.0	1505760	3725.11162484	2.85
45560.67947094819	2850	10.821507346690966	0.0	1323990	3104.59775872	2.85
45563.745870027196	2850	11.755108267684435	0.0	1383735	3066.39907901	2.85
45566.963249635824	2850	12.537728659062617	0.0	1480464	3217.37960862	2.85
45570.138998593524	2850	13.361979701358914	0.0	1547572	3175.7489577	2.85
45573.0694678896	2850	14.431510405272485	0.0	1141971	2930.46929609	2.85
45578.04960653496	2850	13.451371759918684	0.0	1498470	4980.13864535	2.85
45583.01201702667	2850	12.488961268207786	0.0	1561263	4962.41049171	2.85
45589.68048452687	2850	9.820493768001986	0.0	1341201	6668.46750021	2.85
45594.8189306256	2850	8.682047669275013	0.0	1497683	5138.44609873	2.85
45599.02246944399	2850	8.478508850885392	0.0	1358081	4203.53881839	2.85
45605.22068494118	2850	6.280293353700147	0.0	1587293	6198.21549719	2.85
45610.73262832385	2850	4.7683499710237145	0.0	1492672	5511.94338268	2.85
45617.61016584703	2850	4.0	2.1091875521475085	1439896	6877.53752317	-6.2195064742342865
45621.676374096474	2850	4.0	0.06620824944834384	1139291	4066.20824945	2.5653045273721213
45626.39044341702	2850	4.0	0.714069320541923	1499009	4714.06932054	-0.22049807833026858
45630.136446842436	2850	4.253996574581521	0.0	1427478	3746.00342542	2.85
45633.44051105964	2850	4.949932357381458	0.0	1402287	3304.0642172	2.85
45636.64266741446	2850	5.747776002558221	0.0	1339500	3202.15635482	2.85
45640.64450509796	2850	5.745938319061446	0.0	1527299	4001.8376835	2.85
45643.92251992861	2850	6.4679234884093475	0.0	1343002	3278.01483065	2.85
45647.84984705106	2850	6.540596365962378	0.0	1587250	3927.32712245	2.85
45651.942567115235	2850	6.447876301790844	0.0	1464921	4092.72006417	2.85
45656.73795951659	2850	5.652483900432826	0.0	1483527	4795.39240136	2.85
45659.63803415376	2850	6.752409263267475	0.0	1231456	2900.07463717	2.85
45663.21961721211	2850	7.170826204920512	0.0	1364537	3581.58305835	2.85

