14677.0294684	750	4.0	3.252274383373264	450283	3252.27438337	-13.234779848505035
14683.1391474	2850	4.0	2.1096789893689367	1431809	6109.67898937	-8.321619654286428
14687.6613736	2850	4.0	0.5222262121340927	1300868	4522.22621213	0.6044272878234014
14694.7992721	2850	4.0	3.137898507873133	1520281	7137.89850787	-10.642963583854472
14700.3598745	2850	4.0	1.5606024236226121	1472558	5560.60242362	-3.8605904215772315
14707.2174826	2850	4.0	2.857608038249653	1224260	6857.60803825	-9.437714564473508
14712.8462766	2850	4.0	1.628794082253352	1388403	5628.79408225	-4.153814553689413
14719.3161943	2850	4.0	2.4699177010824322	1638769	6469.91770108	-7.770646114654459
14724.9294059	2850	4.0	1.6132115334072423	1348011	5613.21153341	-4.086809593651141
14733.9570755	2850	4.0	5.027669633146852	1429765	9027.66963315	-18.76897942253146
14743.446133	2850	4.0	5.489057540495376	1354548	9489.0575405	-20.752947424130117
14750.7424995	2850	4.0	3.2963664611374224	1519951	7296.36646114	-11.324375782890916
14760.4596798	2850	4.0	5.717180329000006	1422919	9717.180329	-21.733875414700023
14768.4282154	2850	4.0	3.968535585558014	1578343	7968.53558556	-14.214703017899458
14774.048837	2850	4.0	1.6206215807449917	1231445	5620.62158074	-4.118672797203464
14780.8074235	2850	4.0	2.758586529375885	1471065	6758.58652938	-9.011922076316306
14790.7840587	2850	4.0	5.97663517390127	1491626	9976.6351739	-22.84953124777546
14799.7665426	2850	4.0	4.98248388942314	1358801	8982.48388942	-18.5746807245195
14804.9548477	2850	4.0	1.1883051255741284	1537156	5188.30512557	-2.259712039968752
14810.8551332	2850	4.0	1.9002854582106792	1336050	5900.28545821	-5.321227470305921
14814.9176651	2850	4.0	0.06253194349548358	1415116	4062.5319435	2.581112642969421
14819.9206376	2850	4.0	1.0029725012054778	1468126	5002.97250121	-1.462781755183554
14834.4617432	2850	4.0	10.541105570303255	1505760	14541.1055703	-42.476753952303994
14843.9728126	2850	4.0	5.511069433162616	1323990	9511.06943316	-20.847598562599245
14851.5465971	2850	4.0	3.5737844656717943	1383735	7573.78446567	-12.517273202388715
14857.1212332	2850	4.0	1.5746361071554467	1480464	5574.63610716	-3.9209352607684207
14862.5227488	2850	4.0	1.4015155631184153	1547572	5401.51556312	-3.1765169214091853
14866.2988303	2850	4.223918475445485	0.0	1141971	3776.08152455	2.85
14871.5295803	2850	4.0	1.0068314899047601	1498470	5230.74996535	-1.4793754065904685
14876.4626097	2850	4.0	0.9330294219226926	1561263	4933.02942192	-1.1620265142675774
14881.5728823	2850	4.0	1.1102725971527116	1341201	5110.27259715	-1.9241721677566601
14887.55917	2850	4.0	1.9862876825142775	1497683	5986.28768251	-5.691037034811393
14895.6495301	2850	4.0	4.090360190327413	1358081	8090.36019033	-14.738548818407876
14907.9528584	2850	4.0	8.303328242281367	1587293	12303.3282423	-32.85431144180988
14915.4372584	2850	4.0	3.48439999604548	1492672	7484.39999605	-12.132919982995563
14924.5206768	2850	4.0	5.083418411522642	1439896	9083.41841152	-19.008699169547356
14928.7347131	2850	4.0	0.2140362587672962	1139291	4214.03625877	1.9296440873006264
14934.5241174	2850	4.0	1.7894043180524533	1499009	5789.40431805	-4.844438567625549
14940.948284	2850	4.0	2.4241665875767304	1427478	6424.16658758	-7.5739163265799405
14946.0403816	2850	4.0	1.0920976798772908	1402287	5092.09767988	-1.84602002347235
14953.5956583	2850	4.0	3.5552767027394823	1339500	7555.27670274	-12.437689821779774
14959.8503193	2850	4.0	2.2546609261097994	1527299	6254.66092611	-6.845041982272138
14964.9319761	2850	4.0	1.0816568583586432	1343002	5081.65685836	-1.8011244909421653
14971.8800313	2850	4.0	2.9480552163210176	1587250	6948.05521632	-9.826637430180376
14981.878458	2850	4.0	5.998426686462797	1464921	9998.42668646	-22.943234751790026
14991.423584	2850	4.0	5.54512594912302	1483527	9545.12594912	-20.994041581228984
14997.2149696	2850	4.0	1.7913856039080984	1231456	5791.38560391	-4.852958096804823
15007.6960061	2850	4.0	6.481036551456246	1364537	10481.0365515	-25.018457171261854

