69003.19685974575	750	4.0	2.322935537655054	450283	2322.93553766	-9.238622811916732
69013.7890031064	2850	4.0	6.5921433606558315	1431809	10592.1433607	-27.596216450820073
69022.80128053243	2850	4.0	5.01227742601653	1300868	9012.27742602	-18.702792931871077
69033.94172003557	2850	4.0	7.140439503145273	1520281	11140.4395031	-27.85388986352467
69044.38923990738	2850	4.0	6.4475198718144915	1472558	10447.5198718	-24.87433544880231
69056.90068100061	2850	4.0	8.51144109321809	1224260	12511.4410932	-33.749196700837786
69062.8443294309	2850	4.0	1.9436484302849413	1388403	5943.64843028	-5.507688250225247
69075.45684214483	2850	4.0	8.612512713942596	1638769	12612.5127139	-34.18380466995316
69080.99727201798	2850	4.0	1.540429873146678	1348011	5540.42987315	-3.773848454530715
69087.097936817	2850	4.0	2.1006647990019585	1429765	6100.664799	-6.1828586357084205
69092.6925078738	2850	4.0	1.5945710568112872	1354548	5594.57105681	-4.0066555442885345
69099.11098856894	2850	4.0	2.41848069512438	1519951	6418.48069512	-7.549466989034833
69104.69155801709	2850	4.0	1.5805694481508745	1422919	5580.56944815	-3.94644862704876
69111.0075405951	2850	4.0	2.315982578008061	1578343	6315.98257801	-7.108725085434662
69116.12603207488	2850	4.0	1.1184914797844794	1231445	5118.49147978	-1.959513363073261
69122.90970491052	2850	4.0	2.7836728356295244	1471065	6783.67283563	-9.119793193206954
69133.93475370701	2850	4.0	7.025048796491119	1491626	11025.0487965	-27.35770982491181
69140.95759890483	2850	4.0	3.022845197830831	1358801	7022.84519783	-10.148234350672574
69149.23623149765	2850	4.0	4.27863259280827	1537156	8278.63259281	-15.54812014907556
69156.23878750656	2850	4.0	3.0025560089230576	1336050	7002.55600892	-10.060990838369147
69164.65340579303	2850	4.0	4.414618286458252	1415116	8414.61828646	-16.132858631770482
69172.53566489246	2850	4.0	3.882259099438642	1468126	7882.25909944	-13.843714127586162
69178.8128856827	2850	4.0	2.277220790230409	1505760	6277.22079023	-6.942049397990758
69185.72870319111	2850	4.0	2.9158175084173017	1323990	6915.81750842	-9.688015286194398
69194.17689141505	2850	4.0	4.448188223925994	1383735	8448.18822393	-16.277209362881774
69202.86296020968	2850	4.0	4.686068794642586	1480464	8686.06879464	-17.30009581696312
69217.74028372628	2850	4.0	10.877323516593613	1547572	14877.3235166	-43.92249112135253
69224.52278959058	2850	4.0	2.782505864308783	1141971	6782.50586431	-9.114775216527768
69235.06701015211	2850	4.0	6.544220561533084	1498470	10544.2205615	-25.29014841459226
69248.82725009449	2850	4.0	9.760239942368477	1561263	13760.2399424	-39.11903175218445
69260.14310354176	2850	4.0	7.315853447279651	1341201	11315.8534473	-28.608169823302497
69283.45338768524	2850	4.0	19.31028414348216	1497683	23310.2841435	-80.18422181697329
69302.19111712502	2850	4.0	14.737729439779377	1358081	18737.7294398	-60.52223659105132
69315.22074422493	2850	4.0	9.029627099919637	1587293	13029.6270999	-35.977396529654435
69324.33261394229	2850	4.0	5.111869717337307	1492672	9111.86971734	-19.13103978455042
69333.89053711588	2850	4.0	5.5579231735983505	1439896	9557.9231736	-21.049069646472905
69342.44043090558	2850	4.0	4.549893789714534	1139291	8549.89378971	-16.714543295772494
69353.04553767154	2850	4.0	6.605106765959541	1499009	10605.106766	-25.551959093626024
69363.51017943918	2850	4.0	6.464641767647734	1427478	10464.6417676	-24.947959600885255
69375.54988931851	2850	4.0	8.039709879319814	1402287	12039.7098793	-31.720752481075195
69385.19400642673	2850	4.0	5.644117108209922	1339500	9644.11710821	-21.419703565302665
69393.60413750804	2850	4.0	4.410131081305775	1527299	8410.13108131	-16.113563649614832
69399.032090461	2850	4.0	1.4279529529613537	1343002	5427.95295296	-3.2901976977338205
69405.81932313126	2850	4.0	2.7872326702672745	1587250	6787.23267027	-9.13510048214928
69411.86957908084	2850	4.0	2.0502559495673895	1464921	6050.25594957	-5.9661005831397755
69417.82335115716	2850	4.0	1.953772076324277	1483527	5953.77207632	-5.55121992819439
69422.826844783	2850	4.0	1.0034936258423712	1231456	5003.49362584	-1.4650225911221963
69428.31088570054	2850	4.0	1.4840409175253417	1364537	5484.04091753	-3.531375945358969

