72007.38879955093	750	4.0	3.666539248000215	450283	3666.539248	-15.016118766400924
72017.75108617207	2850	4.0	6.3622866211176206	1431809	10362.2866211	-26.607832470805768
72025.8422259046	2850	4.0	4.091139732540293	1300868	8091.13973254	-14.74190084992326
72034.6566290212	2850	4.0	4.814403116609527	1520281	8814.40311661	-17.851933401420965
72049.51188219455	2850	4.0	10.855253173329928	1472558	14855.2531733	-43.827588645318684
72057.41801930749	2850	4.0	3.906137112925757	1224260	7906.13711293	-13.946389585580755
72074.42899767299	2850	4.0	13.010978365511567	1388403	17010.9783655	-53.097206971699734
72094.84879989122	2850	4.0	16.419802218232192	1638769	20419.8022182	-67.75514953839843
72103.88331273248	2850	4.0	5.034512841255184	1348011	9034.51284126	-18.79840521739729
72110.723412506	2850	4.0	2.8400997735205347	1429765	6840.09977352	-9.3624290261383
72119.32399027664	2850	4.0	4.600577770639131	1354548	8600.57777064	-16.93248441374826
72130.32829978703	2850	4.0	7.004309510397112	1519951	11004.3095104	-27.26853089470758
72150.72576104685	2850	4.0	16.397461259820595	1422919	20397.4612598	-67.65908341722856
72184.41536290586	2850	4.0	29.68960185900724	1578343	33689.601859	-124.81528799373113
72200.01159852298	2850	4.0	11.59623561711166	1231445	15596.2356171	-47.01381315358013
72214.18919866413	2850	4.0	10.177600141151244	1471065	14177.6001412	-40.913680606950344
72226.90333579185	2850	4.0	8.714137127726268	1491626	12714.1371277	-34.62078964922295
72242.95465426228	2850	4.0	12.051318470434175	1358801	16051.3184704	-48.97066942286695
72255.98319989596	2850	4.0	9.028545633667509	1537156	13028.5456337	-35.97274622477028
72265.5987885806	2850	4.0	5.615588684636173	1336050	9615.58868464	-21.297031343935544
72277.17922062654	2850	4.0	7.5804320459296175	1415116	11580.4320459	-29.74585779749735
72287.69260778115	2850	4.0	6.513387154630442	1468126	10513.3871546	-25.157564764910898
72306.2310232439	2850	4.0	14.538415462743014	1505760	18538.4154627	-59.665186489794955
72320.6541678703	2850	4.0	10.423144626403232	1323990	14423.1446264	-41.969521893533894
72331.22322837848	2850	4.0	6.569060508169981	1383735	10569.0605082	-25.396960185130915
72341.03503545858	2850	4.0	5.811807080090548	1480464	9811.80708009	-22.140770444389357
72349.49068513559	2850	4.0	4.455649677002126	1547572	8455.649677	-16.309293611109137
72360.73197117516	2850	4.0	7.241286039570947	1141971	11241.2860396	-28.28752997015507
72371.55303553333	2850	4.0	6.821064358176567	1498470	10821.0643582	-26.480576740159236
72385.09228964327	2850	4.0	9.539254109929454	1561263	13539.2541099	-38.16879267269665
72407.6072003249	2850	4.0	18.514910681619657	1341201	22514.9106816	-76.76411593096452
72418.88311108187	2850	4.0	7.275910756982793	1497683	11275.910757	-28.43641625502601
72425.85466229112	2850	4.0	2.9715512092553618	1358081	6971.55120926	-9.927670199798055
72435.02100212016	2850	4.0	5.166339829049621	1587293	9166.33982905	-19.365261264913368
72445.75273547406	2850	4.0	6.731733353904983	1492672	10731.7333539	-26.096453421791423
72463.2305881872	2850	4.0	13.477852713133805	1439896	17477.8527131	-55.104766666475356
72486.4005945914	2850	4.0	19.170006404185944	1139291	23170.0064042	-79.58102753799956
72511.42002835723	2850	4.0	21.019433765828886	1499009	25019.4337658	-87.5335651930642
72528.3046842518	2850	4.0	12.884655894572894	1427478	16884.6558946	-52.55402034666344
72538.11468134487	2850	4.0	5.809997093067344	1402287	9809.99709307	-22.13298750018958
72552.25242283277	2850	4.0	10.137741487900973	1339500	14137.7414879	-40.74228839797418
72569.07359218522	2850	4.0	12.82116935244785	1527299	16821.1693524	-52.28102821552575
72578.55494029685	2850	4.0	5.481348111636779	1343002	9481.34811164	-20.719796880038146
72590.62885808715	2850	4.0	8.073917790306002	1587250	12073.9177903	-31.867846498315807
72602.53176852125	2850	4.0	7.902910434097361	1464921	11902.9104341	-31.13251486661865
72616.33094532492	2850	4.0	9.799176803681947	1483527	13799.1768037	-39.28646025583237
72632.4560202251	2850	4.0	12.125074900182936	1231456	16125.0749002	-49.28782207078662
72643.910266095	2850	4.0	7.454245869893737	1364537	11454.2458699	-29.203257240543067

