25746.313036483392	750	4.0	4.717391294739914	450283	4717.391294739914	-19.53478256738163
25747.76796661992	300	6.545069863471299	0.0	155580	1454.9301365287008	-0.15000000000000002
25749.01884853603	300	9.294187947363007	0.0	139857	1250.881916108293	0.3
25752.987291532772	750	9.325744950618896	0.0	382355	3968.4429967441124	0.3
25757.773816552028	750	8.539219931364958	0.0	411561	4786.525019253938	0.75
25761.829602613747	750	8.483433869646703	0.0	318564	4055.7860617182564	0.75
25765.40915004304	750	8.903886440351645	0.0	352642	3579.547429295057	0.75
25769.49790694459	750	8.815129538801221	0.0	437162	4088.7569015504255	0.75
25773.054005097216	750	9.259031386180268	0.0	374758	3556.0981526209525	0.75
25776.448252644044	750	9.864783839351125	0.0	362795	3394.2475468291427	0.75
25779.94421593519	750	10.368820548204198	0.0	353220	3495.9632911469266	0.75
25784.31175429572	750	10.001282187674128	0.0	405134	4367.538360530069	0.75
25788.322392713235	750	9.990643770157137	0.0	386351	4010.6384175169937	0.75
25792.850878920606	750	9.46215756278468	0.0	434409	4528.486207372454	0.75
25797.78409180291	750	8.528944680480839	0.0	337059	4933.212882303842	0.75
25804.854197883007	750	5.458838600384188	0.0	366214	7070.106080096652	0.75
25807.165042998073	300	7.147993485317081	0.0	143509	2310.8451150671067	-0.15000000000000002
25809.802031721825	300	8.511004761563786	0.0	150616	2636.9887237532953	0.3
25812.540882345475	300	9.772154137916418	0.0	165384	2738.8506236473686	0.3
25814.230709097435	300	12.082327385957964	0.0	140881	1689.8267519584556	0.3
25816.570736108693	300	13.742300374698083	0.0	157671	2340.02701125988	0.3
25818.232798676927	300	16.080237806464584	0.0	157812	1662.0625682334974	0.3
25819.66868997535	300	18.644346508041526	0.0	163927	1435.8912984230597	0.3
25822.57328881726	750	19.739747666133297	0.0	343800	2904.5988419082273	0.3
25825.74247145398	750	20.570565029412386	0.0	359903	3169.1826367209133	0.75
25829.070790973074	750	21.24224551031796	0.0	379700	3328.3195190944257	0.75
25834.35038833127	750	19.962648152123137	0.0	425781	5279.597358194825	0.75
25836.91292572194	750	21.400110761451188	0.0	277716	2562.5373906719483	0.75
25840.199054128105	750	22.11398235528658	0.0	400396	3286.1284061646074	0.75
25844.205992903324	750	22.10704358006287	0.0	400508	4006.9387752237085	0.75
25848.762904298947	750	21.5501321844421	0.0	358218	4556.911395620774	0.75
25851.879118245797	750	22.433918237591563	0.0	400322	3116.213946850536	0.75
25857.082767944714	1200	21.23026853867422	0.0	584349	5203.649698917344	0.75
25863.730312114054	1200	18.582724369332137	0.0	670129	6647.5441693420835	1.2
25869.58876530062	1200	16.724271182762465	0.0	690253	5858.453186569669	1.2
25875.28924598418	1200	15.023790499205148	0.0	598727	5700.480683557318	1.2
25880.5438029638	1200	13.76923351958177	0.0	487812	5254.55697962338	1.2
25889.09617372241	1200	9.216862760974482	0.0	575591	8552.370758607287	1.2
25893.109207893172	750	9.203828590209877	0.0	378327	4013.0341707646035	0.3
25896.310042490288	750	10.002993993096384	0.0	390680	3200.834597113494	0.75
25899.20893622301	750	11.104100260372501	0.0	345516	2898.893732723884	0.75
25902.89818760068	750	11.414848882702646	0.0	384505	3689.251377669854	0.75
25906.69030524771	750	11.62273123567388	0.0	372093	3792.117647028767	0.75
25910.67238828963	750	11.640648193753472	0.0	438281	3982.0830419204085	0.75
25914.32531008451	750	11.98772639887416	0.0	398987	3652.921794879311	0.75
25920.264333795098	1200	10.048702688288005	0.0	638661	5939.023710586155	0.75
25925.426992383822	1200	8.886044099560932	0.0	538612	5162.658588727074	1.2
25931.78274526003	1200	6.530291223352107	0.0	550906	6355.752876208825	1.2

