43989.73741190321	750	4.0	3.704434403261277	450283	3704.43440326	-15.17906793402349
43997.55121353716	2850	4.0	3.8138016339535934	1431809	7813.80163395	-15.649347026000452
44005.54923123991	2850	4.0	3.998017702746649	1300868	7998.01770275	-14.341476121810588
44013.97638970933	2850	4.0	4.427158469426005	1520281	8427.15846943	-16.18678141853182
44021.63949997551	2850	4.0	3.663110266177052	1472558	7663.11026618	-12.901374144561323
44027.01338222883	2850	4.0	1.3738822533268504	1224260	5373.88225333	-3.0576936893054563
44032.620356739775	2850	4.0	1.6069745109379128	1388403	5606.97451094	-4.059990397033024
44039.061328008	2850	4.0	2.440971268223774	1638769	6440.97126822	-7.646176453362228
44044.10177611019	2850	4.0	1.040448102188204	1348011	5040.44810219	-1.6239268394092767
44049.197272453704	2850	4.0	1.0954963435158915	1429765	5095.49634352	-1.8606342771183333
44055.575913590474	2850	4.0	2.378641136773369	1354548	6378.64113677	-7.378156888125487
44064.04713756119	2850	4.0	4.471223970712803	1519951	8471.22397071	-16.37626307406505
44071.75269177349	2850	4.0	3.705554212303793	1422919	7705.5542123	-13.08388311290631
44080.80971978822	2850	4.0	5.057028014736615	1578343	9057.02801474	-18.895220463367444
44087.24166634219	2850	4.0	2.4319465539691865	1231445	6431.94655397	-7.607370182067502
44094.42265759603	2850	4.0	3.180991253839845	1471065	7180.99125384	-10.828262391511332
44102.30409960485	2850	4.0	3.8814420088228716	1491626	7881.44200882	-13.840200637938347
44109.36925645366	2850	4.0	3.065156848812051	1358801	7065.15684881	-10.33017444989182
44114.746390282366	2850	4.0	1.3771338286965147	1537156	5377.1338287	-3.0716754633950125
44119.084372948295	2850	4.0	0.33798266593300924	1336050	4337.98266593	1.3966745364880604
44124.38281017112	2850	4.0	1.2984372228253978	1415116	5298.43722283	-2.73328005814921
44129.56710706876	2850	4.0	1.184296897639403	1468126	5184.29689764	-2.2424766598494332
44136.41775418442	2850	4.0	2.850647115657908	1505760	6850.64711566	-9.407782597329005
44140.93428322801	2850	4.0	0.5165290435952856	1323990	4516.5290436	0.628925112540272
44148.91554879173	2850	4.0	3.9812655637177095	1383735	7981.26556372	-14.269441923986152
44156.948206918176	2850	4.0	4.032658126445829	1480464	8032.65812645	-14.490429943717066
44165.66679615262	2850	4.0	4.7185892344478875	1547572	8718.58923445	-17.439933708125913
44177.01265037882	2850	4.0	7.345854226202287	1141971	11345.8542262	-28.73717317266983
44192.1819413112	2850	4.0	11.169290932380607	1498470	15169.2909324	-45.17795100923661
44212.83788287883	2850	4.0	16.65594156763083	1561263	20655.9415676	-68.77054874081257
44227.067963600675	2850	4.0	10.230080721840745	1341201	14230.0807218	-41.1393471039152
44241.499794721916	2850	4.0	10.431831121243626	1497683	14431.8311212	-42.00687382134759
44256.39714098499	2850	4.0	10.89734626306987	1358081	14897.3462631	-44.00858893120044
44269.628808266534	2850	4.0	9.231667281542288	1587293	13231.6672815	-36.846169310631836
44282.44094478625	2850	4.0	8.812136519711775	1492672	12812.1365197	-35.04218703476063
44291.46041609872	2850	4.0	5.019471312469264	1439896	9019.47131247	-18.733726643617832
44297.87694612463	2850	4.0	2.416530025910155	1139291	6416.53002591	-7.5410791114136675
44307.1243165654	2850	4.0	5.247370440773964	1499009	9247.37044077	-19.713692895328045
44314.738329624	2850	4.0	3.614013058594629	1427478	7614.01305859	-12.690256151956905
44320.938151071576	2850	4.0	2.199821447583955	1402287	6199.82144758	-6.609232224611006
44326.70992485349	2850	4.0	1.771773781909278	1339500	5771.77378191	-4.768627262209895
44332.63057181229	2850	4.0	1.9206469588012378	1527299	5920.6469588	-5.408781922845323
44338.096821830324	2850	4.0	1.46625001804147	1343002	5466.25001804	-3.4548750775783206
44343.48700735295	2850	4.0	1.3901855226333137	1587250	5390.18552263	-3.1277977473232483
44350.02918934441	2850	4.0	2.542181991453692	1464921	6542.18199145	-8.081382563250875
44358.128523098836	2850	4.0	4.099333754430733	1483527	8099.33375443	-14.777135144052151
44364.216022738	2850	4.0	2.087499639167518	1231456	6087.49963917	-6.126248448420327
44371.23881275077	2850	4.0	3.0227900127677003	1364537	7022.79001277	-10.147997054901111

