555.6631240562793	750	4.0	2.1451274043719923	450283	2145.1274043719923	-8.474047838799567
557.6826011292054	750	5.9805229270739275	0.0	398865	2019.477072926073	0.75
565.9817727941424	1200	4.0	2.31864873786311	571051	8299.171664937037	-9.220189572811373
567.3392792830147	300	6.642493511127788	0.0	155432	1357.5064888722118	-0.6000000000000001
568.7147334443007	300	9.267039349841824	0.0	163442	1375.4541612859641	0.3
569.8133158099022	300	12.168456984240391	0.0	126289	1098.5823656014322	0.3
571.1681524247806	300	14.813620369361852	0.0	153295	1354.8366148785387	0.3
572.5219839304478	300	17.45978886369466	0.0	173849	1353.8315056671931	0.3
577.8603249356042	1200	16.121447858538307	0.0	584846	5338.341005156352	0.29999999999999993
582.5424774173307	1200	15.439295376811772	0.0	560821	4682.152481726534	1.2
587.8819730034999	1200	14.09979979064255	0.0	607410	5339.495586169223	1.2
593.3747799243332	1200	12.606992869809194	0.0	594078	5492.806920833356	1.2
601.0609309446636	1200	8.920841849478846	0.0	624282	7686.151020330349	1.2
604.9839724718655	750	8.997800322276957	0.0	434409	3923.0415272018895	0.3
607.7987338032244	750	10.183038990918016	0.0	337059	2814.76133135894	0.75
610.4921005789766	750	11.489672215165694	0.0	366214	2693.366775752322	0.75
613.4010721397136	750	12.580700654428858	0.0	360831	2908.971560736836	0.75
616.3411790450613	750	13.640593749081184	0.0	372963	2940.1069053476754	0.75
619.5246114034101	750	14.457161390732345	0.0	405596	3183.4323583488385	0.75
624.2925428564708	1200	13.689229937671586	0.0	586839	4767.93145306076	0.75
629.1510275098434	1200	12.830745284299065	0.0	601738	4858.48465337252	1.2
634.0289594032669	1200	11.95281339087546	0.0	616206	4877.9318934236035	1.2
640.4490848751242	1200	9.532687919018251	0.0	656471	6420.12547185721	1.2
645.7861674788431	1200	8.195605315299254	0.0	536667	5337.082603718998	1.2
649.8142232175677	1200	8.167549576574764	0.0	587236	4028.0557387244903	1.2
654.0971676478181	1200	7.8846051463243	0.0	590335	4282.9444302504635	1.2
659.1364516334237	1200	6.845321160718733	0.0	696376	5039.283985605567	1.2
663.0873598241162	1200	6.894412970026137	0.0	487160	3950.9081906925967	1.2
667.7765993612312	1200	6.2051734329112	0.0	622896	4689.239537114937	1.2
673.3856009407407	1200	4.5961718534017	0.0	641447	5609.0015795095	1.2
676.3450101586079	750	5.6367626355343905	0.0	358218	2959.4092178673086	0.3
680.6855211137029	750	5.296251680439479	0.0	400322	4340.510955094912	0.75
685.4315447301618	750	4.55022806398063	0.0	369834	4746.023616458849	0.75
687.3939775037094	300	6.5877952904330765	0.0	163444	1962.4327735475538	-0.15000000000000002
689.6204188886229	300	8.361353905519584	0.0	179328	2226.4413849134944	0.3
691.4979744321124	300	10.483798362030036	0.0	159914	1877.5555434895475	0.3
692.9503361004216	300	13.03143669372089	0.0	131610	1452.3616683091466	0.3
694.2669204023987	300	15.714852391743822	0.0	124011	1316.5843019770696	0.3
697.9460664224066	750	16.035706371735895	0.0	378327	3679.146020007925	0.3
702.2424770150711	750	15.739295779071375	0.0	390680	4296.410592664521	0.75
706.4414856606785	750	15.540287133463947	0.0	345516	4199.008645607428	0.75
711.7993288301014	750	14.182443964040976	0.0	384505	5357.84316942297	0.75
717.4476420992987	750	12.53413069484362	0.0	372093	5648.313269197357	0.75
731.4373594703655	750	4.0	1.45558667622318	438281	13989.7173710668	-5.509022707759674
737.6953866258726	300	4.0	2.2580271555070324	167025	6258.027155507032	-9.859516768680237
743.1540134872664	300	4.0	1.4586268613938083	160064	5458.626861393808	-5.972095503993375
746.7745748720637	300	4.379438615202688	0.0	137507	3620.561384797312	0.3
750.3951155446506	300	4.758897942615811	0.0	118421	3620.540672586877	0.3

