63936.71671830653	750	4.0	2.943433872988283	450283	2943.43387299	-11.906765653849618
63943.77642913117	2850	4.0	3.059710824632658	1431809	7059.71082463	-12.406756545920429
63950.17886863392	2850	4.0	2.402439502751199	1300868	6402.43950275	-7.480489861830156
63956.71592935211	2850	4.0	2.5370607181906872	1520281	6537.06071819	-8.059361088219955
63962.984774219105	2850	4.0	2.2688448669893133	1472558	6268.84486699	-6.906032928054048
63968.529212577785	2850	4.0	1.5444383586766717	1224260	5544.43835868	-3.791084942309688
63975.67799984391	2850	4.0	3.148787266129945	1388403	7148.78726613	-10.689785244358765
63985.970710241534	2850	4.0	6.292710397626592	1638769	10292.7103976	-24.20865470979434
63991.6593743679	2850	4.0	1.6886641263632636	1348011	5688.66412636	-4.411255743362034
63997.82090054943	2850	4.0	2.1615261815235134	1429765	6161.52618152	-6.444562580551107
64003.60575323794	2850	4.0	1.784852688515819	1354548	5784.85268852	-4.824866560618021
64010.06965806855	2850	4.0	2.4639048306036613	1519951	6463.9048306	-7.744790771595744
64016.6906301867	2850	4.0	2.620972118155476	1422919	6620.97211816	-8.420180108068548
64024.28476209197	2850	4.0	3.5941319052694563	1578343	7594.13190527	-12.604767192658661
64030.90211851644	2850	4.0	2.6173564244653824	1231445	6617.35642447	-8.404632625201144
64041.79834746998	2850	4.0	6.8962289535403345	1471065	10896.2289535	-26.803784500223436
64055.46408271853	2850	4.0	9.665735248553824	1491626	13665.7352486	-38.71266156878144
64068.26379825151	2850	4.0	8.799715532984404	1358801	12799.715533	-34.98877679183293
64095.89896696033	2850	4.0	23.63516870882448	1537156	27635.1687088	-98.78122544794526
64110.70466567439	2850	4.0	10.805698714054184	1336050	14805.6987141	-43.61450447043299
64130.01151819579	2850	4.0	15.306852521397916	1415116	19306.8525214	-62.96946584201104
64147.21508972735	2850	4.0	13.203571531564998	1468126	17203.5715316	-53.925357585729486
64155.03103946573	2850	4.0	3.8159497383757555	1505760	7815.94973838	-13.558583875015747
64162.68961634728	2850	4.0	3.6585768815518214	1323990	7658.57688155	-12.881880590672832
64170.62259418126	2850	4.0	3.9329778339884167	1383735	7932.97783399	-14.061804686150191
64180.237214358145	2850	4.0	5.614620176879753	1480464	9614.62017688	-21.292866760582935
64188.247763619846	2850	4.0	4.010549261706871	1547572	8010.54926171	-14.395361825339547
64193.13184214245	2850	4.0	0.8840785226005364	1141971	4884.0785226	-0.9515376471823065
64199.62591373774	2850	4.0	2.494071595295822	1498470	6494.0715953	-7.874507859772034
64207.09453509474	2850	4.0	3.4686213569957647	1561263	7468.621357	-12.065071835081788
64213.28341169587	2850	4.0	2.1888766011320997	1341201	6188.87660113	-6.562169384868028
64219.43223538913	2850	4.0	2.148823693271275	1497683	6148.82369327	-6.389941881066484
64224.920225547685	2850	4.0	1.4879901585506004	1358081	5487.99015855	-3.548357681767581
64231.74752154924	2850	4.0	2.8272960015530764	1587293	6827.29600155	-9.307372806678229
64239.2722596285	2850	4.0	3.5247380792618497	1492672	7524.73807926	-12.306373740825954
64246.73100157582	2850	4.0	3.4587419473144063	1439896	7458.74194731	-12.022590373451948
64252.22412491297	2850	4.0	1.4931233371491943	1139291	5493.12333715	-3.570430349741535
64258.521291086625	2850	4.0	2.297166173654201	1499009	6297.16617365	-7.027814546713065
64264.76191870966	2850	4.0	2.2406276230391224	1427478	6240.62762304	-6.784698779068226
64270.709518369265	2850	4.0	1.9475996596074165	1402287	5947.59965961	-5.524678536311891
64278.54093836984	2850	4.0	3.8314200005760557	1339500	7831.42000058	-13.625106002477038
64287.50168511229	2850	4.0	4.960746742452184	1527299	8960.74674245	-18.481210992544387
64293.29088912395	2850	4.0	1.7892040116585703	1343002	5789.20401166	-4.843577250131853
64300.089338434234	2850	4.0	2.7984493102872356	1587250	6798.44931029	-9.183332034235113
64306.27628913649	2850	4.0	2.186950702260706	1464921	6186.95070226	-6.553888019721036
64312.83313753028	2850	4.0	2.5568483937939974	1483527	6556.84839379	-8.144448093314189
64318.74019973674	2850	4.0	1.9070622064628897	1231456	5907.06220646	-5.350367487790425
64325.301011215655	2850	4.0	2.560811478910363	1364537	6560.81147891	-8.161489359314562

