9848.74527673135	750	4.0	1.7227784527213061	450283	1722.7784527213062	-6.657947346701616
9851.603601557981	1200	5.141675173368664	0.0	611087	2858.3248266313362	0.75
9853.831275332865	1200	6.914001398485716	0.0	571051	2227.673774882948	1.2
9856.008493806248	1200	8.736782925102322	0.0	617681	2177.218473383394	1.2
9858.625599846031	1200	10.119676885320033	0.0	652874	2617.1060397822894	1.2
9860.982795738752	1200	11.762480992599599	0.0	520315	2357.1958927204328	1.2
9864.156625077172	1200	12.588651654179598	0.0	561791	3173.829338420003	1.2
9870.383616846966	1850	10.361659884384826	0.0	1060487	6226.99176979477	1.2000000000000002
9874.713494308884	1850	10.031782422467598	0.0	852833	4329.877461917227	1.85
9879.994827561744	1850	8.750449169606892	0.0	913888	5281.333252860706	1.85
9883.881927555592	1200	8.863349175758296	0.0	607410	3887.0999938485957	0.5499999999999999
9887.427176564355	1200	9.318100166996834	0.0	594078	3545.249008761463	1.2
9892.082324363419	1200	8.662952367932558	0.0	624282	4655.147799064275	1.2
9896.600199515848	1200	8.145077215503544	0.0	687371	4517.875152429014	1.2
9900.641890774643	1200	8.103385956708685	0.0	526950	4041.6912587948586	1.2
9905.329093059747	1200	7.416183671605821	0.0	587876	4687.202285102865	1.2
9910.57826769363	1200	6.167009037720087	0.0	617242	5249.174633885734	1.2
9915.504867429607	1200	5.240409301744166	0.0	581493	4926.59973597592	1.2
9920.132148745557	750	4.6131279857927225	0.0	405596	4627.2813159514435	0.3
9925.01150627774	750	4.0	0.26622954639052476	350713	4879.357532183248	-0.39478704947925647
9929.154217398773	300	4.0	0.1427111210324456	157671	4142.711121032446	-0.763657820439516
9932.039509591072	300	5.114707807700939	0.0	157812	2885.2921922990613	0.3
9934.349231867762	300	6.8049855310104155	0.0	163927	2309.722276690523	0.3
9937.18857457651	300	7.965642822261869	0.0	137654	2839.3427087485475	0.3
9940.07203996008	300	9.082177438693366	0.0	146754	2883.4653835685017	0.3
9942.867498345153	300	10.28671905361918	0.0	153938	2795.4583850741874	0.3
9945.205338246422	300	11.948879152349788	0.0	181901	2337.839901269392	0.3
9946.057966658784	300	15.096250739988497	0.0	111155	852.6284123612907	0.3
9947.328575905018	300	17.82564149375511	0.0	153605	1270.609246233386	0.3
9948.306616494043	300	20.847600904728957	0.0	149029	978.0405890261519	0.3
9950.34048418432	750	22.813733214450075	0.0	358218	2033.86769027888	0.3
9953.143613941747	750	24.010603457022746	0.0	400322	2803.1297574273317	0.75
9956.870005678647	1200	24.28421172012154	0.0	584349	3726.3917369012065	0.75
9960.653272185691	1200	24.500945213079813	0.0	670129	3783.266507041728	1.2
9966.180211860898	1200	22.97400553787363	0.0	690253	5526.939675206185	1.2
9969.94466657768	1200	23.20955082109012	0.0	598727	3764.4547167835112	1.2
9975.148495779216	1850	22.005721619553697	0.0	728962	5203.8292015364195	1.2000000000000002
9979.366054547269	1850	21.788162851500893	0.0	938587	4217.558768052806	1.85
9983.465429863318	1850	21.688787535452438	0.0	908665	4099.3753160484575	1.85
9986.976990409177	1850	22.177226989592498	0.0	930577	3511.560545859939	1.85
9990.79537620969	1850	22.358841189080476	0.0	858450	3818.3858005120246	1.85
9997.369962353012	1850	19.784255045758073	0.0	1025005	6574.586143322404	1.85
10002.66699298292	1850	18.487224415849088	0.0	886255	5297.030629908986	1.85
10009.436630184799	1850	15.71758721396916	0.0	973972	6769.637201879926	1.85
10026.829212333625	1850	4.0	1.6749949348570263	958994	17392.582148826186	-5.352478219885214
10031.125024861163	300	4.0	0.2958125275365137	160064	4295.812527536514	-2.5219938684070087
10035.144972371745	300	4.0	0.019947510582474026	137507	4019.947510582474	0.21422570449536169
10037.461572280905	300	5.683400090841247	0.0	118421	2316.5999091587523	0.3

