24062.43430057031	750	4.0	5.84241140162946	450283	5842.41140162946	-24.372369027006677
24064.16758131604	300	6.266719254268797	0.0	155580	1733.2807457312028	-0.15000000000000002
24065.368869385118	300	9.065431185188647	0.0	139857	1201.2880690801505	0.3
24066.670083359906	300	11.76421721040178	0.0	155432	1301.2139747868682	0.3
24068.010151536793	300	14.424149033514515	0.0	163442	1340.0681768872635	0.3
24070.37560242199	750	16.058698148316054	0.0	318564	2365.450885198462	0.3
24072.75997594123	750	17.674324629076867	0.0	352642	2384.3735192391878	0.75
24077.439194795	1200	16.99510577530887	0.0	709534	4679.218853767996	0.75
24080.888581472413	1200	17.54571909789303	0.0	584846	3449.386677415839	1.2
24084.467121316065	1200	17.967179254238893	0.0	560821	3578.5398436541386	1.2
24088.173967797018	1200	18.260332773285942	0.0	607410	3706.8464809529505	1.2
24091.3638288788	1200	19.070471691508722	0.0	594078	3189.8610817772205	1.2
24101.23079501313	1850	13.20350555717632	0.0	946851	9866.966134332404	1.2000000000000002
24111.09922721763	1200	7.335073352675092	0.0	687371	9868.432204501227	0.5499999999999999
24117.620700773936	750	4.813599796367152	0.0	337059	6521.47355630794	0.3
24119.277041554607	300	7.157259015694157	0.0	138313	1656.3407806729945	-0.15000000000000002
24120.819811390047	300	9.614489180255179	0.0	143509	1542.769835438977	0.3
24122.241038260036	300	12.193262310265577	0.0	150616	1421.2268699896008	0.3
24123.677768648497	300	14.756531921803619	0.0	165384	1436.73038846196	0.3
24125.179785382556	300	17.254515187746648	0.0	140881	1502.0167340569697	0.3
24129.440568383285	750	16.993732187016988	0.0	386472	4260.783000729661	0.3
24133.32483077215	750	17.109469798149412	0.0	399894	3884.262388867573	0.75
24136.483182929198	750	17.9511176411016	0.0	401853	3158.3521570478133	0.75
24138.739736379564	750	19.694564190738756	0.0	343800	2256.553450362844	0.75
24140.96699583849	750	21.467304731812128	0.0	359903	2227.259458926625	0.75
24144.500232726234	1200	21.934067844066732	0.0	590335	3533.2368877453955	0.75
24149.2581377317	1200	21.176162838599424	0.0	696376	4757.90500546731	1.2
24151.608326987298	1200	22.82597358300461	0.0	487160	2350.1892555948125	1.2
24158.01276553244	1850	20.421535037862125	0.0	972798	6404.438545142487	1.2000000000000002
24165.191471589278	1850	17.242828981022434	0.0	975811	7178.706056839693	1.85
24171.626494089618	1850	14.807806480681558	0.0	873429	6435.022500340876	1.85
24179.700318755757	1850	10.733981814541112	0.0	954453	8073.8246661404455	1.85
24185.417160120174	1850	9.017140450124062	0.0	885062	5716.84136441705	1.85
24190.43726030032	1200	7.99704026997702	0.0	670129	5020.100180147041	0.5499999999999999
24193.014918081233	750	9.419382489063475	0.0	401088	2577.6577809135456	0.3
24195.185643425764	750	11.24865714453073	0.0	365161	2170.7253445327437	0.75
24199.133241759984	1200	11.301058810307804	0.0	487812	3947.5983342229265	0.75
24204.864085129913	1200	9.570215440378874	0.0	575591	5730.84336992893	1.2
24211.39773908916	1200	7.03656148113031	0.0	605884	6533.653959248564	1.2
24213.79964550047	750	8.634655069820049	0.0	390680	2401.906411310262	0.3
24215.828358899482	750	10.60594167080858	0.0	345516	2028.713399011469	0.75
24218.10245137436	750	12.331849195926253	0.0	384505	2274.0924748823254	0.75
24220.40269601904	750	14.031604551250796	0.0	372093	2300.244644675459	0.75
24223.880377007536	1200	14.553923562752221	0.0	634861	3477.6809884985746	0.75
24227.691491460027	1200	14.742809110260957	0.0	630203	3811.114452491263	1.2
24235.064900440888	1850	11.369400129402553	0.0	982064	7373.408980858405	1.2000000000000002
24248.575037121624	1850	4.0	2.140736551334814	830730	13510.136680737367	-7.355167170739701
24250.686447869713	300	5.8885892519091305	0.0	118421	2111.4107480908697	-1.25

