20494.1138149	750	4.0	0.9321555281170851	450283	932.155528117	-3.2582687709034657
20496.6036396	2850	5.5101752597518345	0.0	1431809	2489.82474025	0.75
20498.9391319	2850	7.174682922954799	0.0	1300868	2335.4923368	2.85
20501.5534621	2850	8.560352794220595	0.0	1520281	2614.33012873	2.85
20504.1365559	2850	9.977259004772097	0.0	1472558	2583.09378945	2.85
20506.6770596	2850	11.43675522978774	0.0	1224260	2540.50377498	2.85
20509.7259527	2850	12.387862144591852	0.0	1388403	3048.8930852	2.85
20513.3090443	2850	12.804770599024073	0.0	1638769	3583.09154557	2.85
20516.366722	2850	13.747092839343004	0.0	1348011	3057.67775968	2.85
20519.3342163	2850	14.77959858866996	0.0	1429765	2967.49425067	2.85
20521.8118951	2850	16.30191977328947	0.0	1354548	2477.67881538	2.85
20524.6100958	2850	17.503719049670035	0.0	1519951	2798.20072362	2.85
20527.3094032	2850	18.804411634552483	0.0	1422919	2699.30741512	2.85
20530.3548276	2850	19.758987224098497	0.0	1578343	3045.42441045	2.85
20532.8118778	2850	21.30193709336444	0.0	1231445	2457.05013073	2.85
20536.2237766	2850	21.89003822849995	0.0	1471065	3411.89886486	2.85
20539.0073125	2850	23.106502368906355	0.0	1491626	2783.53585959	2.85
20541.4187095	2850	24.69510538338101	0.0	1358801	2411.39698553	2.85
20544.3763311	2850	25.737483769051494	0.0	1537156	2957.62161433	2.85
20546.8439312	2850	27.269883712828072	0.0	1336050	2467.60005622	2.85
20549.4632659	2850	28.650548947681063	0.0	1415116	2619.33476515	2.85
20552.2383166	2850	29.875498240636585	0.0	1468126	2775.05070704	2.85
20554.9781532	2850	31.135661715510025	0.0	1505760	2739.83652513	2.85
20557.3682328	2850	32.745582049766625	0.0	1323990	2390.07966574	2.85
20559.9546705	2850	34.15914434066601	0.0	1383735	2586.4377091	2.85
20562.7680058	2850	35.34580908260818	0.0	1480464	2813.33525806	2.85
20565.5279679	2850	36.58584701165576	0.0	1547572	2759.96207095	2.85
20567.5295394	2850	38.584275454126285	0.0	1141971	2001.57155753	2.85
20570.4063257	2850	39.707489184839645	0.0	1498470	2876.78626929	2.85
20573.5108738	2850	40.60294111783612	0.0	1561263	3104.548067	2.85
20576.1077377	2850	42.006077133812475	0.0	1341201	2596.86398402	2.85
20579.1453292	2850	42.96848570893465	0.0	1497683	3037.59142488	2.85
20581.690055	2850	44.423759824592324	0.0	1358081	2544.72588434	2.85
20584.7378903	2850	45.37592458946384	0.0	1587293	3047.83523513	2.85
20587.7444338	2850	46.369381057290646	0.0	1492672	3006.54353217	2.85
20590.4056344	2850	47.708180501158296	0.0	1439896	2661.20055613	2.85
20592.4837402	2850	49.63007469249721	0.0	1139291	2078.10580866	2.85
20595.2115009	2850	50.902313939929506	0.0	1499009	2727.76075257	2.85
20598.0433256	2850	52.070489264150766	0.0	1427478	2831.82467578	2.85
20600.8179335	2850	53.29588139750081	0.0	1402287	2774.60786665	2.85
20603.1388605	2850	54.97495437746324	0.0	1339500	2320.92702004	2.85
20606.0192892	2850	56.0945256377669	0.0	1527299	2880.4287397	2.85
20608.3585849	2850	57.755229996658265	0.0	1343002	2339.29564111	2.85
20611.1314758	2850	58.982339097857036	0.0	1587250	2772.8908988	2.85
20613.8647562278	2850	59.96560691966319	0.0	1464921	2516.73217819	2.85
20617.20634222189	2850	59.95308809339606	0.0	1483527	3012.518826267123	2.85
20620.235738799205	2850	59.78292341724666	0.0	1231456	2670.1646761494053	2.85
20623.621729406972	2850	59.68454398765026	0.0	1364537	3098.379429596403	2.85

