8737.716430590011	750	4.0	4.236019030700693	450283	4236.019030700693	-17.46488183201298
8738.859139607595	300	6.857290982416554	0.0	155580	1142.7090175834455	-0.15000000000000002
8740.337069675803	300	9.379360914208803	0.0	139857	1477.9300682077526	0.3
8742.03744002589	300	11.678990564121813	0.0	155432	1700.37035008699	0.3
8743.582045502133	300	14.134385087878595	0.0	163442	1544.605476243219	0.3
8745.631438692018	750	16.084991897994126	0.0	318564	2049.393189884467	0.3
8749.192313233789	750	16.524117356222924	0.0	352642	3560.8745417712034	0.75
8755.267768062362	750	14.44866252764875	0.0	437162	6075.454828574172	0.75
8762.57784245621	750	11.138588133801541	0.0	374758	7310.07439384721	0.75
8768.3381340619	750	9.37829652811318	0.0	362795	5760.291605688361	0.75
8770.906614358822	300	10.809816231190867	0.0	141840	2568.4802969223124	-0.15000000000000002
8773.963217388042	300	11.753213201971706	0.0	156148	3056.6030292191613	0.3
8777.067180154912	300	12.649250435100386	0.0	160746	3103.96276687132	0.3
8779.432443174732	300	14.28398741528136	0.0	179801	2365.2630198190272	0.3
8780.578989148014	300	17.13744144199633	0.0	140051	1146.545973285032	0.3
8781.597983665699	300	20.118446924311442	0.0	138313	1018.9945176848853	0.3
8782.587236028094	300	23.129194561916908	0.0	143509	989.2523623945339	0.3
8785.216970723844	750	24.49945986616659	0.0	372963	2629.734695750322	0.3
8787.70109258419	750	26.01533800582325	0.0	405596	2484.1218603433354	0.75
8789.300426312282	750	28.416004277729307	0.0	350713	1599.3337280939436	0.75
8791.942422151938	1200	29.77400843807334	0.0	601738	2641.9958396559628	0.75
8801.849036035454	1850	23.86739455455691	0.0	955231	9906.613883516431	1.2000000000000002
8809.622085700252	1850	20.09434488976044	0.0	968026	7773.049664796474	1.85
8816.151239344952	1200	17.56519124505838	0.0	536667	6529.153644702059	0.5499999999999999
8820.641961223468	1200	17.07446936654292	0.0	587236	4490.72187851546	1.2
8823.31678925298	1200	18.399641337031774	0.0	590335	2674.828029511148	1.2
8826.221238388125	1200	19.495192201887455	0.0	696376	2904.4491351443203	1.2
8828.793829038144	1200	20.922601551867203	0.0	487160	2572.5906500202523	1.2
8832.88758623006	1200	20.82884435995245	0.0	622896	4093.7571919147554	1.2
8838.115658503379	1200	19.600772086633842	0.0	641447	5228.072273318605	1.2
8843.33706649703	1200	18.379364092982755	0.0	570392	5221.407993651085	1.2
8848.413456279288	1200	17.302974310725645	0.0	620283	5076.389782257113	1.2
8854.453944113315	1200	15.262486476698061	0.0	584349	6040.487834027584	1.2
8868.787229460559	1200	4.929201129453722	0.0	670129	14333.285347244338	1.2
8874.128873685693	300	4.0	0.4124430956824508	179328	5341.644225136173	-2.3735053114345384
8879.109268956792	300	4.0	0.9803952710975973	159914	4980.395271097597	-3.915699665719668
8883.644646662682	300	4.0	0.5353777058909281	131610	4535.377705890928	-2.002124135330991
8887.482006847673	300	4.162639815009482	0.0	124011	3837.360184990518	0.3
8892.142620347786	300	4.0	0.4979736851057678	144254	4660.61350011525	-1.8412868459548013
8896.600724082806	300	4.0	0.4581037350176466	149991	4458.103735017647	-1.6698460605758803
8900.955599843446	300	4.0	0.3548757606418267	147968	4354.875760641827	-1.2259657707598546
8905.605894568156	300	4.0	0.6502947247111124	161857	4650.294724711112	-2.496267316257783
8909.779541315946	300	4.0	0.17364674778759853	145210	4173.6467477875985	-0.44668101548667366
8914.81784288519	300	4.0	1.0383015692462505	172312	5038.30156924625	-4.164696747758877
8919.605545201195	300	4.0	0.7877023160041026	167025	4787.702316004103	-3.0871199588176412
8922.986086257282	300	4.619458943913341	0.0	160064	3380.541056086659	0.3
8924.579847616851	300	7.025697584343825	0.0	137507	1593.7613595695166	0.3
8925.564898579905	300	10.040646621291081	0.0	118421	985.0509630527421	0.3

