48231.42025727154	750	4.0	5.558065529459364	450283	5558.06552946	-23.149681776675266
48250.7616524675	2850	4.0	15.341395195966976	1431809	19341.395196	-65.21799934265799
48260.06920935303	2850	4.0	5.307556885521921	1300868	9307.55688552	-19.972494607744256
48270.947357850564	2850	4.0	6.878148497538146	1520281	10878.1484975	-26.726038539414027
48281.99555625234	2850	4.0	7.048198401772525	1472558	11048.1984018	-27.457253127621854
48295.30197565687	2850	4.0	9.306419404529473	1224260	13306.4194045	-37.16760343947673
48305.586536561015	2850	4.0	6.284560904144286	1388403	10284.5609041	-24.173611887820424
48321.61027027929	2850	4.0	12.02373371828406	1638769	16023.7337183	-48.852054988621454
48333.90098483601	2850	4.0	8.29071455671139	1348011	12290.7145567	-32.80007259385897
48352.4693719451	2850	4.0	14.568387109099579	1429765	18568.3871091	-59.79406456912818
48367.532426803875	2850	4.0	11.063054858766387	1354548	15063.0548588	-44.72113589269546
48385.21100264609	2850	4.0	13.678575842215626	1519951	17678.5758422	-55.96787612152718
48398.891609547456	2850	4.0	9.680606901369629	1422919	13680.6069014	-38.776609675889404
48410.54366028999	2850	4.0	7.652050742534055	1578343	11652.0507425	-30.05381819289643
48418.74085589856	2850	4.0	4.197195608562284	1231445	8197.19560856	-15.197941116817821
48428.14946104555	2850	4.0	5.408605146989041	1471065	9408.60514699	-20.407002132052874
48437.416353910514	2850	4.0	5.266892864963982	1491626	9266.89286496	-19.79763931934512
48446.39447762737	2850	4.0	4.978123716860551	1358801	8978.12371686	-18.55593198250037
48458.08840586243	2850	4.0	7.6939282350547185	1537156	11693.9282351	-30.23389141073529
48467.72498535944	2850	4.0	5.6365794970122005	1336050	9636.57949701	-21.38729183715246
48478.51026313274	2850	4.0	6.785277773299824	1415116	10785.2777733	-26.326694425189242
48503.57558757431	2850	4.0	21.06532444157403	1468126	25065.3244416	-87.73089509876833
48517.58448983823	2850	4.0	10.008902263920739	1505760	14008.9022639	-40.18827973485917
48529.34751460683	2850	4.0	7.763024768607691	1323990	11763.0247686	-30.531006505013067
48545.12937149348	2850	4.0	11.781856886644265	1383735	15781.8568866	-47.811984612570335
48562.02196530723	2850	4.0	12.892593813744698	1480464	16892.5938137	-52.5881533991022
48572.93457335004	2850	4.0	6.912608042808146	1547572	10912.6080428	-26.874214584075027
48581.35798782806	2850	4.0	4.423414478024311	1141971	8423.41447802	-16.170682255504534
48593.56027496292	2850	4.0	8.202287134857137	1498470	12202.2871349	-32.41983467988569
48609.01413069602	2850	4.0	11.453855733103026	1561263	15453.8557331	-46.40157965234301
48619.883309317105	2850	4.0	6.869178621082929	1341201	10869.1786211	-26.687468070656593
48634.24950200436	2850	4.0	10.36619268725428	1497683	14366.1926873	-41.7246285551934
48647.40914970896	2850	4.0	9.159647704607615	1358081	13159.6477046	-36.53648512981274
48668.669311189056	2850	4.0	17.26016148009511	1587293	21260.1614801	-71.36869436440898
48685.12649370803	2850	4.0	12.457182518974525	1492672	16457.182519	-50.71588483159046
48699.01327161442	2850	4.0	9.886777906398722	1439896	13886.7779064	-39.6631449975145
48710.8019820578	2850	4.0	7.788710443371982	1139291	11788.7104434	-30.64145490649952
48720.69936005944	2850	4.0	5.897378001645933	1499009	9897.37800165	-22.50872540707751
48730.6749347356	2850	4.0	5.975574676166743	1427478	9975.57467617	-22.844971107516994
48738.91555031749	2850	4.0	4.240615581883678	1402287	8240.61558188	-15.384647002099817
48747.56946225227	2850	4.0	4.653911934783264	1339500	8653.91193478	-17.161821319568034
48758.564055089926	2850	4.0	6.9945928376524735	1527299	10994.5928377	-27.226749201905633
48769.45734899247	2850	4.0	6.893293902542733	1343002	10893.2939025	-26.791163780933747
48779.96062807515	2850	4.0	6.503279082668519	1587250	10503.2790827	-25.11410005547463
48796.56466401754	2850	4.0	12.604035942398728	1464921	16604.0359424	-51.34735455231453
48818.23038688452	2850	4.0	17.665722866971784	1483527	21665.722867	-73.11260832797868
48828.990439155335	2850	4.0	6.760052270813179	1231456	10760.0522708	-26.218224764496668
48841.679686762225	2850	4.0	8.68924760689765	1364537	12689.2476069	-34.513764709659895

