14687.651916506218	750	4.0	4.851455205977005	450283	4851.455205977005	-20.11125738570112
14689.855581385922	300	5.796335120296149	0.0	155580	2203.664879703851	-0.15000000000000002
14692.012447921841	300	7.639468584376665	0.0	139857	2156.8665359194842	0.3
14694.674616192011	300	8.97730031420655	0.0	155432	2662.1682701701147	0.3
14697.117263006365	300	10.534653499851958	0.0	163442	2442.646814354592	0.3
14699.682163718155	300	11.969752788063095	0.0	126289	2564.9007117888623	0.3
14702.955725751457	300	12.69619075475933	0.0	153295	3273.5620333037646	0.3
14705.909853290164	300	13.742063216051369	0.0	173849	2954.127538707962	0.3
14707.247963623555	300	16.403952882659972	0.0	150710	1338.1103333913968	0.3
14708.4741241804	300	19.17779232581396	0.0	139105	1226.160556846011	0.3
14709.526007736362	300	22.125908769853044	0.0	141840	1051.8835559609138	0.3
14713.899035716555	750	21.752880789662303	0.0	405134	4373.027980190744	0.3
14720.215605516638	750	19.43631098957732	0.0	386351	6316.569800084985	0.75
14730.140792840175	750	13.511123666040033	0.0	434409	9925.187323537286	0.75
14734.97277754269	750	12.679138963523354	0.0	337059	4831.98470251668	0.75
14737.260233601117	300	14.391682905098362	0.0	138313	2287.456058424993	-0.15000000000000002
14738.97799164291	300	16.6739248633042	0.0	143509	1717.7580417941583	0.3
14740.555422005415	300	19.09649450079986	0.0	150616	1577.430362504338	0.3
14742.189673955922	300	21.462242550294285	0.0	165384	1634.251950505575	0.3
14745.369280101613	750	22.282636404601394	0.0	350713	3179.606145692891	0.3
14749.687804184705	750	21.96411232151006	0.0	386472	4318.524083091336	0.75
14754.190277210544	750	21.461639295670548	0.0	399894	4502.473025839513	0.75
14757.538913229144	750	22.113003277071712	0.0	401853	3348.636018598834	0.75
14759.527925897999	750	24.123990608217053	0.0	343800	1989.0126688546577	0.75
14762.757816434892	1200	24.8941000713234	0.0	587236	3229.8905368936526	0.75
14768.259819033927	1200	23.392097472288363	0.0	590335	5502.002599035037	1.2
14777.58701761676	1200	18.064898889454952	0.0	696376	9327.198582833411	1.2
14785.645845020419	1200	14.006071485795584	0.0	487160	8058.827403659367	1.2
14792.627338733786	1200	11.024577772428744	0.0	622896	6981.493713366841	1.2
14795.437209222166	750	12.214707284048815	0.0	400508	2809.8704883799296	0.3
14797.510574238751	750	14.14134226746452	0.0	358218	2073.3650165842955	0.75
14799.59525143986	750	16.056665066355418	0.0	400322	2084.6772011090998	0.75
14801.15831156344	750	18.493604942775747	0.0	369834	1563.060123579671	0.75
14807.740466185027	1200	15.911450321187344	0.0	670129	6582.154621588403	0.75
14819.032980230628	1200	8.618936275588357	0.0	690253	11292.514045598986	1.2
14825.024039400421	750	6.627877105795694	0.0	365161	5991.059169792664	0.3
14826.191262428305	300	9.46065407791318	0.0	131610	1167.2230278825139	-0.15000000000000002
14827.234543534407	300	12.417372971809952	0.0	124011	1043.2811061032285	0.3
14828.314992459098	300	15.336924047118577	0.0	144254	1080.4489246913736	0.3
14829.933133958415	300	17.718782547803027	0.0	149991	1618.1414993155495	0.3
14831.68200921103	300	19.969907295187877	0.0	147968	1748.8752526151518	0.3
14837.522358203712	750	18.129558302504716	0.0	384505	5840.348992683159	0.3
14846.313615061445	750	13.338301444772188	0.0	372093	8791.256857732527	0.75
14849.350165805783	300	14.301750700434914	0.0	172312	3036.5507443372744	-0.15000000000000002
14851.63466272756	300	16.017253778658457	0.0	167025	2284.496921776456	0.3
14854.296119803033	300	17.355796703183234	0.0	160064	2661.4570754752244	0.3
14856.37307195495	300	19.27884455126768	0.0	137507	2076.952151915554	0.3
14859.710109171418	750	19.941807334797748	0.0	314107	3337.037216469933	0.3

