11910.312415702672	750	4.0	3.478694088168143	450283	3478.694088168143	-14.208384579123015
11911.517542870391	300	6.794872832282032	0.0	155580	1205.1271677179675	-0.15000000000000002
11913.385871723829	750	8.926543978844713	0.0	350812	1868.3288534373198	0.3
11915.740494690068	750	10.571921012604577	0.0	382355	2354.6229662401374	0.75
11918.205880095082	750	12.1065356075913	0.0	411561	2465.385405013276	0.75
11922.44779052226	1200	11.864625180413423	0.0	520315	4241.910427177879	0.75
11928.11411004487	1200	10.198305657803363	0.0	561791	5666.31952261006	1.2
11938.972055332819	1200	4.0	0.659639630147245	709534	10857.945287950608	-1.6364504096331534
11941.039573350605	300	5.932481982215251	0.0	150710	2067.5180177847496	-0.6000000000000001
11943.88064469314	300	7.0914106396797	0.0	139105	2841.071342535551	0.3
11946.96536317035	300	8.00669216247058	0.0	141840	3084.718477209119	0.3
11949.266561152861	300	9.705494179960693	0.0	156148	2301.1979825098883	0.3
11952.137047358012	300	10.835007974809187	0.0	160746	2870.4862051515065	0.3
11953.62860181325	300	13.343453519569028	0.0	179801	1491.5544552401584	0.3
11954.554140525666	300	16.41791480715228	0.0	140051	925.5387124167494	0.3
11955.450449371812	300	19.521605961007143	0.0	138313	896.3088461451375	0.3
11957.796793351456	750	21.17526198136611	0.0	360831	2346.343979641034	0.3
11961.898063061764	750	21.073992271055655	0.0	372963	4101.269710310449	0.75
11968.032189723619	750	18.9398656092023	0.0	405596	6134.126661853355	0.75
11971.066268506755	750	19.905786826066542	0.0	350713	3034.078783135759	0.75
11974.597108400989	750	20.374946931831218	0.0	386472	3530.8398942353247	0.75
11979.897504008328	750	19.074551324492596	0.0	399894	5300.395607338622	0.75
11983.296631622772	750	19.67542371004836	0.0	401853	3399.1276144442404	0.75
11986.019546970809	750	20.952508362011923	0.0	343800	2722.9153480364357	0.75
11989.1672041367	750	21.804851196121604	0.0	359903	3147.65716589032	0.75
11992.187179017223	750	22.78487631559726	0.0	379700	3019.9748805243435	0.75
11998.816728735914	1200	20.155326596906804	0.0	696376	6629.549718690453	0.75
12003.346916913226	1200	19.625138419594887	0.0	487160	4530.18817731192	1.2
12008.816558698163	1200	18.155496634658288	0.0	622896	5469.641784936599	1.2
12014.962166974203	1200	16.009888358617992	0.0	641447	6145.608276040297	1.2
12019.990744717988	1200	14.98131061483318	0.0	570392	5028.57774378481	1.2
12026.919279103282	1200	12.052776229539662	0.0	620283	6928.534385293518	1.2
12032.926173662336	1200	10.045881670485088	0.0	584349	6006.894559054575	1.2
12040.320503871639	1200	6.651551461183553	0.0	670129	7394.330209301534	1.2
12044.218343720846	750	6.753711611976283	0.0	401088	3897.8398492072706	0.3
12047.751356757963	750	7.2206985748598385	0.0	365161	3533.013037116445	0.75
12051.692852646685	750	7.279202686137331	0.0	321064	3941.495888722507	0.75
12055.013252318764	750	7.9588030140589865	0.0	361565	3320.3996720783443	0.75
12058.226567215896	750	8.745488116927591	0.0	378327	3213.3148971313963	0.75
12062.801284254228	750	8.170771078593976	0.0	390680	4574.717038333615	0.75
12066.581964837826	750	8.390090494998118	0.0	345516	3780.680583595857	0.75
12069.385028155499	750	9.587027177323975	0.0	384505	2803.0633176741426	0.75
12072.169316817864	750	10.802738514956687	0.0	372093	2784.2886623672866	0.75
12075.893075214663	750	11.078980118159581	0.0	438281	3723.758396797106	0.75
12080.40240123563	750	10.56965409719205	0.0	398987	4509.326020967532	0.75
12085.854329492962	750	9.117725839858732	0.0	393804	5451.928257333317	0.75
12088.10048234639	750	10.871572986431929	0.0	331053	2246.152853426803	0.75
12092.860410000234	1200	10.111645332586825	0.0	550906	4759.927653845105	0.75

