15010.018623	750	4.0	2.3226168467032533	450283	2322.6168467	-9.237252440823989
15020.1116092	2850	4.0	6.092986201811796	1431809	10092.9862018	-25.449840667790724
15038.1787106	2850	4.0	14.06710137231075	1300868	18067.1013723	-57.63853590093622
15052.9964558	2850	4.0	10.817745225916454	1520281	14817.7452259	-43.666304471440746
15064.2810521	2850	4.0	7.284596326008844	1472558	11284.596326	-28.47376420183803
15072.3575618	2850	4.0	4.0765096499070985	1224260	8076.50964991	-14.678991494600522
15086.1228251	2850	4.0	9.765263334723079	1388403	13765.2633347	-39.140632339309235
15103.9695255	2850	4.0	13.846700401558282	1638769	17846.7004016	-56.69081172670061
15112.4923901	2850	4.0	4.522864649943131	1348011	8522.86464994	-16.598317994755458
15123.7617649	2850	4.0	7.269374777879811	1429765	11269.3747779	-28.408311544883187
15134.657838	2850	4.0	6.896073126428057	1354548	10896.0731264	-26.80311444364064
15144.9128568	2850	4.0	6.255018777866959	1519951	10255.0187779	-24.04658074482792
15154.0776118	2850	4.0	5.164754969589123	1422919	9164.75496959	-19.358446369233228
15162.7440643	2850	4.0	4.666452540687947	1578343	8666.45254069	-17.21574592495817
15169.5358745	2850	4.0	2.7918101390046686	1231445	6791.810139	-9.154783597720074
15183.8434741	2850	4.0	10.307599582369196	1471065	14307.5995824	-41.47267820418754
15195.4080563	2850	4.0	7.56458225468395	1491626	11564.5822547	-29.677703695140984
15203.3070279	2850	4.0	3.898971632930953	1358801	7898.97163293	-13.915578021603098
15216.33732	2850	4.0	9.030292060941996	1537156	13030.2920609	-35.980255862050576
15230.2516143	2850	4.0	9.914294290326596	1336050	13914.2942903	-39.78146544840436
15237.8836383	2850	4.0	3.632024049541681	1415116	7632.02404954	-12.767703413029228
15243.4226913	2850	4.0	1.5390529731729092	1468126	5539.05297317	-3.767927784643509
15249.0568356	2850	4.0	1.6341442522300758	1505760	5634.14425223	-4.176820284589326
15253.0721309	2850	4.0	0.01529529270427065	1323990	4015.2952927	2.7842302413716364
15256.8626635	2850	4.209467379270125	0.0	1383735	3790.53262073	2.85
15261.4867503	2850	4.0	0.41461941795882284	1480464	4624.08679723	1.0671365027770618
15268.2247472	2850	4.0	2.737996967563584	1547572	6737.99696756	-8.92338696052341
15272.5926343	2850	4.0	0.367887034944375	1141971	4367.88703494	1.2680857497391875
15276.9512265	2850	4.0	0.35859222998975476	1498470	4358.59222999	1.3080534110440547
15283.1164878	2850	4.0	2.165261239236096	1561263	6165.26123924	-6.460623328715213
15292.0648444	2850	4.0	4.948356687632237	1341201	8948.35668763	-18.427933756818618
15301.4232784	2850	4.0	5.3584339776970715	1497683	9358.4339777	-20.191266104097405
15309.2688123	2850	4.0	3.845533863695861	1358081	7845.5338637	-13.685795613892202
15315.3344832	2850	4.0	2.0656708699732134	1587293	6065.67086997	-6.032384740884817
15322.703682	2850	4.0	3.3691988369664623	1492672	7369.19883697	-11.637554998955787
15334.2750655	2850	4.0	7.5713835127738545	1439896	11571.3835128	-29.706949104927574
15350.0277579	2850	4.0	11.752692368966363	1139291	15752.692369	-47.686577186555354
15364.9734387	2850	4.0	10.945680817661588	1499009	14945.6808177	-44.21642751594482
15375.5349155	2850	4.0	6.561476778502738	1427478	10561.4767785	-25.36435014756177
15385.7904895	2850	4.0	6.2555740686228365	1402287	10255.5740686	-24.048968495078196
15400.4066675	2850	4.0	10.616177988238507	1339500	14616.1779882	-42.79956534942558
15415.8944605	2850	4.0	11.487793020481195	1527299	15487.7930205	-46.54750998806914
15423.6066386	2850	4.0	3.712178049048569	1343002	7712.17804905	-13.112365610908846
15436.4310455	2850	4.0	8.82440693088421	1587250	12824.4069309	-35.0949498028021
15448.0009964	2850	4.0	7.569950842663014	1464921	11569.9508427	-29.70078862345096
15457.3254741	2850	4.0	5.324477693750842	1483527	9324.47769375	-20.045254083128615
15465.3979541	2850	4.0	4.072480003046258	1231456	8072.48000305	-14.661664013098909
15472.7644282	2850	4.0	3.3664740926423984	1364537	7366.47409264	-11.625838598362312

