42279.660622620235	750	4.0	5.105653885378062	450283	5105.65388538	-21.204311707125665
42291.46135092934	2850	4.0	7.800728309111617	1431809	11800.7283091	-32.79313172917995
42297.04389179127	2850	4.0	1.5825408619289791	1300868	5582.54086193	-3.95492570629461
42302.39107000954	2850	4.0	1.3471782182715342	1520281	5347.17821827	-2.942866338567596
42307.12960237104	2850	4.0	0.7385323615014431	1472558	4738.5323615	-0.32568915445620483
42311.12552492839	2850	4.004077442646506	0.0	1224260	3995.92255735	2.85
42315.89776107669	2850	4.0	0.7681587056476837	1388403	4772.23614829	-0.4530824342850397
42323.4045025185	2850	4.0	3.5067414418073124	1638769	7506.74144181	-12.228988199771443
42328.105161438856	2850	4.0	0.7006589203533913	1348011	4700.65892035	-0.1628333575195824
42333.78047314764	2850	4.0	1.675311708790753	1429765	5675.31170879	-4.3538403478002365
42344.729725038385	2850	4.0	6.949251890740903	1354548	10949.2518907	-27.03178313018588
42357.62671967185	2850	4.0	8.896994633458764	1519951	12896.9946335	-35.40707692387268
42373.446576122304	2850	4.0	11.819856450463266	1422919	15819.8564505	-47.97538273699204
42387.955452445145	2850	4.0	10.508876322838807	1578343	14508.8763228	-42.338168188206865
42398.12438352997	2850	4.0	6.168931084826747	1231445	10168.9310848	-23.67640366475501
42410.64701049592	2850	4.0	8.522626965951183	1471065	12522.626966	-33.79729595359008
42424.585830652875	2850	4.0	9.938820156957734	1491626	13938.820157	-39.88692667491825
42436.08229308804	2850	4.0	7.49646243516013	1358801	11496.4624352	-29.384788471188557
42453.339022975495	2850	4.0	13.256729887451998	1537156	17256.7298875	-54.15393851604359
42468.61271217995	2850	4.0	11.273689204457437	1336050	15273.6892045	-45.62686357916697
42487.53312211987	2850	4.0	14.920409939921031	1415116	18920.4099399	-61.30776274166043
42504.65975732118	2850	4.0	13.12663520130824	1468126	17126.6352013	-53.59453136562543
42510.95783966824	2850	4.0	2.298082347062965	1505760	6298.08234706	-7.031754092370749
42516.59030747411	2850	4.0	1.6324678058619675	1323990	5632.46780586	-4.169611565206459
42521.22448024127	2850	4.0	0.6341727671654016	1383735	4634.17276717	0.12305710118877311
42530.50342310431	2850	4.0	5.278942863039709	1480464	9278.94286304	-19.849454311070744
42542.37700751449	2850	4.0	7.873584410184394	1547572	11873.5844102	-31.00641296379289
42546.83659624462	2850	4.0	0.4595887301266266	1141971	4459.58873013	0.8737684604555058
42552.4058057526	2850	4.0	1.5692095079803057	1498470	5569.20950798	-3.8976008843153136
42561.090039662784	2850	4.0	4.684233910188068	1561263	8684.23391019	-17.29220581380869
42569.46464376409	2850	4.0	4.3746041013042465	1341201	8374.6041013	-15.96079763560826
42577.15767212568	2850	4.0	3.6930283615859127	1497683	7693.02836159	-13.030021954819425
42584.453492440516	2850	4.0	3.2958203148284984	1358081	7295.82031483	-11.322027353762543
42603.81893581634	2850	4.0	15.365443375824503	1587293	19365.4433758	-63.221406516045356
42610.346624931255	2850	4.0	2.5276891149170604	1492672	6527.68911492	-8.01906319414336
42615.604361366364	2850	4.0	1.2577364351097484	1439896	5257.73643511	-2.558266670971918
42619.358726384235	2850	4.24563498212618	0.0	1139291	3754.36501787	2.85
42624.13466168324	2850	4.0	0.5303003168781952	1499009	4775.935299	0.5697086374237608
42628.765245636554	2850	4.0	0.6305839533115523	1427478	4630.58395331	0.13848900076032544
42635.4713689607	2850	4.0	2.7061233241448663	1402287	6706.12332414	-8.786330293822925
42640.28377868393	2850	4.0	0.8124097232303784	1339500	4812.40972323	-0.6433618098906271
42645.676516982065	2850	4.0	1.3927382981292913	1527299	5392.73829813	-3.1387746819559523
42653.60966470307	2850	4.0	3.933147721005725	1343002	7933.14772101	-14.062535200324616
42665.96749299275	2850	4.0	8.357828289680093	1587250	12357.8282897	-33.0886616456244
42681.76229433152	2850	4.0	11.794801338769677	1464921	15794.8013388	-47.86764575670961
42696.0679797747	2850	4.0	10.305685443174504	1483527	14305.6854432	-41.46444740565036
42706.65885006264	2850	4.0	6.590870287937327	1231456	10590.8702879	-25.490742238130505
42717.023147902095	2850	4.0	6.3642978394563	1364537	10364.2978395	-24.516480709662087

