10044.041264969928	750	4.0	6.579692689023528	450283	6579.692689023527	-27.542678562801168
10045.028052886079	300	7.013212083850239	0.0	155580	986.7879161497615	-0.15000000000000002
10046.976238938187	300	9.065026031742615	0.0	139857	1948.1860521076244	0.3
10050.98236270394	300	9.058902265989714	0.0	155432	4006.1237657529027	0.3
10055.075909256606	300	8.965355713323753	0.0	163442	4093.546552665962	0.3
10057.184480445541	300	10.856784524387702	0.0	126289	2108.57118893605	0.3
10059.360760321157	300	12.680504648772505	0.0	153295	2176.2798756151965	0.3
10062.774553261586	300	13.26671170834403	0.0	173849	3413.7929404284755	0.3
10065.628519087068	300	14.412745882862826	0.0	150710	2853.965825481205	0.3
10068.164105108894	300	15.877159861034803	0.0	139105	2535.5860218280227	0.3
10069.666638003606	300	18.374626966323696	0.0	141840	1502.5328947111045	0.3
10070.891353515926	300	21.149911454003995	0.0	156148	1224.7155123197024	0.3
10072.097826095162	300	23.943438874768944	0.0	160746	1206.4725792350514	0.3
10074.612628444978	750	25.428636524952058	0.0	434409	2514.8023498168886	0.3
10076.941197261463	750	27.100067708467382	0.0	337059	2328.568816484677	0.75
10079.47977671501	750	28.561488254921045	0.0	366214	2538.579453546337	0.75
10081.674658355125	750	30.366606614807083	0.0	360831	2194.8816401139643	0.75
10084.916386725918	1200	31.124878244014287	0.0	581493	3241.7283707927963	0.75
10092.01492545887	1850	28.02633951106111	0.0	987708	7098.538732953175	1.2000000000000002
10098.814811256145	1850	25.22645371378708	0.0	923755	6799.885797274028	1.85
10102.960688165476	1850	25.08057680445541	0.0	891604	4145.876909331669	1.85
10107.212853823376	1850	24.82841114655713	0.0	955231	4252.16565789828	1.85
10110.969894406957	1850	25.071370562975396	0.0	968026	3757.040583581731	1.85
10114.721968819595	1850	25.31929615033836	0.0	874175	3752.0744126370364	1.85
10119.521770267778	1850	24.519494702152876	0.0	897976	4799.801448185485	1.85
10125.55272102098	1850	22.488543948952035	0.0	905935	6030.950753200839	1.85
10132.100836499269	1850	19.940428470663676	0.0	1076599	6548.115478288359	1.85
10141.355383454315	1850	14.68588151561643	0.0	758197	9254.546955047246	1.85
10157.94576176703	1200	4.0	1.9044967970984634	622896	16590.378312714893	-7.639336227523393
10160.597538540085	300	5.348223226943299	0.0	149029	2651.7767730567016	-0.6000000000000001
10165.455390014557	300	4.4903717524720985	0.0	157421	4857.8514744712	0.3
10168.482184952058	300	5.463576814971276	0.0	157488	3026.794937500823	0.3
10172.396708013568	300	5.54905375346152	0.0	143881	3914.5230615097557	0.3
10175.527011709268	300	6.418750057762567	0.0	163444	3130.303695698953	0.3
10177.24274736019	300	8.703014406841012	0.0	179328	1715.735650921556	0.3
10178.18019375089	300	11.765568016140069	0.0	159914	937.4463907009435	0.3
10178.907891142078	300	15.037870624951605	0.0	131610	727.6973911884627	0.3
10179.581403550414	300	18.36435821661445	0.0	124011	673.5124083371588	0.3
10181.616303002515	750	20.329458764515227	0.0	378327	2034.8994520992226	0.3
10184.669033270278	1200	21.276728496750753	0.0	587506	3052.730267764477	0.75
10193.917307275082	1200	16.02845449194863	0.0	566904	9248.27400480212	1.2
10199.196340928731	1200	14.749420838297711	0.0	641452	5279.03365365092	1.2
10201.821954867293	750	16.123806899735538	0.0	372093	2625.6139385621714	0.3
10205.495340749116	750	16.450421017912205	0.0	438281	3673.385881823333	0.75
10208.31092212573	750	17.63483964129922	0.0	398987	2815.581376612986	0.75
10210.37286781625	750	19.572893950778184	0.0	393804	2061.9456905210345	0.75
10214.456538196799	1850	19.489223570227928	0.0	830730	4083.670380550254	0.75
10220.954155436957	2850	16.991606330069786	0.0	1364537	6497.617240158144	1.85

