25939.998011969936	750	4.0	8.215266709904062	450283	8215.266709904063	-34.57564685258747
25943.027073816356	300	4.97093815357864	0.0	155580	3029.0618464213608	-0.15000000000000002
25945.48074059822	300	6.517271371711869	0.0	139857	2453.6667818667706	0.3
25947.636690292074	300	8.361321677856907	0.0	155432	2155.9496938549614	0.3
25949.766095004765	300	10.231916965167043	0.0	163442	2129.404712689864	0.3
25951.339861400033	300	12.658150569897952	0.0	126289	1573.7663952690905	0.3
25952.705178616983	300	15.292833352949737	0.0	153295	1365.3172169482154	0.3
25954.28439830787	300	17.713613662059643	0.0	173849	1579.2196908900933	0.3
25957.40311560702	750	18.594896362911854	0.0	374758	3118.717299147789	0.3
25960.678456360354	750	19.319555609576163	0.0	362795	3275.340753335689	0.75
25963.968674656	750	20.02933731392961	0.0	353220	3290.218295646555	0.75
25970.652126070432	1200	17.3458858994962	0.0	594078	6683.451414433411	0.75
25975.813615195042	1200	16.18439677488414	0.0	624282	5161.489124612062	1.2
25983.63160857368	1200	12.366403396249986	0.0	687371	7817.993378634151	1.2
25987.7509681228	1200	12.247043847128685	0.0	526950	4119.3595491213	1.2
25993.682480107364	1200	10.315531862564656	0.0	587876	5931.511984564029	1.2
25997.514655489595	750	10.483356480334335	0.0	360831	3832.1753822303212	0.3
26000.51258281796	750	11.485429151968841	0.0	372963	2997.9273283654925	0.75
26004.35068318715	750	11.647328782778299	0.0	405596	3838.100369190543	0.75
26007.595282752773	750	12.402729217155642	0.0	350713	3244.5995656226564	0.75
26011.454559179816	750	12.543452790110612	0.0	386472	3859.2764270450307	0.75
26016.771592974004	750	11.226418995924524	0.0	399894	5317.033794186088	0.75
26022.56589097254	750	9.432120997389706	0.0	401853	5794.2979985348165	0.75
26026.348734175193	750	9.649277794736879	0.0	343800	3782.8432026528267	0.75
26029.5007414129	750	10.497270557030314	0.0	359903	3152.0072377065667	0.75
26032.61115478408	750	11.386857185850568	0.0	379700	3110.4133711797467	0.75
26036.540337189985	750	11.457674779946554	0.0	425781	3929.182405904013	0.75
26039.397167781382	750	12.600844188549093	0.0	277716	2856.8305913974605	0.75
26043.240363607718	750	12.757648362210622	0.0	400396	3843.1958263384718	0.75
26046.90847960816	750	13.089532361772196	0.0	400508	3668.116000438426	0.75
26051.85532242069	1200	12.14268954924078	0.0	570392	4946.842812531417	0.75
26057.826053450062	1200	10.171958519867731	0.0	620283	5970.731029373049	1.2
26064.384533400378	1200	7.6134785695498035	0.0	584349	6558.479950317927	1.2
26068.241648726904	750	7.7563632430245635	0.0	412837	3857.11532652524	0.3
26072.474603841718	750	7.523408128210093	0.0	401088	4232.95511481447	0.75
26077.277611471996	750	6.720400497931179	0.0	365161	4803.007630278915	0.75
26083.027239396728	750	4.970772573199277	0.0	321064	5749.627924731902	0.75
26084.092285128318	300	7.905726841610764	0.0	124011	1065.0457315885133	-0.15000000000000002
26085.51293079178	300	10.485081178149285	0.0	144254	1420.645663461478	0.3
26087.464201610284	300	12.533810359644965	0.0	149991	1951.270818504319	0.3
26089.250628994392	300	14.7473829755418	0.0	147968	1786.4273841031645	0.3
26090.927531851157	300	17.07048011877526	0.0	161857	1676.9028567665425	0.3
26095.201701677914	750	16.79631029201785	0.0	372093	4274.16982675741	0.3
26101.588302584376	750	14.40970938555758	0.0	438281	6386.60090646027	0.75
26104.71532348812	750	15.28268848181461	0.0	398987	3127.0209037429713	0.75
26107.458459244317	750	16.539552725615547	0.0	393804	2743.135756199064	0.75
26111.5793569928	1200	16.41865497713492	0.0	538612	4120.897748480627	0.75
26115.704732803337	1200	16.293279166597237	0.0	550906	4125.375810537684	1.2

