57799.566706752325	750	4.0	1.26305294249572	450283	1263.0529425	-4.681127652731596
57804.27203338846	2850	4.0	0.7053266361353099	1431809	4705.32663614	-2.2829045353818325
57809.116843579	2850	4.0	0.8448101905447128	1300868	4844.81019054	-0.7826838193422652
57814.4464079881	2850	4.0	1.3295644090963632	1520281	5329.5644091	-2.8671269591143616
57819.44406163403	2850	4.0	0.9976536459288536	1472558	4997.65364593	-1.4399106774940704
57824.19914734976	2850	4.0	0.7550857157329892	1224260	4755.08571573	-0.39686857765185346
57829.86323318141	2850	4.0	1.6640858316496487	1388403	5664.08583165	-4.305569076093489
57836.372279913885	2850	4.0	2.5090467324753707	1638769	6509.04673248	-7.938900949644093
57841.2269651923	2850	4.0	0.8546852784079256	1348011	4854.68527841	-0.82514669715408
57846.46195804414	2850	4.0	1.2349928518487514	1429765	5234.99285185	-2.4604692629496303
57851.13478556254	2850	4.0	0.6728275184057693	1354548	4672.82751841	-0.04315832914480744
57857.06685362734	2850	4.0	1.9320680647971276	1519951	5932.0680648	-5.457892678627649
57863.087102923106	2850	4.0	2.0202492957649647	1422919	6020.24929576	-5.837071971789348
57868.155678977324	2850	4.0	1.0685760542231382	1578343	5068.57605422	-1.744877033159494
57871.98400546338	2850	4.171673513941123	0.0	1231445	3828.32648606	2.85
57879.171286036064	2850	4.0	3.0156070587418626	1471065	7187.28057268	-10.117110352590009
57884.61947176249	2850	4.0	1.4481857264162081	1491626	5448.18572642	-3.377198623589695
57891.37304621231	2850	4.0	2.753574449828564	1358801	6753.57444983	-8.990370134262825
57899.470568209814	2850	4.0	4.097521997497093	1537156	8097.5219975	-14.7693445892375
57904.69200238592	2850	4.0	1.2214341761133647	1336050	5221.43417611	-2.4021669572874678
57911.3745975331	2850	4.0	2.6825951471746903	1415116	6682.59514717	-8.685159132851169
57917.4916481496	2850	4.0	2.1170506164937826	1468126	6117.05061649	-6.253317650923265
57922.64330721494	2850	4.0	1.1516590653411332	1505760	5151.65906534	-2.102133980966872
57927.25210097794	2850	4.0	0.6087937629976832	1323990	4608.793763	0.23218681910996253
57933.01607013745	2850	4.0	1.7639691595171516	1383735	5763.96915952	-4.735067385923751
57940.13413781309	2850	4.0	3.1180676756452668	1480464	7118.06767565	-10.557691005274647
57946.27631439347	2850	4.0	2.142176580378038	1547572	6142.17658038	-6.361359295625563
57950.82601138853	2850	4.0	0.5496969950659095	1141971	4549.69699507	0.486302921216589
57954.69060563567	2850	4.135405752866617	0.0	1498470	3864.59424713	2.85
57959.05756436632	2850	4.0	0.23155297778938622	1561263	4366.95873066	1.8543221955056395
57963.147249304144	2850	4.0	0.08968493782690758	1341201	4089.68493783	2.4643547673442976
57967.819229444416	2850	4.0	0.671980140267271	1497683	4671.98014027	-0.03951460314926525
57973.94814543901	2850	4.0	2.1289159945968033	1358081	6128.9159946	-6.304338776766254
57978.85357893214	2850	4.0	0.9054334931229642	1587293	4905.43349312	-1.0433640204287458
57986.980096683496	2850	4.0	4.126517751354978	1492672	8126.51775135	-14.894026330826405
57992.11914358429	2850	4.0	1.1390469007937054	1439896	5139.04690079	-2.0479016734129334
57995.02589847062	2850	5.093245113664489	0.0	1139291	2906.75488634	2.85
58001.07153079435	2850	4.0	0.952387210056795	1499009	6045.63232372	-1.2452650032442185
58005.98928426709	2850	4.0	0.9177534727442771	1427478	4917.75347274	-1.096339932800391
58010.8496840914	2850	4.0	0.8603998243142996	1402287	4860.39982431	-0.8497192445514883
58015.815239834265	2850	4.0	0.9655557428604233	1339500	4965.55574286	-1.30188969429982
58021.72159220947	2850	4.0	1.9063523752049596	1527299	5906.3523752	-5.347315213381327
58027.311104273394	2850	4.0	1.5895120639295228	1343002	5589.51206393	-3.984901874896948
58033.194412663084	2850	4.0	1.8833083896942662	1587250	5883.30838969	-5.248226075685345
58038.4323398588	2850	4.0	1.2379271957104456	1464921	5237.92719571	-2.4730869415549157
58043.88276798439	2850	4.0	1.4504281255874356	1483527	5450.42812559	-3.3868409400259725
58048.235769569284	2850	4.0	0.35300158489316075	1231456	4353.00158489	1.3320931849594089
58054.51000122137	2850	4.0	2.274231652090415	1364537	6274.23165209	-6.929196103988785

