19195.816382431756	750	4.0	4.39150033291431	450283	4391.50033291431	-18.133451431531533
19197.20236218831	300	6.61402024344835	0.0	155580	1385.979756551649	-0.15000000000000002
19200.123320342045	750	7.69306208971392	0.0	350812	2920.958153734431	0.3
19202.630122845494	750	9.186259586265004	0.0	382355	2506.8025034489156	0.75
19205.368775200517	750	10.447607231242422	0.0	411561	2738.652355022583	0.75
19207.336418625327	750	12.47996380642906	0.0	318564	1967.6434248133637	0.75
19211.301623342806	1200	12.514759088953749	0.0	561791	3965.204717475309	0.75
19216.120731331925	1200	11.695651099831052	0.0	709534	4819.107989122699	1.2
19220.113556284326	1200	11.702826147429027	0.0	584846	3992.8249524020243	1.2
19223.282811915444	1200	12.533570516315342	0.0	560821	3169.2556311136846	1.2
19226.921446305005	1200	12.894936126754404	0.0	607410	3638.6343895609375	1.2
19230.950671873365	1200	12.865710558392042	0.0	594078	4029.2255683623634	1.2
19234.823775770594	1200	12.992606661163023	0.0	624282	3873.1038972290194	1.2
19239.284353186125	1200	12.532029245631067	0.0	687371	4460.577415531956	1.2
19243.26706659252	1200	12.54931583923645	0.0	526950	3982.7134063946187	1.2
19247.995657167183	1200	11.820725264577018	0.0	587876	4728.590574659432	1.2
19252.497979725755	1200	11.318402706004413	0.0	617242	4502.322558572604	1.2
19257.921143417705	1200	9.895239014056934	0.0	581493	5423.1636919474795	1.2
19261.798823459583	1200	10.017558972178247	0.0	639204	3877.6800418786856	1.2
19265.682176591134	1200	10.134205840630566	0.0	586839	3883.3531315476807	1.2
19270.201806992824	1200	9.614575438938358	0.0	601738	4519.630401692207	1.2
19276.60778838065	1200	7.208594051116295	0.0	616206	6405.981387822063	1.2
19282.667758147476	750	5.148624284291456	0.0	401853	6059.969766824839	0.3
19285.58499058498	300	6.231391846784398	0.0	137654	2917.232437507058	-0.15000000000000002
19288.66995870282	300	7.14642372894361	0.0	146754	3084.968117840788	0.3
19291.79114997392	300	8.02523245784213	0.0	153938	3121.1912711014793	0.3
19295.3198067977	300	8.49657563406602	0.0	181901	3528.656823776112	0.3
19297.448358758338	300	10.36802367342476	0.0	111155	2128.5519606412577	0.3
19300.443322036575	300	11.37306039518574	0.0	153605	2994.9632782390204	0.3
19302.00330957214	300	13.81307285962089	0.0	149029	1559.9875355648503	0.3
19303.60657126348	300	16.20981116828237	0.0	157421	1603.2616913385177	0.3
19305.116252014068	300	18.700130417695007	0.0	157488	1509.6807505873646	0.3
19306.307596953153	300	21.50878547860807	0.0	143881	1191.3449390869382	0.3
19309.4226799302	750	22.39370250155763	0.0	412837	3115.08297705044	0.3
19313.468197585244	750	22.348184846517352	0.0	401088	4045.5176550402753	0.75
19318.782483809853	1200	21.033898621906605	0.0	598727	5314.286224610746	0.75
19322.928795747688	1200	20.887586684072676	0.0	487812	4146.311937833929	1.2
19329.413674247808	1200	18.4027081839537	0.0	575591	6484.878500118981	1.2
19338.051190336944	1200	13.765192094819012	0.0	605884	8637.516089134686	1.2
19342.81937254338	1200	12.99700988838035	0.0	587506	4768.1822064386615	1.2
19345.153640134453	750	14.6627422973057	0.0	345516	2334.26759107465	0.3
19347.94662482865	750	15.869757603108248	0.0	384505	2792.9846941974515	0.75
19350.923447129146	750	16.892935302616223	0.0	372093	2976.822300492024	0.75
19354.546260869134	750	17.270121562627487	0.0	438281	3622.81373998874	0.75
19359.218208624996	750	16.598173806766397	0.0	398987	4671.947755861087	0.75
19363.8206958812	1200	15.995686550564868	0.0	638661	4602.487256201529	0.75
19367.36009673255	1200	16.456285699213034	0.0	538612	3539.400851351835	1.2
19370.71700951847	1200	17.09937291329165	0.0	550906	3356.9127859213836	1.2

