21978.614554050975	750	4.0	4.3779972098671385	450283	4377.997209867139	-18.075388002428696
21979.87283181489	300	6.741722236087304	0.0	155580	1258.2777639126964	-0.15000000000000002
21982.41992763844	750	8.194626412537339	0.0	350812	2547.0958235499656	0.3
21985.419022937585	750	9.1955311133918	0.0	382355	2999.095299145539	0.75
21988.655223529666	750	9.959330521310415	0.0	411561	3236.2005920813863	0.75
21991.08930209731	750	11.525251953668457	0.0	318564	2434.078567641956	0.75
21993.792326664538	750	12.822227386441075	0.0	352642	2703.024567227383	0.75
21998.31214884501	1200	12.30240520596871	0.0	709534	4519.8221804723635	0.75
22002.614833327934	1200	11.99972072304285	0.0	584846	4302.68448292586	1.2
22006.98090599786	1200	11.633648053117398	0.0	560821	4366.072669925451	1.2
22012.910069715137	1200	9.704484335839785	0.0	607410	5929.163717277614	1.2
22018.240263783864	1200	8.374290267115414	0.0	594078	5330.1940687243705	1.2
22026.09552270276	1200	4.519031348222069	0.0	624282	7855.258918893346	1.2
22028.114584492057	300	6.49996955892122	0.0	179801	2019.0617893008496	-0.6000000000000001
22029.700159467095	300	8.91439458388648	0.0	140051	1585.5749750347395	0.3
22030.914243699677	300	11.700310351302331	0.0	138313	1214.084232584149	0.3
22032.220579353714	300	14.393974697268112	0.0	143509	1306.3356540342193	0.3
22033.56016650188	300	17.05438754910219	0.0	150616	1339.5871481659217	0.3
22036.99341842411	750	17.621135626872434	0.0	405596	3433.251922229754	0.3
22042.050748322214	1200	16.563805728768397	0.0	586839	5057.329898104036	0.75
22047.098178710163	1200	15.516375340819675	0.0	601738	5047.4303879487225	1.2
22052.260320712212	1200	14.354233338771051	0.0	616206	5162.142002048624	1.2
22057.080512452383	1200	13.534041598601105	0.0	656471	4820.191740169947	1.2
22061.468056051937	1200	13.146497999047103	0.0	536667	4387.543599554002	1.2
22067.335478631478	1200	11.279075419505789	0.0	587236	5867.422579541314	1.2
22071.593362176274	1200	11.021191874708839	0.0	590335	4257.8835447969495	1.2
22076.815081802597	1200	9.799472248387188	0.0	696376	5221.719626321651	1.2
22081.275039049633	1200	9.339515001348296	0.0	487160	4459.957247038892	1.2
22087.207107283066	1200	7.4074467679152525	0.0	622896	5932.068233433044	1.2
22091.579315436775	750	7.035238614209003	0.0	400508	4372.208153706249	0.3
22095.181698907825	750	7.4328551431540495	0.0	358218	3602.3834710549545	0.75
22098.958905714513	750	7.655648336468121	0.0	400322	3777.2068066859283	0.75
22102.90589539162	750	7.708658659359381	0.0	369834	3946.9896771087397	0.75
22106.989343725538	750	7.625210325444114	0.0	412837	4083.4483339152666	0.75
22110.76382949469	750	7.850724556291175	0.0	401088	3774.485769152939	0.75
22113.86799813358	750	8.746555917398958	0.0	365161	3104.16863889222	0.75
22116.676189475846	750	9.938364575135957	0.0	321064	2808.191342263	0.75
22119.718898638024	750	10.895655412956103	0.0	361565	3042.709162179854	0.75
22123.55363721295	750	11.06091683803141	0.0	378327	3834.7385749246937	0.75
22127.01355420648	750	11.600999844500569	0.0	390680	3459.916993530839	0.75
22130.25179788701	750	12.362756163973641	0.0	345516	3238.243680526927	0.75
22134.909353895197	750	11.70520015578753	0.0	384505	4657.55600818611	0.75
22141.702732655547	750	8.911821395435547	0.0	372093	6793.378760351983	0.75
22143.872763876276	300	10.7417901747081	0.0	172312	2170.031220727447	-0.15000000000000002
22145.58998255918	300	13.02457149180004	0.0	167025	1717.2186829080583	0.3
22147.09869799849	300	15.51585605249428	0.0	160064	1508.7154393057615	0.3
22149.838708785293	750	16.77584526568921	0.0	331053	2740.0107868050695	0.3
22154.65421451509	1200	15.96033953589177	0.0	550906	4815.505729797443	0.75

