59023.359154952945	750	4.0	2.342534869962582	450283	2342.53486996	-9.322899940839102
59030.40153422504	2850	4.0	3.042379272095537	1431809	7042.3792721	-12.33223087001081
59034.500515615	2850	4.0	0.09898138996529088	1300868	4098.98138997	2.4243800231492494
59039.303019253835	2850	4.0	0.8025036388305862	1520281	4802.50363883	-0.6007656469715204
59045.63331702372	2850	4.0	2.330297769881605	1472558	6330.29776988	-7.170280410490902
59051.167870522746	2850	4.0	1.5345534990300238	1224260	5534.55349903	-3.7485800458291023
59055.81877774389	2850	4.0	0.6509072211354724	1388403	4650.90722114	0.051098949117468706
59060.896083343	2850	4.0	1.0773055991154605	1638769	5077.30559912	-1.78241407619648
59065.06707644914	2850	4.0	0.17099310613418311	1348011	4170.99310613	2.1147296436230127
59070.0055558651	2850	4.0	0.9384794159658395	1429765	4938.47941597	-1.1854614886531096
59076.513313779535	2850	4.0	2.5077579144340545	1354548	6507.75791443	-7.933359032066434
59082.38489718414	2850	4.0	1.8715834046095887	1519951	5871.58340461	-5.197808639821231
59087.45938509091	2850	4.0	1.074487906769109	1422919	5074.48790677	-1.7702979991071692
59095.369599974685	2850	4.0	3.910214883773807	1578343	7910.21488377	-13.96392400022737
59102.251439768464	2850	4.0	2.881839793776413	1231445	6881.83979378	-9.541911113238575
59110.14593158929	2850	4.0	3.8944918208265435	1471065	7894.49182083	-13.896314829554138
59119.75115571511	2850	4.0	5.605224125814409	1491626	9605.22412581	-21.252463741001957
59128.949312379365	2850	4.0	5.1981566642607815	1358801	9198.15666426	-19.502073656321357
59141.154016873006	2850	4.0	8.204704493640836	1537156	12204.7044936	-32.43022932265559
59156.340115342675	2850	4.0	11.186098469664415	1336050	15186.0984697	-45.25022341955698
59177.50204049317	2850	4.0	17.161925150489033	1415116	21161.9251505	-70.94627814710284
59186.56058864898	2850	4.0	5.058548155817216	1468126	9058.54815582	-18.90175707001403
59196.52699809988	2850	4.0	5.966409450899639	1505760	9966.4094509	-22.805560638868446
59205.32954389642	2850	4.0	4.802545796542285	1323990	8802.54579654	-17.80094692513182
59211.35439405652	2850	4.0	2.02485016009798	1383735	6024.8501601	-5.856855688421314
59217.33397193637	2850	4.0	1.9795778798525079	1480464	5979.57787985	-5.662184883365784
59226.27517897634	2850	4.0	4.941207039969417	1547572	8941.20703997	-18.39719027186849
59232.862555970874	2850	4.0	2.587376994532471	1141971	6587.37699453	-8.275721076489624
59249.58668496616	2850	4.0	12.724128995284103	1498470	16724.1289953	-51.86375467972164
59281.96339111366	2850	4.0	28.376706147500656	1561263	32376.7061475	-119.16983643425282
59289.42638750335	2850	4.0	3.4629963896852596	1341201	7462.99638969	-12.040884475646616
59305.60738417594	2850	4.0	12.180996672590625	1497683	16180.9966726	-49.52828569213968
59314.45301487491	2850	4.0	4.845630698972497	1358081	8845.63069897	-17.986212005581734
59322.19767685494	2850	4.0	3.744661980030675	1587293	7744.66198003	-13.252046514131903
59329.09213313089	2850	4.0	2.8944562759451444	1492672	6894.45627595	-9.596161986564121
59336.535197812824	2850	4.0	3.4430646819311095	1439896	7443.06468193	-11.95517813230377
59340.274664496574	2850	4.260533316253932	0.0	1139291	3739.46668375	2.85
59344.891037359084	2850	4.0	0.35583954625383013	1499009	4616.37286251	1.3198899511085307
59349.833177904715	2850	4.0	0.9421405456394204	1427478	4942.14054564	-1.2012043462495074
59356.898697513905	2850	4.0	3.0655196091929984	1402287	7065.51960919	-10.331734319529893
59361.64440716181	2850	4.0	0.7457096479026841	1339500	4745.7096479	-0.35655148598154174
59366.44159348564	2850	4.0	0.7971863238263113	1527299	4797.18632383	-0.5779011924531381
59370.607590753854	2850	4.0	0.16599726821601143	1343002	4165.99726822	2.136211746671151
59375.76653552469	2850	4.0	1.1589447708426914	1587250	5158.94477084	-2.1334625146235733
59382.661936054654	2850	4.0	2.895400529957794	1464921	6895.40052996	-9.600222278818514
59388.445831146164	2850	4.0	1.7838950915138156	1483527	5783.89509151	-4.820748893509407
59393.08132742836	2850	4.0	0.6354962821933977	1231456	4635.49628219	0.11736598656839003
59398.666757300845	2850	4.0	1.585429872493175	1364537	5585.42987249	-3.967348451720652

