22914.245592894047	750	4.0	4.010168074006698	450283	4010.168074006698	-16.4937227182288
22915.419510986692	300	6.8260819073535774	0.0	155580	1173.9180926464226	-0.15000000000000002
22916.4245251673	300	9.821067726748996	0.0	139857	1005.0141806045834	0.3
22917.55274405583	300	12.692848838215301	0.0	155432	1128.218888533694	0.3
22919.95767301995	750	14.287919874092832	0.0	411561	2404.9289641224673	0.3
22921.69246326503	750	16.553129629014798	0.0	318564	1734.7902450780355	0.75
22923.513571279178	750	18.732021614867243	0.0	352642	1821.1080141475536	0.75
22927.14949218283	1200	19.09610071121535	0.0	709534	3635.9209036518946	0.75
22931.61052036313	1850	18.635072530918947	0.0	852833	4461.028180296402	1.2000000000000002
22935.223470344117	1850	19.022122549931495	0.0	913888	3612.949980987452	1.85
22940.371214798906	1850	17.874378095145943	0.0	939819	5147.744454785554	1.85
22945.66468684291	1850	16.580906051142936	0.0	917428	5293.472044003006	1.85
22950.219040368218	1850	16.026552525831143	0.0	946851	4554.353525311792	1.85
22954.850062762634	1850	15.395530131415653	0.0	1036454	4631.022394415489	1.85
22958.525156010663	1850	15.720436883386975	0.0	821631	3675.0932480286774	1.85
22962.94017840782	1850	15.305414486228077	0.0	923170	4415.0223971588985	1.85
22967.671726767632	1850	14.573866126417526	0.0	966699	4731.548359810551	1.85
22972.53246453235	1850	13.713128361700436	0.0	885714	4860.737764717091	1.85
22978.441407529015	1850	11.80418536503318	0.0	987708	5908.942996667255	1.85
22983.757357821305	1850	10.48823507274428	0.0	923755	5315.950292288901	1.85
22989.30681700257	1850	8.93877589148155	0.0	891604	5549.459181262729	1.85
22994.73194032987	1850	7.513652564176452	0.0	955231	5425.1233273050975	1.85
22998.463803557628	1200	7.781789336423155	0.0	656471	3731.8632277532965	0.5499999999999999
23002.40180008745	1200	7.843792806600209	0.0	536667	3937.9965298229454	1.2
23007.833771934696	1200	6.411820959351202	0.0	587236	5431.971847249008	1.2
23011.205923944366	750	7.039668949681669	0.0	379700	3372.1520096695335	0.3
23014.26627601082	750	7.979316883225748	0.0	425781	3060.3520664559205	0.75
23017.208308169924	750	9.037284724123921	0.0	277716	2942.032159101827	0.75
23023.63163854488	750	6.613954349169504	0.0	400396	6423.3303749544175	0.75
23026.513107350154	300	7.73248554389425	0.0	149029	2881.4688052752535	-0.15000000000000002
23028.698139645767	300	9.547453248281789	0.0	157421	2185.032295612461	0.3
23030.55162040751	300	11.693972486537474	0.0	157488	1853.4807617443143	0.3
23032.05895842118	300	14.186634472866274	0.0	143881	1507.3380136711999	0.3
23033.640087296517	300	16.605505597532286	0.0	163444	1581.128875333987	0.3
23035.307080798626	300	18.938512095423064	0.0	179328	1666.993502109219	0.3
23038.37808728137	750	19.86750561267944	0.0	365161	3071.006482743626	0.3
23042.7256591324	750	19.51993376165009	0.0	321064	4347.571851029352	0.75
23045.81459503359	750	20.43099786046023	0.0	361565	3088.9359011898614	0.75
23049.046589852194	750	21.199003041854283	0.0	378327	3231.994818605944	0.75
23053.10508202576	750	21.140510868290246	0.0	390680	4058.4921735640387	0.75
23056.470681855702	750	21.77491103834717	0.0	345516	3365.599829943076	0.75
23060.60502097984	750	21.640571914209023	0.0	384505	4134.339124138149	0.75
23068.104781512262	1200	18.14081138179003	0.0	599477	7499.7605324189935	0.75
23072.92195949112	1200	17.323633402933122	0.0	634861	4817.177978856908	1.2
23079.930217337725	1200	14.315375556328116	0.0	630203	7008.257846605006	1.2
23085.99716495927	1200	12.24842793478039	0.0	638661	6066.947621547725	1.2
23093.505558970766	1200	8.740033923281684	0.0	538612	7508.394011498706	1.2
23098.546379035353	1200	7.699213858694807	0.0	550906	5040.820064586877	1.2

