14313.80175073367	750	4.0	2.731225734575557	450283	2731.225734575557	-10.994270658674894
14316.226736322786	750	5.575014410885613	0.0	398865	2424.985589114387	0.75
14319.053354164655	750	6.748396569016907	0.0	350812	2826.617841868706	0.75
14325.420884356665	750	4.380866377007281	0.0	382355	6367.530192009626	0.75
14327.319540655033	300	6.482210078637703	0.0	163442	1898.6562983695774	-0.15000000000000002
14328.88811562942	300	8.913635104251494	0.0	126289	1568.5749743862089	0.3
14330.881453195205	300	10.920297538466734	0.0	153295	1993.3375657847619	0.3
14333.974700652616	300	11.827050081054905	0.0	173849	3093.247457411827	0.3
14335.594235446815	300	14.207515286855669	0.0	150710	1619.5347941992368	0.3
14336.796607368888	300	17.005143364782	0.0	139105	1202.3719220736652	0.3
14338.086735621955	300	19.715015111714457	0.0	141840	1290.1282530675442	0.3
14340.999606610603	750	20.802144123066885	0.0	405134	2912.8709886475685	0.3
14343.55084231896	750	22.25090841471027	0.0	386351	2551.2357083566153	0.75
14349.262400155441	1200	20.53935057822799	0.0	687371	5711.557836482278	0.75
14353.069112763798	1200	20.732637969872176	0.0	526950	3806.7126083558146	1.2
14358.018320135572	1200	19.783430598096736	0.0	587876	4949.207371775439	1.2
14363.782320940876	1200	18.019429792794046	0.0	617242	5764.000805302691	1.2
14367.355022849923	1200	18.446727883746597	0.0	581493	3572.70190904745	1.2
14371.565398763538	1200	18.236351970131363	0.0	639204	4210.375913615235	1.2
14374.705671388894	1200	19.096079344774232	0.0	586839	3140.272625357131	1.2
14377.950538412813	1200	19.85121232085488	0.0	601738	3244.867023919354	1.2
14381.568487316072	1200	20.233263417596536	0.0	616206	3617.948903258345	1.2
14387.794282042776	1850	18.007468690893766	0.0	968026	6225.794726702772	1.2000000000000002
14392.62219985287	1850	17.179550880799038	0.0	874175	4827.917810094727	1.85
14397.51722637248	1850	16.284524361189863	0.0	897976	4895.026519609175	1.85
14401.778106810787	1850	16.023643922881934	0.0	905935	4260.88043830793	1.85
14406.530893253075	1850	15.270857480593836	0.0	1076599	4752.786442288097	1.85
14409.631755843777	1850	16.16999488989074	0.0	758197	3100.8625907030937	1.85
14413.554279232807	1850	16.247471500860616	0.0	972798	3922.523389030128	1.85
14417.335113391515	1850	16.466637342152538	0.0	975811	3780.8341587080754	1.85
14421.182785387764	1850	16.61896534590402	0.0	873429	3847.6719962485167	1.85
14424.626368865374	1850	17.175381868294107	0.0	954453	3443.5834776099146	1.85
14427.697962707847	1850	18.103788025820577	0.0	885062	3071.5938424735295	1.85
14434.749142937884	2850	15.052607795783699	0.0	1587293	7051.180230036878	1.85
14443.01117882191	2850	10.790571911758843	0.0	1492672	8262.035884024855	2.85
14447.51960100076	1850	10.282149732906966	0.0	943942	4508.422178851877	0.8500000000000001
14451.400896401383	1850	10.400854332283146	0.0	728962	3881.29540062382	1.85
14455.420305620764	1850	10.381445112903329	0.0	938587	4019.4092193798174	1.85
14461.669216183273	1850	8.132534550393768	0.0	908665	6248.910562509562	1.85
14464.58636488332	1200	9.215385850345635	0.0	587506	2917.148700048132	0.5499999999999999
14467.850333766739	1200	9.951416966925509	0.0	566904	3263.968883420128	1.2
14470.855793859966	1200	10.945956873700046	0.0	641452	3005.460093225462	1.2
14474.015864507157	1200	11.785886226508852	0.0	599477	3160.070647191195	1.2
14477.116226475548	1200	12.685524258118956	0.0	634861	3100.3619683898964	1.2
14482.346357607445	1850	11.455393126222308	0.0	958994	5230.131131896648	1.2000000000000002
14487.66609411987	1850	10.135656613798048	0.0	982064	5319.736512424261	1.85
14491.652793517933	1850	10.148957215735075	0.0	830730	3986.699398062972	1.85
14496.030504772223	2850	9.771245961444201	0.0	1364537	4377.711254290875	1.85

