15421.98159828634	750	4.0	3.666539248000215	450283	3666.5392480002147	-15.016118766400924
15422.913846105414	300	7.067752180926023	0.0	155580	932.2478190739762	-0.15000000000000002
15425.888250216483	750	8.093348069854693	0.0	350812	2974.4041110713297	0.3
15428.957378582569	750	9.024219703769914	0.0	382355	3069.1283660847807	0.75
15431.852931237005	750	10.128667049333606	0.0	411561	2895.5526544363065	0.75
15433.75266510557	750	12.228933180767614	0.0	318564	1899.733868565992	0.75
15437.844492311195	1200	12.137105975143355	0.0	561791	4091.827205624258	0.75
15441.955639956304	1200	12.025958330033438	0.0	709534	4111.147645109917	1.2
15445.393404025557	1200	12.588194260782204	0.0	584846	3437.7640692512346	1.2
15448.100622685954	1200	13.880975600383971	0.0	560821	2707.218660398231	1.2
15454.277144916301	1200	11.70445337003663	0.0	607410	6176.522230347342	1.2
15460.612273063669	1200	9.369325222668456	0.0	594078	6335.128147368175	1.2
15464.13026440785	750	9.851333878488497	0.0	386351	3517.9913441799595	0.3
15466.59568080199	750	11.385917484348495	0.0	434409	2465.4163941400025	0.75
15468.696207262246	750	13.285391024092378	0.0	337059	2100.526460256117	0.75
15471.448832018541	750	14.532766267796855	0.0	366214	2752.624756295524	0.75
15474.1957872641	750	15.785811022239011	0.0	360831	2746.955245557843	0.75
15478.572287564295	1200	15.409310722044818	0.0	581493	4376.500300194193	0.75
15490.111771342961	1200	7.869826943377997	0.0	639204	11539.483778666821	1.2
15493.99342980483	300	7.988168481508632	0.0	140881	3881.6584618693655	-0.6000000000000001
15497.998454694778	300	7.983143591560207	0.0	157671	4005.0248899484254	0.3
15500.394060144874	300	9.587538141464172	0.0	157812	2395.6054500960345	0.3
15501.971619172251	300	12.00997911408626	0.0	163927	1577.5590273779128	0.3
15503.222862198903	300	14.758736087432615	0.0	137654	1251.2430266536455	0.3
15504.658753147418	300	17.322845138919007	0.0	146754	1435.8909485136082	0.3
15506.210009851744	300	19.771588434592722	0.0	153938	1551.256704326286	0.3
15509.791652445772	750	20.189945840564906	0.0	425781	3581.642594027815	0.3
15512.005349393448	750	21.97624889288888	0.0	277716	2213.696947676027	0.75
15515.026775579121	750	22.95482270721647	0.0	400396	3021.426185672407	0.75
15517.753628913133	750	24.227969373205077	0.0	400508	2726.8533340113927	0.75
15520.959529689224	1200	25.02206859711249	0.0	570392	3205.9007760925856	0.75
15523.964256279014	1200	26.017342007322974	0.0	620283	3004.726589789521	1.2
15528.24409078962	1850	25.737507496717537	0.0	885062	4279.834510605435	1.2000000000000002
15535.236348563432	1850	22.745249722903868	0.0	1035329	6992.257773813672	1.85
15542.769963527255	1850	19.211634759082706	0.0	1026056	7533.614963821162	1.85
15549.86417673849	1850	16.117421547845296	0.0	943942	7094.21321123741	1.85
15561.258599557956	1850	8.722998728381281	0.0	728962	11394.422819464016	1.85
15567.97719551725	750	6.004402769086409	0.0	361565	6718.595959294872	-0.3500000000000001
15571.84245373581	300	6.13914455052639	0.0	144254	3865.2582185600186	-0.15000000000000002
15575.327205707517	300	6.654392578820053	0.0	149991	3484.751971706337	0.3
15578.534311807243	300	7.447286479093628	0.0	147968	3207.106099726425	0.3
15581.482144967653	300	8.49945331868478	0.0	161857	2947.833160408849	0.3
15584.030168971913	300	9.95142931442429	0.0	145210	2548.02400426049	0.3
15588.028884083422	300	9.952714202915253	0.0	172312	3998.7151115090373	0.3
15592.360035136708	300	9.621563149629747	0.0	167025	4331.151053285507	0.3
15595.946167471706	300	10.035430814632255	0.0	160064	3586.1323349974914	0.3
15598.737534571423	300	11.244063714914228	0.0	137507	2791.3670997180275	0.3
15603.87943870278	750	10.10215958355835	0.0	314107	5141.904131355878	0.3

