2036.618193860307	750	4.0	2.993897582587049	450283	2993.897582587049	-12.12375960512431
2039.1420333409326	750	5.4761605193743845	0.0	398865	2523.8394806256156	0.75
2040.5561711898795	750	8.062022670427524	0.0	350812	1414.13784894686	0.75
2041.8431240161494	750	10.775069844157693	0.0	382355	1286.9528262698318	0.75
2043.7208090359043	1200	12.897384824402842	0.0	652874	1877.6850197548522	0.75
2045.4010120731741	1200	15.2171817871329	0.0	520315	1680.2030372699423	1.2
2047.2704973318166	1200	17.34769652849039	0.0	561791	1869.4852586425093	1.2
2050.442978287869	1850	18.175215572437715	0.0	1060487	3172.480956052672	1.2000000000000002
2054.595934202654	2850	18.022259657652945	0.0	1348011	4152.955914784767	1.85
2059.313411611433	2850	17.30478224887408	0.0	1429765	4717.477408778868	2.85
2064.0349022957266	2850	16.583291564580325	0.0	1354548	4721.490684293753	2.85
2069.8559663312867	2850	14.76222752902008	0.0	1519951	5821.064035560246	2.85
2075.3640568979563	2850	13.254136962350836	0.0	1422919	5508.090566669243	2.85
2081.8789477937917	2850	10.739246066515149	0.0	1578343	6514.890895835689	2.85
2086.287353244651	2850	10.330840615656031	0.0	1231445	4408.405450859119	2.85
2091.9829912155387	2850	8.635202644768302	0.0	1471065	5695.637970887728	2.85
2097.879502494262	2850	6.73869136604497	0.0	1491626	5896.511278723332	2.85
2101.8037368405758	1850	6.814457019731089	0.0	885714	3924.2343463138814	0.8500000000000001
2105.768443171545	1850	6.849750688761592	0.0	987708	3964.706330969497	1.85
2109.5132052752224	1850	7.104988585084893	0.0	923755	3744.762103676698	1.85
2113.3004541671294	1850	7.317739693177474	0.0	891604	3787.2488919074194	1.85
2117.489378012224	1850	7.128815848083354	0.0	955231	4188.923845094119	1.85
2123.1326573298097	1850	5.4855365304973285	0.0	968026	5643.279317586026	1.85
2128.5425069878575	1850	4.075686872449736	0.0	874175	5409.849658047593	1.85
2130.723761270766	750	5.894432589541537	0.0	359903	2181.254282908199	-0.3500000000000001
2132.592809901228	750	8.025383959079045	0.0	379700	1869.048630462492	0.75
2136.4732301611193	1200	8.144963699187812	0.0	696376	3880.420259891232	0.75
2139.687376456503	1200	8.930817403804078	0.0	487160	3214.1462953837345	1.2
2145.7871518021366	1200	6.831042058170429	0.0	622896	6099.775345633649	1.2
2148.8636051687185	750	7.754588691588524	0.0	400508	3076.453366581905	0.3
2150.306531432876	750	10.311662427430827	0.0	358218	1442.926264157696	0.75
2151.8910538382415	750	12.72714002206516	0.0	400322	1584.5224053656661	0.75
2153.153515063686	750	15.464678796620852	0.0	369834	1262.4612254443093	0.75
2155.869672147349	1200	16.748521712957547	0.0	670129	2716.1570836633073	0.75
2159.8697179451397	1850	16.748475915166907	0.0	1026056	4000.045797790643	1.2000000000000002
2163.915315080476	1850	16.702878779830908	0.0	943942	4045.5971353359982	1.85
2167.1250516089744	1850	17.493142251332337	0.0	728962	3209.736528498569	1.85
2171.031614232175	1850	17.58657962813189	0.0	938587	3906.562623200447	1.85
2174.5375373113957	1850	18.0806565489112	0.0	908665	3505.9230792206918	1.85
2178.2764954541067	1850	18.34169840620041	0.0	930577	3738.958142710788	1.85
2184.7892851362426	2850	15.828908724064622	0.0	1339500	6512.789682135791	1.85
2190.937984240613	2850	13.68020961969404	0.0	1527299	6148.699104370581	2.85
2196.3177435143853	2850	12.300450345922146	0.0	1343002	5379.759273771895	2.85
2202.1005212449504	2850	10.517672615356815	0.0	1587250	5782.77773056533	2.85
2207.357703153545	2850	9.260490706762571	0.0	1464921	5257.181908594243	2.85
2212.727349446813	2850	7.890844413494693	0.0	1483527	5369.646293267879	2.85
2218.045774355336	2850	6.572419504971546	0.0	1231456	5318.424908523147	2.85
2224.4551667755404	2850	4.163027084767245	0.0	1364537	6409.392420204301	2.85

