71133.4777920742	750	4.0	3.974865311257283	450283	3974.86531126	-16.341920838406317
71140.97161574845	2850	4.0	3.4938236742415922	1431809	7493.82367424	-14.273441799238846
71147.9801311674	2850	4.0	3.008515418940624	1300868	7008.51541894	-10.086616301444684
71155.06815954496	2850	4.0	3.088028377560292	1520281	7088.02837756	-10.428522023509254
71162.25570050009	2850	4.0	3.187540955120043	1472558	7187.54095512	-10.856426107016183
71168.69086079334	2850	4.0	2.4351602932501084	1224260	6435.16029325	-7.621189260975466
71175.21075751538	2850	4.0	2.5198967220531285	1388403	6519.89672205	-7.985555904828452
71182.89900174466	2850	4.0	3.6882442292730446	1638769	7688.24422927	-13.009450185874092
71189.89124027522	2850	4.0	2.9922385305565466	1348011	6992.23853056	-10.016625681393151
71195.9248496957	2850	4.0	2.033609420478316	1429765	6033.60942048	-5.894520508056759
71200.4847573496	2850	4.0	0.5599076538954623	1354548	4559.9076539	0.4423970882495123
71206.21249931856	2850	4.0	1.727741968955408	1519951	5727.74196896	-4.5792904665082546
71212.19470005021	2850	4.0	1.9822007316478911	1422919	5982.20073165	-5.673463146085933
71220.1500858818	2850	4.0	3.955385831599393	1578343	7955.3858316	-14.158159075877391
71225.5871798969	2850	4.0	1.4370940151070226	1231445	5437.09401511	-3.3295042649601965
71233.95684853404	2850	4.0	4.369668637134228	1471065	8369.66863713	-15.93957513967718
71245.71499101409	2850	4.0	7.758142480052386	1491626	11758.1424801	-30.510012664225258
71253.39505570866	2850	4.0	3.6800646945630233	1358801	7680.06469456	-12.974278186621
71265.60763203097	2850	4.0	8.212576322296208	1537156	12212.5763223	-32.46407818587369
71278.76993342512	2850	4.0	9.16230139416033	1336050	13162.3013942	-36.547895994889416
71294.43579908462	2850	4.0	11.665865659495362	1415116	15665.8656595	-47.31322233583005
71304.24478814022	2850	4.0	5.808989055597771	1468126	9808.9890556	-22.128652939070413
71316.70008434168	2850	4.0	8.4552962014557	1505760	12455.2962015	-33.50777366625951
71325.43372309224	2850	4.0	4.733638750569078	1323990	8733.63875057	-17.504646627447034
71340.35615920363	2850	4.0	10.922436111387794	1383735	14922.4361114	-44.11647527896751
71355.61574431047	2850	4.0	11.25958510683996	1480464	15259.5851068	-45.56621595941183
71368.35677680979	2850	4.0	8.741032499316576	1547572	12741.0324993	-34.736439747061276
71378.80425582414	2850	4.0	6.447479014362346	1141971	10447.4790144	-24.874159761758087
71391.80507371166	2850	4.0	9.000817887513039	1498470	13000.8178875	-35.85351691630606
71405.17771610653	2850	4.0	9.372642394862968	1561263	13372.6423949	-37.45236229791076
71417.98728390154	2850	4.0	8.809567795016578	1341201	12809.567795	-35.03114151857128
71426.59340940398	2850	4.0	4.6061255024353835	1497683	8606.12550244	-16.956339660472146
71436.17100094171	2850	4.0	5.577591537723789	1358081	9577.59153772	-21.13364361221229
71449.43044682287	2850	4.0	9.259445881153383	1587293	13259.4458812	-36.96561728895954
71457.5577130752	2850	4.0	4.12726625234483	1492672	8127.26625234	-14.897244885082769
71465.44743523588	2850	4.0	3.889722160679832	1439896	7889.72216068	-13.875805290923276
71470.42340038449	2850	4.0	0.9759651485929925	1139291	4975.96514859	-1.3466501389498675
71477.66532596225	2850	4.0	3.241925577768233	1499009	7241.92557777	-11.090279984403402
71485.29214361325	2850	4.0	3.6268176509955303	1427478	7626.817651	-12.74531589928078
71491.83931741928	2850	4.0	2.5471738060201505	1402287	6547.17380602	-8.102847365886648
71497.81798826622	2850	4.0	1.9786708469611514	1339500	5978.67084696	-5.658284641932951
71505.87978429993	2850	4.0	4.0617960337077275	1527299	8061.79603371	-14.615722944943228
71511.80573665793	2850	4.0	1.9259523579986026	1343002	5925.952358	-5.431595139393991
71517.24319287353	2850	4.0	1.437456215600586	1587250	5437.4562156	-3.331061727082519
71522.63837732816	2850	4.0	1.3951844546191743	1464921	5395.18445462	-3.1492931548624488
71528.88479213208	2850	4.0	2.2464148039204948	1483527	6246.41480392	-6.809583656858127
71535.11188426623	2850	4.0	2.2270921341465226	1231456	6227.09213415	-6.726496176830047
71541.24555456711	2850	4.0	2.133670300888173	1364537	6133.67030089	-6.324782293819144

