72960.97915710125	750	4.0	4.722418988271614	450283	4722.41898827	-19.55640164956794
72971.86352124767	2850	4.0	6.884364146433179	1431809	10884.3641464	-28.85276582966267
72982.84027187085	2850	4.0	6.976750623181673	1300868	10976.7506232	-27.150027679681195
73004.49981218744	2850	4.0	17.65954031658653	1520281	21659.5403166	-73.08602336132208
73018.21197079818	2850	4.0	9.712158610751995	1472558	13712.1586108	-38.91228202623358
73034.84510791789	2850	4.0	12.633137119707659	1224260	16633.1371197	-51.472489614742926
73050.7207256571	2850	4.0	11.875617739217908	1388403	15875.6177392	-48.215156278637004
73074.5759493497	2850	4.0	19.855223692592133	1638769	23855.2236926	-82.52746187814617
73099.45136602464	2850	4.0	20.87541667494105	1348011	24875.4166749	-86.91429170224652
73131.11166687011	2850	4.0	27.660300845473234	1429765	31660.3008455	-116.0892936355349
73149.70583945465	2850	4.0	14.594172584531869	1354548	18594.1725845	-59.90494211348703
73181.12646471233	2850	4.0	27.42062525769237	1519951	31420.6252577	-115.0586886080772
73209.85750669008	2850	4.0	24.731041977747438	1422919	28731.0419777	-103.49348050431398
73230.81740176785	2850	4.0	16.959895077761573	1578343	20959.8950778	-70.07754883437477
73241.56221660813	2850	4.0	6.7448148402894805	1231445	10744.8148403	-26.152703813244763
73261.24378281762	2850	4.0	15.68156620948671	1471065	19681.5662095	-64.58073470079286
73274.95573196276	2850	4.0	9.71194914515705	1491626	13711.9491452	-38.91138132417531
73285.46971709962	2850	4.0	6.51398513684779	1358801	10513.9851368	-25.160136088445494
73302.54275507882	2850	4.0	13.073037979205361	1537156	17073.0379792	-53.36406331058305
73319.95837391402	2850	4.0	13.415618835193243	1336050	17415.6188352	-54.83716099133094
73336.63434283431	2850	4.0	12.67596892028828	1415116	16675.9689203	-51.6566663572396
73353.49985729757	2850	4.0	12.865514463255291	1468126	16865.5144633	-52.471712191997746
73374.7813813252	2850	4.0	17.28152402762557	1505760	21281.5240276	-71.46055331878995
73393.94614547756	2850	4.0	15.164764152364263	1323990	19164.7641524	-62.35848585516633
73424.46656083326	2850	4.0	26.520415355693782	1383735	30520.4153557	-111.18778602948326
73450.80885112433	2850	4.0	22.34229029107007	1480464	26342.2902911	-93.22184825160132
73480.19318648196	2850	4.0	25.384335357636587	1547572	29384.3353576	-106.30264203783733
73501.94087263072	2850	4.0	17.74768614874173	1141971	21747.6861487	-73.46505043958945
73527.43740435231	2850	4.0	21.496531721587278	1498470	25496.5317216	-89.5850864028253
73546.30691589086	2850	4.0	14.869511538551661	1561263	18869.5115386	-61.08889961577214
73559.22375036424	2850	4.0	8.91683447339015	1341201	12916.8344734	-35.49238823557764
73578.49038685976	2850	4.0	15.266636495517435	1497683	19266.6364955	-62.79653693072496
73588.67073553754	2850	4.0	6.180348677789998	1358081	10180.3486778	-23.72549931449699
73603.0044676971	2850	4.0	10.333732159557409	1587293	14333.7321596	-41.58504828609686
73624.37437058825	2850	4.0	17.369902891158336	1492672	21369.9028912	-71.84058243198085
73638.79767016982	2850	4.0	10.423299581562057	1439896	14423.2995816	-41.97018820071684
73653.53933648353	2850	4.0	10.74166631372796	1139291	14741.6663137	-43.33916514903022
73671.91147955784	2850	4.0	14.372143074301784	1499009	18372.1430743	-58.950215219497665
73692.02055664978	2850	4.0	16.109077091934743	1427478	20109.0770919	-66.4190314953194
73718.9016573499	2850	4.0	22.881100700120967	1402287	26881.1007001	-95.53873301052016
73748.30588892844	2850	4.0	25.404231578536773	1339500	29404.2315785	-106.38819578770813
73769.63947961044	2850	4.0	17.333590682005056	1527299	21333.590682	-71.68443993262174
73798.33188436096	2850	4.0	24.692404750509873	1343002	28692.4047505	-103.32734042719245
73829.52508223883	2850	4.0	27.193197877890686	1587250	31193.1978779	-114.08075087492995
73848.31922679917	2850	4.0	14.794144560336136	1464921	18794.1445603	-60.76482160944538
73860.6728671792	2850	4.0	8.353640380030448	1483527	12353.64038	-33.07065363413093
73879.04767201674	2850	4.0	14.374804837547014	1231456	18374.8048375	-58.961660801452155
73891.27591678544	2850	4.0	8.228244768699017	1364537	12228.2447687	-32.531452505405774

