22723.720898390326	750	4.0	4.665178135276565	450283	4665.178135276565	-19.31026598168923
22725.219732958216	300	6.501165432110702	0.0	155580	1498.8345678892972	-0.15000000000000002
22726.661261940128	300	9.059636450196395	0.0	139857	1441.5289819143081	0.3
22735.47009780542	750	4.2508005849030255	0.0	382355	8808.83586529337	0.3
22738.399425183725	300	5.3214732066013894	0.0	163442	2929.3273783016352	-0.15000000000000002
22740.90483745134	300	6.816060938985832	0.0	126289	2505.412267615557	0.3
22743.898741367597	300	7.822157022726662	0.0	153295	2993.903916259171	0.3
22747.190074239057	300	8.530824151266824	0.0	173849	3291.332871459837	0.3
22750.412088067475	300	9.308810322848872	0.0	150710	3222.0138284179525	0.3
22754.469260762024	300	9.25163762830104	0.0	139105	4057.172694547832	0.3
22759.482723496843	300	8.238174893482057	0.0	141840	5013.462734818983	0.3
22762.52763849858	300	9.193259891743718	0.0	156148	3044.9150017383377	0.3
22766.094332389213	300	9.626566001111398	0.0	160746	3566.693890632321	0.3
22771.062374560952	300	8.658523829372793	0.0	179801	4968.042171738606	0.3
22775.910312812695	300	7.810585577626836	0.0	140051	4847.938251745957	0.3
22779.73659220153	300	7.984306188794088	0.0	138313	3826.279388832747	0.3
22782.06913759944	300	9.651760790887998	0.0	143509	2332.5453979060894	0.3
22783.140701909855	300	12.580196480471896	0.0	150616	1071.564310416102	0.3
22784.100998873295	300	15.619899517034218	0.0	165384	960.2969634376764	0.3
22784.89383021149	300	18.82706817883825	0.0	140881	792.8313381959667	0.3
22785.68938686169	300	22.031511528637495	0.0	157671	795.5566502007568	0.3
22787.74171370967	750	23.979184680656463	0.0	399894	2052.3268479810285	0.3
22789.88672047157	750	25.83417791875661	0.0	401853	2145.0067618998555	0.75
22792.087686683353	1200	27.63321170697614	0.0	536667	2200.966211780469	0.75
22796.646925297526	1850	27.07397309280515	0.0	897976	4559.238614170991	1.2000000000000002
22801.286905483998	1850	26.4339929063304	0.0	905935	4639.980186474748	1.85
22808.78360423335	1850	22.93729415697845	0.0	1076599	7496.698749351952	1.85
22815.105146950194	1850	20.615751440136332	0.0	758197	6321.542716842116	1.85
22823.369763921663	1850	16.351134468665318	0.0	972798	8264.616971471016	1.85
22831.407907158547	1850	12.312991231782817	0.0	975811	8038.143236882501	1.85
22835.747512748057	1200	11.973385642270937	0.0	570392	4339.605589511879	0.5499999999999999
22840.166388717622	1200	11.554509672707262	0.0	620283	4418.875969563676	1.2
22844.16664571682	1200	11.55425267351035	0.0	584349	4000.256999196913	1.2
22848.306071838706	1200	11.414826551623452	0.0	670129	4139.426121886896	1.2
22851.88626735626	1200	11.834631034066875	0.0	690253	3580.195517556577	1.2
22854.94976458177	1200	12.771133808557856	0.0	598727	3063.4972255090197	1.2
22857.513748402416	1200	14.207149987912107	0.0	487812	2563.983820645747	1.2
22860.50960337095	1200	15.21129501937767	0.0	575591	2995.8549685344365	1.2
22862.788196166857	1200	16.932702223470997	0.0	605884	2278.5927959066726	1.2
22867.48930372421	1850	16.23159466611836	0.0	930577	4701.107557352637	1.2000000000000002
22872.75442440842	1850	14.966473981907436	0.0	858450	5265.120684210926	1.85
22877.709424763925	1850	14.0114736264015	0.0	1025005	4955.000355505937	1.85
22881.60343676563	1850	14.117461624697661	0.0	886255	3894.012001703839	1.85
22886.159802414444	1850	13.56109597588388	0.0	973972	4556.365648813781	1.85
22890.686407185156	1850	13.034491205171799	0.0	958994	4526.6047707120815	1.85
22895.45451332103	1850	12.266385069295895	0.0	982064	4768.106135875904	1.85
22901.77504723738	2850	9.945851152945396	0.0	1231456	6320.5339163505	1.85
22910.23542482004	2850	5.485473570287169	0.0	1364537	8460.377582658226	2.85

