58481.37543819591	750	4.0	11.415819972284071	450283	11415.8199723	-48.338025880821505
58513.293655273854	2850	4.0	27.91821707794653	1431809	31918.2170779	-119.29833343517008
58547.123116696675	2850	4.0	29.829461422825318	1300868	33829.4614228	-125.41668411814888
58557.66572061549	2850	4.0	6.542603918815827	1520281	10542.6039188	-25.283196850908052
58567.82959474335	2850	4.0	6.163874127858421	1472558	10163.8741279	-23.654658749791206
58573.90298593602	2850	4.0	2.0733911926763504	1224260	6073.39119268	-6.065582128508307
58581.08140298279	2850	4.0	3.1784170467647845	1388403	7178.41704676	-10.817193301088574
58588.777626944015	2850	4.0	3.6962239612264147	1638769	7696.22396123	-13.043763033273583
58594.40032432802	2850	4.0	1.6226973840066286	1348011	5622.69738401	-4.127598751228502
58600.70210902737	2850	4.0	2.3017846993532167	1429765	6301.78469935	-7.047674207218831
58606.57829500823	2850	4.0	1.876185980856325	1354548	5876.18598086	-5.217599717682198
58615.675833648565	2850	4.0	5.097538640337112	1519951	9097.53864034	-19.06941615344958
58623.51133940503	2850	4.0	3.83550575647005	1422919	7835.50575647	-13.642674752821216
58630.07603132325	2850	4.0	2.564691918225042	1578343	6564.69191823	-8.178175248367682
58635.58054516133	2850	4.0	1.5045138380778844	1231445	5504.51383808	-3.6194095037349023
58641.69465315963	2850	4.0	2.114107998305493	1471065	6114.10799831	-6.2406643927136205
58648.38317694594	2850	4.0	2.688523786302707	1491626	6688.5237863	-8.71065228110164
58654.99400531986	2850	4.0	2.6108283739168074	1358801	6610.82837392	-8.376562007842272
58662.72639862365	2850	4.0	3.7323933038003014	1537156	7732.3933038	-13.199291206341295
58671.92460575907	2850	4.0	5.198207135415378	1336050	9198.20713542	-19.502290682286123
58681.880861123995	2850	4.0	5.956255364927754	1415116	9956.25536493	-22.761898069189343
58697.32757818467	2850	4.0	11.44671706067195	1468126	15446.7170607	-46.37088336088939
58718.36451893292	2850	4.0	17.036940748254132	1505760	21036.9407483	-70.40884521749277
58741.44494333622	2850	4.0	19.080424403305308	1323990	23080.4244033	-79.19582493421282
58754.319664941264	2850	4.0	8.87472160504843	1383735	12874.721605	-35.311302901708245
58785.28981364603	2850	4.0	26.970148704757257	1480464	30970.1487048	-113.12163943045621
58827.042392841104	2850	4.0	37.75257919507581	1547572	41752.5791951	-159.48609053882598
58847.61061283431	2850	4.0	16.568219993212534	1141971	20568.2199932	-68.3933459708139
58857.37017086872	2850	4.0	5.759558034409961	1498470	9759.55803441	-21.91609954796283
58867.82543769128	2850	4.0	6.4552668225546315	1561263	10455.2668226	-24.907647336984912
58874.22075132865	2850	4.0	2.3953136373673725	1341201	6395.31363737	-7.449848640679701
58881.84616479824	2850	4.0	3.6254134695939064	1497683	7625.41346959	-12.739277919253798
58887.674259463216	2850	4.0	1.8280946649754468	1358081	5828.09466498	-5.010807059394422
58894.3435296076	2850	4.0	2.6692701443863363	1587293	6669.27014439	-8.627861620861246
58901.152268289276	2850	4.0	2.8087386816704467	1492672	6808.73868167	-9.22757633118292
58908.51149931408	2850	4.0	3.3592310248089405	1439896	7359.23102481	-11.594693406678443
58915.95413832746	2850	4.0	3.4426390133818923	1139291	7442.63901338	-11.953347757542137
58922.997853051136	2850	4.0	3.0437147236679856	1499009	7043.71472367	-10.237973311772338
58929.174215618164	2850	4.0	2.1763625670287867	1427478	6176.36256703	-6.508359038223784
58935.36518270721	2850	4.0	2.1909670890514517	1402287	6190.96708905	-6.571158482921241
58940.83153228455	2850	4.0	1.4663495773408577	1339500	5466.34957734	-3.455303182565688
58947.68283277601	2850	4.0	2.8513004914602016	1527299	6851.30049146	-9.410592113278867
58954.27319648909	2850	4.0	2.5903637130810457	1343002	6590.36371308	-8.288563966248496
58962.374418021034	2850	4.0	4.101221531939558	1587250	8101.22153194	-14.785252587340098
58972.96922649234	2850	4.0	6.59480847131371	1464921	10594.8084713	-25.507676426648953
58985.5788344257	2850	4.0	8.609607933353661	1483527	12609.6079334	-34.17131411342074
58997.57138296746	2850	4.0	7.992548541755743	1231456	11992.5485418	-31.51795872954969
59021.016620082984	2850	4.0	19.445237115524485	1364537	23445.2371155	-80.76451959675529

