17127.013050765167	750	4.0	6.240793125191714	450283	6240.793125191714	-26.08541043832437
17129.62126429756	300	5.39178646760646	0.0	155580	2608.2135323935404	-0.15000000000000002
17132.14944358856	300	6.863607176602174	0.0	139857	2528.179291004286	0.3
17134.43490054497	300	8.578150220191981	0.0	155432	2285.456956410193	0.3
17137.947721464796	300	9.065329300370701	0.0	163442	3512.820919821281	0.3
17140.309009064556	300	10.704041700610226	0.0	126289	2361.2875997604747	0.3
17142.856074631567	300	12.156976133596313	0.0	153295	2547.065567013914	0.3
17145.79409882988	300	13.218951935283304	0.0	173849	2938.024198313009	0.3
17148.881947774928	300	14.131102990237448	0.0	150710	3087.848945045855	0.3
17151.85034859015	300	15.162702175014754	0.0	139105	2968.400815222695	0.3
17154.6507354978	300	16.362315267365	0.0	141840	2800.3869076497554	0.3
17157.47379683757	300	17.539253927590405	0.0	156148	2823.0613397745915	0.3
17160.532497294662	300	18.480553470501146	0.0	160746	3058.7004570892605	0.3
17164.60079554007	300	18.412255225090572	0.0	179801	4068.2982454105727	0.3
17167.778359003565	300	19.234691761596945	0.0	140051	3177.563463493625	0.3
17170.372765700387	300	20.6402850647763	0.0	138313	2594.4066968206475	0.3
17172.70586870294	300	22.30718206222974	0.0	143509	2333.1030025465607	0.3
17174.919048878815	300	24.094001886351908	0.0	150616	2213.1801758778292	0.3
17177.372468307887	300	25.640582457281866	0.0	165384	2453.419429070041	0.3
17179.716352276184	300	27.296698488985843	0.0	140881	2343.8839682960256	0.3
17185.537547800224	750	25.475502964945267	0.0	386472	5821.195524040577	0.3
17191.03162134584	750	23.98142941932767	0.0	399894	5494.073545617592	0.75
17197.12177967839	750	21.891271086778865	0.0	401853	6090.158332548807	0.75
17202.425563690973	750	20.587487074198172	0.0	343800	5303.784012580696	0.75
17205.91255602072	750	21.100494744446433	0.0	359903	3486.9923297517366	0.75
17209.02008799046	750	21.992962774709	0.0	379700	3107.531969737435	0.75
17213.43466880369	750	21.57838196147943	0.0	425781	4414.580813229569	0.75
17217.205436491757	750	21.807614273408525	0.0	277716	3770.7676880709046	0.75
17222.530878480873	750	20.482172284293505	0.0	400396	5325.44198911502	0.75
17231.0263018123	750	15.986748952866229	0.0	400508	8495.423331427277	0.75
17237.99274683521	750	13.020303929958319	0.0	358218	6966.445022907909	0.75
17242.39564904842	300	12.617401716746102	0.0	157488	4402.902213212215	-0.15000000000000002
17247.394798334248	300	11.618252430920391	0.0	143881	4999.1492858257125	0.3
17252.69608968644	300	10.31696107873114	0.0	163444	5301.2913521892515	0.3
17257.25555020373	300	9.757500561441844	0.0	179328	4559.460517289295	0.3
17262.572916201967	300	8.440134563202827	0.0	159914	5317.365998239017	0.3
17267.2941247816	300	7.718925983567588	0.0	131610	4721.20857963524	0.3
17271.303222708844	300	7.7098280563237385	0.0	124011	4009.0979272438485	0.3
17274.950350346793	300	8.06270041837377	0.0	144254	3647.127637949969	0.3
17278.61551455813	300	8.397536207035849	0.0	149991	3665.1642113379226	0.3
17282.204748464465	300	8.808302300701166	0.0	147968	3589.233906334681	0.3
17285.186556066077	300	9.82649469909096	0.0	161857	2981.8076016102077	0.3
17287.800904798827	300	11.212145966341714	0.0	145210	2614.3487327492458	0.3
17290.402254881403	300	12.610795883765531	0.0	172312	2601.3500825761816	0.3
17292.641664848783	300	14.371385916387691	0.0	167025	2239.4099673778405	0.3
17295.334199696765	300	15.678851068407154	0.0	160064	2692.5348479805384	0.3
17303.43217490748	750	11.580875857692932	0.0	331053	8097.975210714221	0.3
17308.0547698748	750	10.958280890373619	0.0	314107	4622.594967319313	0.75

