37732.26173275931	750	4.0	2.572266498290951	450283	2572.26649829	-10.310745942651089
37753.526153998304	2850	4.0	17.264421238991577	1431809	21264.421239	-73.48701132766378
37774.93541067591	2850	4.0	17.409256677615936	1300868	21409.2566776	-72.00980371374852
37785.719120447226	2850	4.0	6.783709771312313	1520281	10783.7097713	-26.31995201664294
37799.815039043075	2850	4.0	10.095918595853865	1472558	14095.9185959	-40.56244996217162
37820.28270218072	2850	4.0	16.46766313763682	1224260	20467.6631376	-67.96095149183833
37834.10438629744	2850	4.0	9.821684116730943	1388403	13821.6841167	-39.38324170194305
37853.16382874491	2850	4.0	15.059442447469191	1638769	19059.4424475	-61.90560252411752
37862.41607269297	2850	4.0	5.252243948057454	1348011	9252.24394806	-19.734648976647048
37871.58670052292	2850	4.0	5.170627829954945	1429765	9170.62782995	-19.383699668806262
37880.17488854014	2850	4.0	4.5881880172184335	1354548	8588.18801722	-16.879208474039263
37903.93687387797	2850	4.0	19.761985337826502	1519951	23761.9853378	-82.12653695265396
37924.76516060852	2850	4.0	16.828286730557654	1422919	20828.2867306	-69.51163294139792
37957.073566014755	2850	4.0	28.30840540622755	1578343	32308.4054062	-118.87614324677847
37969.32495496999	2850	4.0	8.251388955231983	1231445	12251.3889552	-32.630972507497525
37985.993177783144	2850	4.0	12.668222813156186	1471065	16668.2228132	-51.62335809657159
37999.32539588673	2850	4.0	9.332218103579565	1491626	13332.2181036	-37.27853784539213
38012.718665746164	2850	4.0	9.393269859441476	1358801	13393.2698594	-37.54106039559834
38027.41743087202	2850	4.0	10.698765125845595	1537156	14698.7651258	-43.15469004113606
38048.71395902867	2850	4.0	17.29652815665245	1336050	21296.5281567	-71.52507107360553
38071.03126150556	2850	4.0	18.31730247689136	1415116	22317.3024769	-75.91440065063286
38080.44698256396	2850	4.0	5.4157210583947615	1468126	9415.72105839	-20.43760055109747
38096.05332112937	2850	4.0	11.60633856541669	1505760	15606.3385654	-47.05725583129176
38117.57936849982	2850	4.0	17.526047370449668	1323990	21526.0473704	-72.51200369293358
38131.491559108494	2850	4.0	9.912190608673288	1383735	13912.1906087	-39.772419617295135
38147.99319519345	2850	4.0	12.501636084953144	1480464	16501.636085	-50.90703516529852
38158.472889919765	2850	4.0	6.479694726318354	1547572	10479.6947263	-25.01268732316892
38165.835683464036	2850	4.0	3.3627935442720656	1141971	7362.79354427	-11.610012240369882
38175.45371801607	2850	4.0	5.618034552036655	1498470	9618.03455204	-21.307548573757614
38199.96424779666	2850	4.0	20.510529780589927	1561263	24510.5297806	-85.34527805653669
38222.187439728965	2850	4.0	18.223191932308566	1341201	22223.1919323	-75.50972530892683
38251.45910044268	2850	4.0	25.27166071371254	1497683	29271.6607137	-105.81814106896391
38265.12915545651	2850	4.0	9.670055013837807	1358081	13670.0550138	-38.73123655950257
38282.42833677649	2850	4.0	13.299181319971366	1587293	17299.18132	-54.336479675876866
38296.05546724882	2850	4.0	9.627130472333901	1492672	13627.1304723	-38.54666103103577
38310.40415833658	2850	4.0	10.348691087759335	1439896	14348.6910878	-41.64937167736514
38321.36718899291	2850	4.0	6.963030656333489	1139291	10963.0306563	-27.091031822233997
38344.610020487686	2850	4.0	19.24283149478152	1499009	23242.8314948	-79.89417542756054
38366.500566119554	2850	4.0	17.890545631863215	1427478	21890.5456319	-74.07934621701183
38374.97488412145	2850	4.0	4.474318001900614	1402287	8474.3180019	-16.38956740817264
38388.58375898624	2850	4.0	9.60887486478775	1339500	13608.8748648	-38.46816191858733
38412.98790950511	2850	4.0	20.404150518865226	1527299	24404.1505189	-84.88784723112047
38426.563367572024	2850	4.0	9.575458066918861	1343002	13575.4580669	-38.3244696877511
38443.55927590528	2850	4.0	12.995908333254286	1587250	16995.9083333	-53.032405832993426
38453.21338332403	2850	4.0	5.654107418743866	1464921	9654.10741874	-21.462661900598622
38462.70052141464	2850	4.0	5.48713809061201	1483527	9487.13809061	-20.74469378963164
38470.77558209352	2850	4.0	4.075060678880771	1231456	8075.06067888	-14.672760919187313
38493.76631936994	2850	4.0	18.990737276422852	1364537	22990.7372764	-78.81017028861827

