5970.5013339350935	750	4.0	2.572266498290951	450283	2572.266498290951	-10.310745942651089
5972.645452914164	750	5.855881020930088	0.0	398865	2144.1189790699123	0.75
5979.419241988656	750	4.0	0.9179080535625963	350812	6773.789074492684	-3.197004630319164
5982.008115390158	300	5.4111265984976855	0.0	155432	2588.873401502315	-0.15000000000000002
5984.930379553878	300	6.488862434777878	0.0	163442	2922.2641637198076	0.3
5987.131384867548	300	8.287857121107965	0.0	126289	2201.0053136699134	0.3
5990.185765068975	300	9.233476919680362	0.0	153295	3054.380201427604	0.3
5994.00314626613	300	9.41609572252596	0.0	173849	3817.3811971544023	0.3
5996.692298195654	300	10.726943793001197	0.0	150710	2689.151929524762	0.3
5999.480111869137	300	11.939130119519348	0.0	139105	2787.81367348185	0.3
6002.841925882585	300	12.577316106070727	0.0	141840	3361.8140134486216	0.3
6005.884350778344	300	13.53489121031171	0.0	156148	3042.4248957590175	0.3
6008.270289382579	300	15.148952606077124	0.0	160746	2385.938604234586	0.3
6010.5410524415365	300	16.878189547119348	0.0	179801	2270.7630589577734	0.3
6012.374959615174	300	19.04428237348231	0.0	140051	1833.90717363704	0.3
6014.1681890753625	300	21.25105291329274	0.0	138313	1793.2294601895715	0.3
6018.099516122803	750	21.319725865852547	0.0	360831	3931.327047440195	0.3
6021.089504058342	750	22.329737930313975	0.0	372963	2989.987935538572	0.75
6023.010906314603	750	24.40833567405202	0.0	405596	1921.402256261959	0.75
6025.098284099238	750	26.32095788941745	0.0	350713	2087.377784634569	0.75
6027.675420097991	1200	27.74382189066423	0.0	601738	2577.1359987532187	0.75
6033.464220022292	1200	25.9550219663635	0.0	616206	5788.799924300731	1.2
6050.872276580305	1850	12.546965408350326	0.0	968026	17408.056558013173	1.2000000000000002
6057.118226810626	750	10.301015178029557	0.0	343800	6245.950230320769	-0.3500000000000001
6059.300557680693	300	12.1186843079628	0.0	146754	2182.3308700667567	-0.15000000000000002
6061.338823579276	300	14.08041840937934	0.0	153938	2038.2658985834612	0.3
6063.840146237916	300	15.57909575073878	0.0	181901	2501.322658640561	0.3
6065.193124829881	300	18.226117158774237	0.0	111155	1352.9785919645442	0.3
6066.836341755612	300	20.582900233043386	0.0	153605	1643.216925730849	0.3
6070.823161396491	750	20.59608059216449	0.0	400508	3986.8196408788963	0.3
6075.8342705926225	1200	19.58497139603277	0.0	570392	5011.109196131716	0.75
6084.316540058713	1200	15.102701929942237	0.0	620283	8482.269466090534	1.2
6090.473127504796	1200	12.946114483860143	0.0	584349	6156.587446082094	1.2
6094.280133057718	750	13.13910893093858	0.0	412837	3807.0055529215624	0.3
6096.955966616693	750	14.463275371963192	0.0	401088	2675.8335589753874	0.75
6099.581090549494	750	15.83815143916288	0.0	365161	2625.123932800312	0.75
6101.814976399838	750	17.604265588818535	0.0	321064	2233.8858503443444	0.75
6105.6270441956685	1200	17.79219779298748	0.0	575591	3812.067795831055	0.75
6110.0811586496375	1200	17.338083339018894	0.0	605884	4454.114453968589	1.2
6113.365500801037	1200	18.053741187618765	0.0	587506	3284.342151400128	1.2
6116.684965187284	1200	18.734276801371895	0.0	566904	3319.46438624687	1.2
6121.2478442095435	1200	18.171397779112624	0.0	641452	4562.879022259273	1.2
6127.337548294288	1200	16.08169369436764	0.0	599477	6089.704084744982	1.2
6140.39440566873	1200	7.024836319926153	0.0	634861	13056.857374441488	1.2
6143.626430978555	300	7.792811010101521	0.0	167025	3232.025309824632	-0.6000000000000001
6145.811352929375	300	9.607889059280227	0.0	160064	2184.9219508212946	0.3
6147.170005599386	300	12.249236389269697	0.0	137507	1358.6526700105303	0.3
6148.416116950071	300	15.00312503858438	0.0	118421	1246.1113506853167	0.3

