3165.89852934	750	4.0	2.100206826790785	450283	2100.20682679	-8.280889355200376
3173.24882225	2850	4.0	3.350292910224539	1431809	7350.29291022	-13.656259513965516
3178.8191224	2850	4.0	1.5703001432875026	1300868	5570.30014329	-3.9022906161362605
3186.19704562	2850	4.0	3.377923219487946	1520281	7377.92321949	-11.675069843798168
3191.64138361	2850	4.0	1.4443379936904566	1472558	5444.33799369	-3.360653372868963
3195.66424856	2850	4.0	0.022864948160155562	1224260	4022.86494816	2.751680722911331
3201.77502275	2850	4.0	2.1107741905371196	1388403	6110.77419054	-6.226329019309613
3208.67315079	2850	4.0	2.8981280435578727	1638769	6898.12804356	-9.611950587298852
3214.50086597	2850	4.0	1.8277151786241583	1348011	5827.71517862	-5.009175268083881
3220.23956348	2850	4.0	1.7386975056668816	1429765	5738.69750567	-4.626399274367591
3227.3883023	2850	4.0	3.1487388238271152	1354548	7148.73882383	-10.689576942456595
3232.36050856	2850	4.0	0.9722062645864217	1519951	4972.20626459	-1.3304869377216133
3238.28708894	2850	4.0	1.9265803725294828	1422919	5926.58037253	-5.4342956018767765
3245.44188176	2850	4.0	3.154792822573302	1578343	7154.79282257	-10.715609137065199
3259.76734317	2850	4.0	10.325461407577803	1231445	14325.4614076	-41.54948405258455
3271.07514083	2850	4.0	7.307797661090452	1471065	11307.7976611	-28.57352994268894
3279.54729763	2850	4.0	4.472156800569881	1491626	8472.15680057	-16.380274242450483
3285.54787314	2850	4.0	2.0005755152577778	1358801	6000.57551526	-5.752474715608445
3290.22302428	2850	4.0	0.6751511309340258	1537156	4675.15113093	-0.05314986301631075
3294.692072	2850	4.0	0.4690477284102844	1336050	4469.04772841	0.8330947678357772
3299.39525628	2850	4.0	0.7031842755736835	1415116	4703.18427557	-0.1736923849668388
3304.97805029	2850	4.0	1.5827940088669556	1468126	5582.79400887	-3.9560142381279086
3311.81336023	2850	4.0	2.835309939812698	1505760	6835.30993981	-9.341832741194601
3317.10614833	2850	4.0	1.292788101963557	1323990	5292.78810196	-2.7089888384432945
3323.2568734	2850	4.0	2.1507250682223074	1383735	6150.72506822	-6.398117793355922
3329.21235325	2850	4.0	1.9554798557801123	1480464	5955.47985578	-5.558563379854483
3335.1580127	2850	4.0	1.9456594481713474	1547572	5945.65944817	-5.516335627136794
3339.59849472	2850	4.0	0.44048201438945034	1141971	4440.48201439	0.9559273381253637
3345.32476754	2850	4.0	1.7262728260736349	1498470	5726.27282607	-4.57297315211663
3353.6823476	2850	4.0	4.357580052863936	1561263	8357.58005286	-15.887594227314922
3357.93806564	2850	4.0	0.2557180479599101	1341201	4255.71804796	1.7504123937723868
3362.99203268	2850	4.0	1.053967032816554	1497683	5053.96703282	-1.6820582411111817
3367.10427285	2850	4.0	0.1122401769781618	1358081	4112.24017698	2.3673672389939044
3372.04306622	2850	4.0	0.9387933677962447	1587293	4938.7933678	-1.186811481523852
3380.16388519	2850	4.0	4.120818971163223	1492672	8120.81897116	-14.869521576001857
3388.09074049	2850	4.0	3.926855295061515	1439896	7926.85529506	-14.035477768764514
3394.15100384	2850	4.0	2.0602633556922503	1139291	6060.26335569	-6.009132429476676
3400.51838049	2850	4.0	2.36737664263033	1499009	6367.37664263	-7.3297195633104195
3407.53855452	2850	4.0	3.020174037754122	1427478	7020.17403775	-10.136748362342724
3412.79351305	2850	4.0	1.254958526101529	1402287	5254.9585261	-2.5463216622365743
3417.27336856	2850	4.0	0.47985550984142267	1339500	4479.85550984	0.7866213076818829
3423.84443716	2850	4.0	2.5710686030638015	1527299	6571.06860306	-8.205594993174346
3429.37521439	2850	4.0	1.530777229790623	1343002	5530.77722979	-3.7323420880996783
3436.38127875	2850	4.0	3.006064358956146	1587250	7006.06435896	-10.076076743511427
3442.24980694	2850	4.0	1.868528189052512	1464921	5868.52818905	-5.184671212925801
3449.73816851	2850	4.0	3.4883615710434386	1483527	7488.36157104	-12.149954755486785
3453.75091229	2850	4.0	0.01274377906529935	1231456	4012.74377907	2.795201750019213
3459.39580241	2850	4.0	1.6448901155730582	1364537	5644.89011557	-4.22302749696415

