25193.005034840862	750	4.0	11.415819972284071	450283	11415.81997228407	-48.338025880821505
25195.828123913238	300	5.176910927625635	0.0	155580	2823.0890723743646	-0.15000000000000002
25198.12452642516	300	6.880508415700065	0.0	139857	2296.4025119255693	0.3
25200.206860778766	300	8.798174062092835	0.0	155432	2082.334353607229	0.3
25203.170037112635	300	9.834997728226448	0.0	163442	2963.1763338663886	0.3
25206.410485186305	300	10.594549654555204	0.0	126289	3240.4480736712444	0.3
25209.076293451686	300	11.928741389173108	0.0	153295	2665.8082653820957	0.3
25213.568403582172	300	11.436631258687633	0.0	173849	4492.110130485475	0.3
25218.21595787699	300	10.78907696386657	0.0	150710	4647.554294821064	0.3
25222.96785884696	300	10.037175993896167	0.0	139105	4751.900969970405	0.3
25227.924103015943	300	9.080931824913973	0.0	141840	4956.244168982194	0.3
25233.015182102743	300	7.9898527381139415	0.0	156148	5091.079086800031	0.3
25237.319069748824	300	7.685965092034298	0.0	160746	4303.887646079643	0.3
25243.442040997757	300	5.562993843097569	0.0	179801	6122.971248936729	0.3
25248.210867517082	300	4.794167323771426	0.0	140051	4768.826519326142	0.3
25252.80955852603	300	4.195476314822005	0.0	138313	4598.691008949421	0.3
25256.19398198289	300	4.811052857963363	0.0	143509	3384.423456858642	0.3
25258.45752854648	300	6.547506294370085	0.0	150616	2263.5465635932774	0.3
25260.044708274396	300	8.960326566457432	0.0	165384	1587.179727912654	0.3
25261.404907826432	300	11.600127014419334	0.0	140881	1360.1995520380992	0.3
25262.704721849354	300	14.30031299149726	0.0	157671	1299.814022922074	0.3
25263.884702381394	300	17.120332459452786	0.0	157812	1179.9805320444698	0.3
25266.711868805844	750	18.293166035003043	0.0	401853	2827.166424449744	0.3
25268.994454366217	750	20.01058047462897	0.0	343800	2282.5855603740747	0.75
25271.246437226615	750	21.758597614230073	0.0	359903	2251.9828603988963	0.75
25275.18346718017	1200	21.82156766067501	0.0	590335	3937.029953555057	0.75
25280.30297956486	1200	20.702055275984275	0.0	696376	5119.512384690737	1.2
25283.323595433438	1200	21.68143940740893	0.0	487160	3020.615868575344	1.2
25287.788655111068	1850	21.216379729777266	0.0	972798	4465.059677631666	1.2000000000000002
25292.954696622557	1850	20.0503382182876	0.0	975811	5166.041511489663	1.85
25297.398938498518	1850	19.606096342327074	0.0	873429	4444.241875960526	1.85
25301.742912797596	1850	19.262122043251708	0.0	954453	4343.974299075365	1.85
25305.391967459127	1850	19.61306738171978	0.0	885062	3649.05466153193	1.85
25309.75615224369	1850	19.24888259715644	0.0	1035329	4364.184784563338	1.85
25314.49679042352	1850	18.508244417329383	0.0	1026056	4740.638179827058	1.85
25318.472231718857	1850	18.532803121994263	0.0	943942	3975.4412953351207	1.85
25322.45329299706	1850	18.55174184379144	0.0	728962	3981.0612782028234	1.85
25327.965629277274	1850	17.03940556357648	0.0	938587	5512.336280214957	1.85
25334.467103632065	1850	14.537931208783288	0.0	908665	6501.474354793195	1.85
25338.1081617867	1850	14.896873054150905	0.0	930577	3641.058154632383	1.85
25341.85175227868	1850	15.153282562170615	0.0	858450	3743.5904919802897	1.85
25346.33732893998	1850	14.667705900869823	0.0	1025005	4485.57666130079	1.85
25350.143446843176	1850	14.861587997671409	0.0	886255	3806.1179031984134	1.85
25354.29859599814	1850	14.70643884270586	0.0	973972	4155.14915496555	1.85
25358.347535224715	1850	14.657499616136239	0.0	958994	4048.9392265696206	1.85
25365.25028971592	2850	11.754745124929824	0.0	1483527	6902.754491206414	1.85
25371.26811040492	2850	9.736924435929417	0.0	1231456	6017.820689000408	2.85
25378.215381041013	2850	6.78965379983628	0.0	1364537	6947.270636093137	2.85

