45667.71171418037	750	4.0	4.492096968258112	450283	4492.09696826	-18.56601696350988
45679.86734605882	2850	4.0	8.155631878453653	1431809	12155.6318785	-34.31921707735071
45690.95590936791	2850	4.0	7.0885633090949955	1300868	11088.5633091	-27.630822229108478
45708.91528896549	2850	4.0	13.959379597571525	1520281	17959.3795976	-57.17533226955755
45728.718754499954	2850	4.0	15.803465534471801	1472558	19803.4655345	-65.10490179822875
45747.90859838352	2850	4.0	15.18984388355594	1224260	19189.8438836	-62.466328699290536
45762.07241314079	2850	4.0	10.163814757271041	1388403	14163.8147573	-40.85440345626547
45777.59312789384	2850	4.0	11.520714753049448	1638769	15520.714753	-46.68907343811262
45788.99326884991	2850	4.0	7.400140956072966	1348011	11400.1409561	-28.970606111113753
45801.28775270369	2850	4.0	8.294483853783222	1429765	12294.4838538	-32.816280571267846
45817.16342947431	2850	4.0	11.875676770621494	1354548	15875.6767706	-48.21541011367242
45837.892645612665	2850	4.0	16.72921613835497	1519951	20729.2161384	-69.08562939492637
45860.14849784505	2850	4.0	18.25585223239049	1422919	22255.8522324	-75.65016459927912
45874.5285225494	2850	4.0	10.380024704346837	1578343	14380.0247043	-41.7841062286914
45886.653704145014	2850	4.0	8.125181595618646	1231445	12125.1815956	-32.08828086116017
45899.02900367703	2850	4.0	8.375299532022096	1471065	12375.299532	-33.16378798769501
45912.30368601392	2850	4.0	9.274682336879028	1491626	13274.6823369	-37.031134048579815
45929.4813040658	2850	4.0	13.177618051878518	1358801	17177.6180519	-53.81375762307763
45949.556424015245	2850	4.0	16.075119949454216	1537156	20075.1199495	-66.27301578265313
45970.512308573176	2850	4.0	16.955884557933178	1336050	20955.8845579	-70.06030359911267
45983.198192162716	2850	4.0	8.685883589532718	1415116	12685.8835895	-34.49929943499068
45997.22375156536	2850	4.0	10.025559402644785	1468126	14025.5594026	-40.25990543137257
46010.053274158294	2850	4.0	8.829522592932666	1505760	12829.5225929	-35.11694714961046
46021.93948216251	2850	4.0	7.886208004218244	1323990	11886.2080042	-31.060694418138446
46040.009082137345	2850	4.0	14.069599974831853	1383735	18069.5999748	-57.64927989177696
46058.85485378433	2850	4.0	14.84577164698553	1480464	18845.771647	-60.98681808203777
46082.00495551891	2850	4.0	19.150101734580584	1547572	23150.1017346	-79.49543745869651
46091.907458060065	2850	4.0	5.90250254115803	1141971	9902.50254116	-22.530760926979525
46106.26070297108	2850	4.0	10.353244911018704	1498470	14353.244911	-41.668953117380426
46119.52812684503	2850	4.0	9.267423873944521	1561263	13267.4238739	-36.999922657961434
46131.678403598016	2850	4.0	8.150276752995072	1341201	12150.276753	-32.19619003787881
46152.595377026555	2850	4.0	16.916973428539798	1497683	20916.9734285	-69.89298574272114
46168.61171427226	2850	4.0	12.01633724570465	1358081	16016.3372457	-48.82025015652999
46191.993869918464	2850	4.0	19.382155646204268	1587293	23382.1556462	-80.49326927867835
46205.013493495346	2850	4.0	9.019623576876477	1492672	13019.6235769	-35.934381380568844
46218.44413676489	2850	4.0	9.43064326954902	1439896	13430.6432695	-37.70176605906078
46228.35542101263	2850	4.0	5.911284247742582	1139291	9911.28424774	-22.5685222652931
46242.05928759624	2850	4.0	9.703866583611562	1499009	13703.8665836	-38.87662630952971
46262.2605385312	2850	4.0	16.201250934956764	1427478	20201.250935	-66.81537902031408
46278.93245225072	2850	4.0	12.67191371952472	1402287	16671.9137195	-51.639228993956294
46299.57347805069	2850	4.0	16.641025799957735	1339500	20641.0258	-68.70641093981826
46312.93267434059	2850	4.0	9.359196289908123	1527299	13359.1962899	-37.39454404660493
46325.848949125095	2850	4.0	8.916274784503068	1343002	12916.2747845	-35.48998157336319
46339.39094851418	2850	4.0	9.541999389081512	1587250	13541.9993891	-38.1805973730505
46353.213756242134	2850	4.0	9.82280772795692	1464921	13822.807728	-39.38807323021476
46374.22267214279	2850	4.0	17.008915900653644	1483527	21008.9159007	-70.28833837281067
46389.08071053442	2850	4.0	10.858038391633562	1231456	14858.0383916	-43.839565084024315
46409.75273376057	2850	4.0	16.672023226148053	1364537	20672.0232261	-68.83969987243663

