21417.885203786114	750	4.0	6.8100179178166504	450283	6810.017917816651	-28.533077046611595
21419.049519086435	300	6.835684699681131	0.0	155580	1164.3153003188686	-0.15000000000000002
21420.007652637858	300	9.877551148259398	0.0	139857	958.1335514217336	0.3
21421.136716080746	300	12.748487705369673	0.0	155432	1129.0634428897242	0.3
21424.14494532862	750	13.74025845749655	0.0	411561	3008.2292478731233	0.3
21426.387863974807	750	15.497339811309779	0.0	318564	2242.918646186771	0.75
21428.936586818418	750	16.94861696769454	0.0	352642	2548.72284361524	0.75
21434.039111198257	1200	15.846092587858074	0.0	709534	5102.5243798364645	0.75
21439.279618178098	1200	14.60558560801468	0.0	584846	5240.506979843394	1.2
21443.536771833104	1200	14.348431953011346	0.0	560821	4257.153655003334	1.2
21448.24766653611	1200	13.637537250004199	0.0	607410	4710.894703007148	1.2
21453.021088257214	1200	12.864115528905076	0.0	594078	4773.421721099123	1.2
21460.372388966472	1200	9.51281481964479	0.0	624282	7351.3007092602875	1.2
21465.809434059513	750	8.07576972660303	0.0	434409	5437.045093041759	0.3
21468.804998506934	750	9.080205279183177	0.0	337059	2995.564447419852	0.75
21472.269814239608	750	9.61538954650864	0.0	366214	3464.8157326745377	0.75
21475.916216749956	750	9.96898703615906	0.0	360831	3646.4025103495787	0.75
21479.72456843829	750	10.16063534782392	0.0	372963	3808.351688335141	0.75
21483.45729467845	750	10.42790910766704	0.0	405596	3732.72624015688	0.75
21486.92506341673	750	10.960140369386743	0.0	350713	3467.768738280296	0.75
21490.27496972728	750	11.610234058836232	0.0	386472	3349.9063105505124	0.75
21494.092068120543	750	11.793135665574109	0.0	399894	3817.0983932621216	0.75
21500.213261200613	750	9.671942585503345	0.0	401853	6121.193080070766	0.75
21503.987730226036	750	9.89747356008278	0.0	343800	3774.469025420564	0.75
21507.91697903243	750	9.968224753686556	0.0	359903	3929.248806396225	0.75
21509.566322450803	300	12.318881335315437	0.0	153938	1649.3434183711192	-0.15000000000000002
21511.616571495415	300	14.268632290703128	0.0	181901	2050.249044612308	0.3
21512.797476698524	300	17.087727087593148	0.0	111155	1180.9052031099823	0.3
21517.43956641743	750	16.445637368687624	0.0	400396	4642.089718905521	0.3
21527.315128044324	750	10.570075741794184	0.0	400508	9875.561626893441	0.75
21530.713030883107	300	11.172172903009626	0.0	157421	3397.9028387845574	-0.15000000000000002
21533.47352443754	300	12.411679348576195	0.0	157488	2760.4935544334317	0.3
21535.418695900324	300	14.46650788579108	0.0	143881	1945.1714627851154	0.3
21536.485332734614	300	17.399871051501403	0.0	163444	1066.6368342896774	0.3
21537.793848000925	300	20.091355785191794	0.0	179328	1308.515266309608	0.3
21538.88807525992	300	22.997128526197375	0.0	159914	1094.2272589944178	0.3
21542.427812339738	750	23.457391446380857	0.0	321064	3539.7370798165175	0.3
21545.569838455518	750	24.315365330603402	0.0	361565	3142.0261157774567	0.75
21549.510212553017	1200	24.37499123310187	0.0	605884	3940.374097501531	0.75
21552.912115296647	1200	24.973088489473586	0.0	587506	3401.9027436282868	1.2
21556.532402225366	1200	25.35280156075405	0.0	566904	3620.28692871954	1.2
21561.661130398523	1200	24.22407338759843	0.0	641452	5128.728173155618	1.2
21566.566218536125	1200	23.318985249996356	0.0	599477	4905.0881376020725	1.2
21572.4025475555	1200	21.482656230621927	0.0	634861	5836.329019374431	1.2
21577.1877104452	1200	20.69749334092188	0.0	630203	4785.162889700046	1.2
21585.487446742274	1850	16.39775704384625	0.0	982064	8299.736297075628	1.2000000000000002
21592.29939119565	1850	13.585812590467544	0.0	830730	6811.944453378707	1.85
21598.55096448023	1850	11.334239305891632	0.0	846370	6251.573284575912	1.85

