7919.15817218	750	4.0	2.752351768226307	450283	2752.35176823	-11.085112603373119
7926.47015887	2850	4.0	3.311986694809466	1431809	7311.98669481	-13.491542787680704
7941.29704942	2850	4.0	10.826890545000824	1300868	14826.890545	-43.70562934350354
7957.36040773	2850	4.0	12.063358311220709	1520281	16063.3583112	-49.022440738249045
7965.8066261	2850	4.0	4.446218372927145	1472558	8446.21837293	-16.26873900358672
7975.08235373	2850	4.0	5.2757276255441905	1224260	9275.72762554	-19.835628789840015
7988.84901576	2850	4.0	9.766662027552398	1388403	13766.6620276	-39.14664671847531
8009.70859943	2850	4.0	16.859583672109324	1638769	20859.5836721	-69.64620979007009
8020.40557093	2850	4.0	6.696971506308782	1348011	10696.9715063	-25.94697747712776
8031.5604053	2850	4.0	7.1548343619219725	1429765	11154.8343619	-27.91578775626448
8042.38127009	2850	4.0	6.820864790499139	1354548	10820.8647905	-26.479718599146295
8054.9683476	2850	4.0	8.587077513620894	1519951	12587.0775136	-34.074433308569844
8067.40542308	2850	4.0	8.437075479809845	1422919	12437.0754798	-33.42942456318233
8081.93435138	2850	4.0	10.52892830406057	1578343	14528.9283041	-42.424391707460444
8096.23033126	2850	4.0	10.295979879701603	1231445	14295.9798797	-41.42271348271689
8103.27721723	2850	4.0	3.046885961448933	1471065	7046.88596145	-10.251609634230412
8110.66560834	2850	4.0	3.3883911135747113	1491626	7388.39111357	-11.720081788371258
8118.30548316	2850	4.0	3.639874820865878	1358801	7639.87482087	-12.801461729723275
8126.37108726	2850	4.0	4.065604103835464	1537156	8065.60410384	-14.632097646492495
8136.80183181	2850	4.0	6.430744551221924	1336050	10430.7445512	-24.80220157025427
8147.7785301	2850	4.0	6.976698285709519	1415116	10976.6982857	-27.14980262855093
8158.11018317	2850	4.0	6.331653073857149	1468126	10331.6530739	-24.376108217585738
8166.46233598	2850	4.0	4.352152808046167	1505760	8352.15280805	-15.864257074598518
8174.66604713	2850	4.0	4.203711142817581	1323990	8203.71114282	-15.225957914115599
8184.27623537	2850	4.0	5.610188244386796	1383735	9610.18824439	-21.273809450863222
8196.58678479	2850	4.0	8.310549420344053	1480464	12310.5494203	-32.88536250747942
8207.00696647	2850	4.0	6.420181680115527	1547572	10420.1816801	-24.756781224496763
8215.49714677	2850	4.0	4.490180298037627	1141971	8490.18029804	-16.457775281561794
8225.52631868	2850	4.0	6.029171912066262	1498470	10029.1719121	-23.075439221884924
8235.49692482	2850	4.0	5.970606140070815	1561263	9970.60614007	-22.8236064023045
8243.78496052	2850	4.0	4.288035701606322	1341201	8288.03570161	-15.588553516907185
8257.2363032	2850	4.0	9.451342677473201	1497683	13451.3426775	-37.790773513134766
8271.15250476	2850	4.0	9.91620156371821	1358081	13916.2015637	-39.789666723988304
8280.87993048	2850	4.0	5.727425713222947	1587293	9727.42571322	-21.777930566858668
8293.28462606	2850	4.0	8.404695585465195	1492672	12404.6955855	-33.290191017500334
8307.21348811	2850	4.0	9.92886204867316	1439896	13928.8620487	-39.84410680929459
8321.83691783	2850	4.0	10.623429723443602	1139291	14623.4297234	-42.83074781080749
8336.22165425	2850	4.0	10.384736411051069	1499009	14384.7364111	-41.804366567519594
8346.85024698	2850	4.0	6.62859273325329	1427478	10628.5927333	-25.652948752989147
8358.12403957	2850	4.0	7.273792593392552	1402287	11273.7925934	-28.427308151587972
8369.57577547	2850	4.0	7.451735902847637	1339500	11451.7359028	-29.192464382244836
8380.30570582	2850	4.0	6.729930345799141	1527299	10729.9303458	-26.088700486936304
8394.46322336	2850	4.0	10.157517538074448	1343002	14157.5175381	-40.82732541372012
8413.46818156	2850	4.0	15.004958203285533	1587250	19004.9582033	-61.67132027412779
8420.90453986	2850	4.0	3.4363582982891403	1464921	7436.35829829	-11.926340682643303
8427.94656719	2850	4.0	3.0420273285319763	1483527	7042.02732853	-10.230717512687498
8434.78193731	2850	4.0	2.835370125107679	1231456	6835.37012511	-9.34209153796302
8441.55068385	2850	4.0	2.7687465324416407	1364537	6768.74653244	-9.055610089499055

