17106.9039763	750	4.0	4.997202366246414	450283	4997.20236625	-20.73797017485958
17131.2644122	2850	4.0	20.360435847160872	1431809	24360.4358472	-86.79987414279175
17141.4612498	2850	4.0	6.196837564555554	1300868	10196.8375646	-23.79640152758888
17149.7098364	2850	4.0	4.248586656153166	1520281	8248.58665615	-15.418922621458615
17157.8148831	2850	4.0	4.105046685729169	1472558	8105.04668573	-14.801700748635428
17166.83627	2850	4.0	5.0213868803794846	1224260	9021.38688038	-18.74196358563178
17179.4370272	2850	4.0	8.600757219900768	1388403	12600.7572199	-34.1332560455733
17210.4043524	2850	4.0	26.96732517169007	1638769	30967.3251717	-113.1094982382673
17233.7437115	2850	4.0	19.339359157155545	1348011	23339.3591572	-80.30924437576884
17251.232431	2850	4.0	13.488719437926717	1429765	17488.7194379	-55.15149358308488
17260.7165105	2850	4.0	5.484079554413622	1354548	9484.07955441	-20.73154208397857
17274.9152941	2850	4.0	10.198783531423512	1519951	14198.7835314	-41.0047691851211
17291.1377617	2850	4.0	12.222467630457311	1422919	16222.4676305	-49.70661081096643
17302.8922415	2850	4.0	7.754479798929129	1578343	11754.4797989	-30.49426313539525
17311.7769436	2850	4.0	4.884702093903003	1231445	8884.7020939	-18.15421900378291
17324.3776196	2850	4.0	8.600676063556977	1471065	12600.6760636	-34.132907073294994
17333.5648369	2850	4.0	5.187217215766925	1491626	9187.21721577	-19.455034027797772
17353.875256	2850	4.0	16.31041918873601	1358801	20310.4191887	-67.28480251156485
17366.0992902	2850	4.0	8.22403415938367	1537156	12224.0341594	-32.513346885349776
17371.2477665	2850	4.0	1.148476259983393	1336050	5148.47625998	-2.08844791792859
17377.961391	2850	4.0	2.713624538545988	1415116	6713.62453855	-8.818585515747749
17384.5618766	2850	4.0	2.6004856090869333	1468126	6600.48560909	-8.332088119073813
17391.7082777	2850	4.0	3.14640104044914	1505760	7146.40104045	-10.679524473931302
17397.5228913	2850	4.0	1.814613676451223	1323990	5814.61367645	-4.952838808740259
17403.3110818	2850	4.0	1.7881904283613577	1383735	5788.19042836	-4.839218841953837
17410.2249938	2850	4.0	2.9139120624499326	1480464	6913.91206245	-9.67982186853471
17417.4399279	2850	4.0	3.2149340480176853	1547572	7214.93404802	-10.974216406476046
17436.6891687	2850	4.0	15.249240875782343	1141971	19249.2408758	-62.721735765864075
17452.9309045	2850	4.0	12.241735751826154	1498470	16241.7357518	-49.789463732852454
17462.9478319	2850	4.0	6.016927439163854	1561263	10016.9274392	-23.02278798840457
17469.4212121	2850	4.0	2.473380196603127	1341201	6473.3801966	-7.785534845393444
17479.5777853	2850	4.0	6.156573151764848	1497683	10156.5731518	-23.623264552588843
17489.2689256	2850	4.0	5.691140347922262	1358081	9691.14034792	-21.621903496065727
17516.5399127	2850	4.0	23.270987081868622	1587293	27270.9870819	-97.21524445203508
17545.2178433	2850	4.0	24.677930632866428	1492672	28677.9306329	-103.26510172132564
17564.7486918	2850	4.0	15.530848489728749	1439896	19530.8484897	-63.93264850583362
17572.6528183	2850	4.0	3.9041264889470524	1139291	7904.12648895	-13.937743902472326
17585.3081197	2850	4.0	8.655301347548068	1499009	12655.3013475	-34.36779579445669
17601.5805546	2850	4.0	12.272434915542108	1427478	16272.4349155	-49.92147013683106
17613.5910365	2850	4.0	8.010481947215002	1402287	12010.4819472	-31.595072373024507
17623.1638223	2850	4.0	5.572785794878926	1339500	9572.78579488	-21.11297891797938
17635.6867453	2850	4.0	8.522922959586436	1527299	12522.9229596	-33.798568726221674
17645.1156904	2850	4.0	5.4289451380051394	1343002	9428.94513801	-20.494464093422096
17663.7216961	2850	4.0	14.606005667628247	1587250	18606.0056676	-59.95582437080146
17679.526445	2850	4.0	11.804748870919912	1464921	15804.7488709	-47.910420144955616
17685.5053261	2850	4.0	1.9788811753607807	1483527	5978.88117536	-5.659189054051357
17691.0544376	2850	4.0	1.5491115021681243	1231456	5549.11150217	-3.811179459322934
17697.6122473	2850	4.0	2.5578097078460225	1364537	6557.80970785	-8.148581743737896

