15814.5368393	750	4.0	4.594934407378574	450283	4594.93440738	-19.008217951727868
15827.9075059	2850	4.0	9.370666517742015	1431809	13370.6665177	-39.54386602629066
15848.9544834	2850	4.0	17.046977504171824	1300868	21046.9775042	-70.45200326793885
15863.8590274	2850	4.0	10.904544035252313	1520281	14904.5440353	-44.03953935158494
15895.5134788	2850	4.0	27.654451395867163	1472558	31654.4513959	-116.06414100222881
15907.5058858	2850	4.0	7.992406965029628	1224260	11992.406965	-31.517349949627395
15919.4385626	2850	4.0	7.932676803408923	1388403	11932.6768034	-31.260510254658364
15930.0100436	2850	4.0	6.5714810337210725	1638769	10571.4810337	-25.40736844500061
15937.6502536	2850	4.0	3.640209966061094	1348011	7640.20996606	-12.802902854062703
15947.343035	2850	4.0	5.6927814318379495	1429765	9692.78143184	-21.62896015690318
15955.8364897	2850	4.0	4.493454708023797	1354548	8493.45470802	-16.471855244502326
15965.5568302	2850	4.0	5.720340470136536	1519951	9720.34047014	-21.747464021587103
15974.1862503	2850	4.0	4.629420132522746	1422919	8629.42013252	-17.056506569847805
15985.2253619	2850	4.0	7.039111605918268	1578343	11039.1116059	-27.418179905448547
15993.0600132	2850	4.0	3.8346513274437792	1231445	7834.65132744	-13.639000708008249
16005.5697686	2850	4.0	8.50975538312449	1471065	12509.7553831	-33.74194814743531
16017.4035427	2850	4.0	7.833774022531076	1491626	11833.7740225	-30.83522829688362
16037.6694712	2850	4.0	16.26592854620096	1358801	20265.9285462	-67.09349274866413
16050.7202312	2850	4.0	9.050760007158825	1537156	13050.7600072	-36.068268030782946
16061.0650311	2850	4.0	6.344799859091633	1336050	10344.7998591	-24.432639394094018
16073.3302939	2850	4.0	8.26526281323918	1415116	12265.2628132	-32.69063009692847
16090.349273	2850	4.0	13.018979158381851	1468126	17018.9791584	-53.13161038104196
16105.4484181	2850	4.0	11.099145051418285	1505760	15099.1450514	-44.87632372109862
16120.3311993	2850	4.0	10.882781165934258	1323990	14882.7811659	-43.9459590135173
16133.6334027	2850	4.0	9.302203469469154	1383735	13302.2034695	-37.14947491871736
16149.5587131	2850	4.0	11.925310390338606	1480464	15925.3103903	-48.428834678456
16170.9507241	2850	4.0	17.39201102225798	1547572	21392.0110223	-71.93564739570931
16182.9225112	2850	4.0	7.971787027753593	1141971	11971.7870278	-31.428684219340447
16216.7316774	2850	4.0	29.80916624825018	1498470	33809.1662483	-125.32941486747578
16231.2940592	2850	4.0	10.562381814913268	1561263	14562.3818149	-42.56824180412705
16239.9527553	2850	4.0	4.658696091008902	1341201	8658.69609101	-17.182393191338274
16249.7207837	2850	4.0	5.7680283329790765	1497683	9768.02833298	-21.952521831810028
16257.3203375	2850	4.0	3.599553851292265	1358081	7599.55385129	-12.628081560556739
16268.0487493	2850	4.0	6.728411748782124	1587293	10728.4117488	-26.082170519763128
16277.5162926	2850	4.0	5.467543339489174	1492672	9467.54333949	-20.660436359803445
16286.4064754	2850	4.0	4.890182778273615	1439896	8890.18277827	-18.17778594657654
16293.41516	2850	4.0	3.0086846163474075	1139291	7008.68461635	-10.087343850293852
16304.0684449	2850	4.0	6.653284882345546	1499009	10653.2848823	-25.759124994085845
16314.5829975	2850	4.0	6.514552640008116	1427478	10514.55264	-25.162576352034897
16325.0743139	2850	4.0	6.491316416103365	1402287	10491.3164161	-25.06266058924447
16337.7938231	2850	4.0	8.719509210059023	1339500	12719.5092101	-34.6438896032538
16358.5847083	2850	4.0	16.79088517192038	1527299	20790.8851719	-69.35080623925764
16369.390296	2850	4.0	6.805587647313439	1343002	10805.5876473	-26.414026883447786
16382.1425683	2850	4.0	8.75227237930887	1587250	12752.2723793	-34.78477123102814
16396.4947924	2850	4.0	10.352224056956738	1464921	14352.224057	-41.664563444913966
16411.908942	2850	4.0	11.4141495628054	1483527	15414.1495628	-46.23084312006322
16424.588705	2850	4.0	8.679763013259556	1231456	12679.7630133	-34.47298095701609
16441.3302335	2850	4.0	12.741528516168186	1364537	16741.5285162	-51.9385726195232

