18255.72237590538	750	4.0	5.460500454044817	450283	5460.500454044817	-22.730151952392713
18257.02193053098	300	6.700445374400823	0.0	155580	1299.5546255991767	-0.15000000000000002
18258.159420233955	300	9.562955671427938	0.0	139857	1137.489702972886	0.3
18259.35373259595	300	12.368643309431896	0.0	155432	1194.3123619960415	0.3
18262.12370485348	750	13.598671051905258	0.0	411561	2769.972257526638	0.3
18264.92038371814	750	14.801992187243327	0.0	318564	2796.678864661932	0.75
18267.311936485523	750	16.410439419862005	0.0	352642	2391.5527673813217	0.75
18272.80383177437	1200	14.918544131015702	0.0	709534	5491.8952888463045	0.75
18277.19913434382	1200	14.523241561561944	0.0	584846	4395.302569453757	1.2
18283.0767381579	1200	12.645637747483741	0.0	560821	5877.603814078204	1.2
18291.948670439437	1200	7.773705465946714	0.0	607410	8871.932281537027	1.2
18296.818561234766	750	6.903814670618822	0.0	405134	4869.890795327891	0.3
18298.149586022697	300	9.57278988268434	0.0	160746	1331.0247879344836	-0.15000000000000002
18299.789765769474	300	11.932610135906435	0.0	179801	1640.1797467779043	0.3
18301.5848374557	300	14.13753844968471	0.0	140051	1795.0716862217234	0.3
18303.676138324663	300	16.04623758071733	0.0	138313	2091.300868967381	0.3
18307.798098651114	750	15.924277254265808	0.0	360831	4121.960326451523	0.3
18313.160123115973	750	14.562252789409307	0.0	372963	5362.024464856499	0.75
18316.35375638872	750	15.368619516662138	0.0	405596	3193.633272747169	0.75
18319.811372340864	750	15.911003564515813	0.0	350713	3457.615952146326	0.75
18326.598998163518	750	13.123377741861976	0.0	386472	6787.625822653838	0.75
18331.21884403781	750	12.503531867571365	0.0	399894	4619.845874290612	0.75
18335.07950403956	750	12.642871865820233	0.0	401853	3860.6600017511323	0.75
18338.914977654535	750	12.807398250844475	0.0	343800	3835.473614975758	0.75
18341.929924207718	750	13.792451697660907	0.0	359903	3014.946553183568	0.75
18344.4066138799	750	15.315762025479172	0.0	379700	2476.689672181734	0.75
18347.07923704117	750	16.643138864210158	0.0	425781	2672.6231612690112	0.75
18348.84387408495	750	18.878501820429715	0.0	277716	1764.6370437804417	0.75
18352.855819196317	1200	18.866556709060177	0.0	622896	4011.945111369538	0.75
18356.973603982082	1200	18.748771923295127	0.0	641447	4117.78478576505	1.2
18360.706648389205	1200	19.015727516174774	0.0	570392	3733.044407120354	1.2
18365.02072066225	1200	18.7016552431294	0.0	620283	4314.072273045374	1.2
18368.429504934502	1200	19.292870970878575	0.0	584349	3408.784272250826	1.2
18372.853316105313	1200	18.869059800066477	0.0	670129	4423.8111708121	1.2
18379.632003747276	1850	16.0903721581024	0.0	1026056	6778.687641964076	1.2000000000000002
18384.933686090615	1850	14.788689814762963	0.0	943942	5301.682343339438	1.85
18389.407605481203	1850	14.31477042417465	0.0	728962	4473.91939058831	1.85
18395.391558461823	1850	12.330817443556661	0.0	938587	5983.952980617988	1.85
18404.679939632002	1850	7.042436273376341	0.0	908665	9288.38117018032	1.85
18408.487843086063	750	7.2345328193157385	0.0	390680	3807.903454060602	-0.3500000000000001
18411.76196032631	750	7.9604155790745885	0.0	345516	3274.1172402411507	0.75
18415.306044774956	750	8.416331130422975	0.0	384505	3544.0844486516135	0.75
18418.612092110267	750	9.11028379511524	0.0	372093	3306.0473353077355	0.75
18421.499034908047	750	10.223340997332222	0.0	438281	2886.9427977830173	0.75
18423.98676179781	750	11.735614107573312	0.0	398987	2487.726889758911	0.75
18427.859392961527	1200	11.862982943851529	0.0	638661	3872.631163721783	0.75
18431.32916420456	1200	12.393211700818101	0.0	538612	3469.771243033428	1.2
18434.509776414394	1200	13.2125994909838	0.0	550906	3180.612209834301	1.2

