2791.935453670676	750	4.0	2.54228302815134	450283	2542.28302815134	-10.181817021050762
2792.7748744972496	300	7.160579173426026	0.0	155580	839.4208265739742	-0.15000000000000002
2793.4100166858225	300	10.525436984853442	0.0	139857	635.1421885725827	0.3
2794.834754504206	750	13.10069916646988	0.0	382355	1424.7378183835626	0.3
2796.657768300943	750	15.277685369733023	0.0	411561	1823.0137967368564	0.75
2800.2563780391556	1850	15.679075631520627	0.0	801058	3598.6097382123944	0.75
2803.8632505988476	1850	16.07220307182878	0.0	905515	3606.872559691846	1.85
2812.9942394849704	1850	10.941214185705844	0.0	1060487	9130.988886122937	1.85
2828.159161529114	1850	4.0	4.223707858437736	852833	15164.92204414358	-16.311943791282264
2829.3696683231788	300	6.78949320593545	0.0	139105	1210.5067940645495	-1.25
2830.6257064776073	300	9.53345505150727	0.0	141840	1256.0381544281802	0.3
2832.1787566438734	300	11.980404885241315	0.0	156148	1553.0501662659542	0.3
2834.0867021374725	300	14.072459391642074	0.0	160746	1907.9454935992394	0.3
2836.0324775477693	300	16.12668398134522	0.0	179801	1945.775410296855	0.3
2839.070939087603	750	17.08822244151144	0.0	337059	3038.4615398337796	0.3
2841.6011176055463	750	18.55804392356838	0.0	366214	2530.178517943059	0.75
2844.4450216223545	750	19.714139906760007	0.0	360831	2843.904016808373	0.75
2847.428319368065	750	20.730842161049708	0.0	372963	2983.297745710302	0.75
2852.0067205561204	1200	20.152440972994395	0.0	639204	4578.40118805531	0.75
2857.1945077944815	1200	18.96465373463322	0.0	586839	5187.787238361175	1.2
2862.50096872006	1200	17.65819280905497	0.0	601738	5306.46092557825	1.2
2866.86392179936	1200	17.295239729755064	0.0	616206	4362.9530792999085	1.2
2871.5256689668504	1200	16.633492562264678	0.0	656471	4661.747167490386	1.2
2875.9873393986377	1200	16.17182213047708	0.0	536667	4461.670431787599	1.2
2881.215200023243	1200	14.943961505871783	0.0	587236	5227.860624605295	1.2
2886.3599232989995	1200	13.799238230115275	0.0	590335	5144.723275756506	1.2
2891.1880956776804	1200	12.971065851434748	0.0	696376	4828.172378680527	1.2
2893.935939401392	1200	14.223222127723107	0.0	487160	2747.843723711641	1.2
2897.349919113509	1200	14.809242415606017	0.0	622896	3413.979712117091	1.2
2903.288646395763	1200	12.870515133351857	0.0	641447	5938.72728225416	1.2
2905.436730650503	1200	14.722430878612034	0.0	570392	2148.084254739823	1.2
2907.825917927269	1200	16.33324360184564	0.0	620283	2389.1872767663936	1.2
2909.9710974595237	1200	18.18806406959083	0.0	584349	2145.1795322548123	1.2
2912.0273149825302	1200	20.131846546584246	0.0	670129	2056.217523006582	1.2
2915.38753769939	1850	20.771623829724394	0.0	1026056	3360.2227168598524	1.2000000000000002
2921.4260580939595	2850	18.733103435154973	0.0	1439896	6038.520394569422	1.85
2927.464519092582	2850	16.69464243653216	0.0	1139291	6038.460998622815	2.85
2939.007368283955	2850	9.151793245158753	0.0	1499009	11542.849191373405	2.85
2945.1600753977164	1200	6.999086131397904	0.0	605884	6152.707113760849	-0.44999999999999996
2948.01560618291	750	8.143555346204714	0.0	390680	2855.5307851931902	0.3
2951.3474765697874	750	8.811684959326831	0.0	345516	3331.8703868778834	0.75
2953.888064576533	750	10.271096952581269	0.0	384505	2540.5880067455623	0.75
2955.6880834838494	750	12.471078045265013	0.0	372093	1800.0189073162553	0.75
2957.7483770546173	750	14.410784474497017	0.0	438281	2060.293570767998	0.75
2959.8152251052384	750	16.343936423875917	0.0	398987	2066.8480506211026	0.75
2964.2333021998556	1850	15.925859329258484	0.0	982064	4418.077094617432	0.75
2970.3225903168923	2850	13.836571212221646	0.0	1231456	6089.288117036838	1.85
2975.5609493121888	2850	12.598212216925116	0.0	1364537	5238.358995296531	2.85

