38503.73807036661	750	4.0	9.971750996673139	450283	9971.75099667	-42.1285292856945
38518.204831005656	2850	4.0	10.46676063904107	1431809	14466.760639	-44.2570707478766
38526.19746247903	2850	4.0	3.9926314733760027	1300868	7992.63147338	-14.318315335516813
38537.57716129692	2850	4.0	7.3796988178835505	1520281	11379.6988179	-28.882704916899264
38551.25806542744	2850	4.0	9.680904130526855	1472558	13680.9041305	-38.777887761265475
38561.41976905112	2850	4.0	6.161703623677262	1224260	10161.7036237	-23.645325581812223
38583.61039089367	2850	4.0	18.190621842550488	1388403	22190.6218426	-75.3696739229671
38599.71860224309	2850	4.0	12.108211349423746	1638769	16108.2113494	-49.2153088025221
38610.453385097884	2850	4.0	6.734782854795584	1348011	10734.7828548	-26.109566275621006
38621.97440730087	2850	4.0	7.521022202982169	1429765	11521.022203	-29.490395472823323
38633.946436433645	2850	4.0	7.972029132775571	1354548	11972.0291328	-31.429725270934952
38640.6324895073	2850	4.0	2.6860530736505215	1519951	6686.05307365	-8.700028216697243
38651.54235259216	2850	4.0	6.909863084860197	1422919	10909.8630849	-26.862411264898842
38665.964416924035	2850	4.0	10.422064331878564	1578343	14422.0643319	-41.96487662707782
38697.22277019158	2850	4.0	27.258353267543647	1231445	31258.3532675	-114.36091905043769
38735.543455192244	2850	4.0	34.32068500066864	1471065	38320.6850007	-144.72894550287515
38742.57924489015	2850	4.0	3.0357896979024153	1491626	7035.7896979	-10.203895700980386
38747.63156888912	2850	4.0	1.0523239989700397	1358801	5052.32399897	-1.67499319557117
38751.798506506704	2850	4.0	0.16693761758812706	1537156	4166.93761759	2.1321682443710537
38755.21530254071	2850	4.583203965992711	0.0	1336050	3416.79603401	2.85
38759.034727577055	2850	4.763778929653514	0.0	1415116	3819.42503634	2.85
38763.44885709329	2850	4.349649413417968	0.0	1468126	4414.12951624	2.85
38770.44568022975	2850	4.0	2.64717372304343	1505760	6996.82313646	-8.53284700908675
38775.362499791925	2850	4.0	0.9168195621743571	1323990	4916.81956217	-1.0923241173497353
38782.289001080935	2850	4.0	2.926501289006679	1383735	6926.50128901	-9.73395554272872
38789.468896095466	2850	4.0	3.1798950145336766	1480464	7179.89501453	-10.823548562494809
38810.3640613878	2850	4.0	16.895165292330383	1547572	20895.1652923	-69.79921075702065
38823.92299434576	2850	4.0	9.558932957962922	1141971	13558.932958	-38.25341171924056
38833.2854828855	2850	4.0	5.362488539733305	1498470	9362.48853973	-20.20870072085321
38844.74725943922	2850	4.0	7.461776553716787	1561263	11461.7765537	-29.235639180982183
38857.842071402396	2850	4.0	9.09481196317609	1341201	13094.8119632	-36.25769144165719
38869.86763177763	2850	4.0	8.025560375247009	1497683	12025.5603752	-31.659909613562135
38891.65922677641	2850	4.0	17.79159499877732	1358081	21791.5949988	-73.65385849474248
38907.39209517143	2850	4.0	11.732868395015872	1587293	15732.868395	-47.601334098568245
38919.20838257383	2850	4.0	7.816287402400319	1492672	11816.2874024	-30.76003583032137
38930.887967044706	2850	4.0	7.6795844708762235	1439896	11679.5844709	-30.17221322476776
38941.3853789585	2850	4.0	6.49741191379637	1139291	10497.4119138	-25.088871229324386
38947.833406048005	2850	4.0	2.4480270895037557	1499009	6448.0270895	-7.67651648486615
38958.25564688502	2850	4.0	6.4222408370143675	1427478	10422.240837	-24.76563559916178
38971.12292183327	2850	4.0	8.867274948243361	1402287	12867.2749482	-35.27928227744645
38998.993070512035	2850	4.0	23.870148678766625	1339500	27870.1486788	-99.7916393186965
39042.18372852347	2850	4.0	39.19065801143693	1527299	43190.6580114	-165.6698294491788
39049.32980563805	2850	4.0	3.146077114581948	1343002	7146.07711458	-10.678131592702377
39055.39741159972	2850	4.0	2.0676059616680957	1587250	6067.60596167	-6.040705635172811
39059.34072420462	2850	4.056687395098158	0.0	1464921	3943.3126049	2.85
39063.1886988814	2850	4.208712718315992	0.0	1483527	3847.97467678	2.85
39066.50835714849	2850	4.889054451233409	0.0	1231456	3319.65826708	2.85
39070.40177830414	2850	4.9956332955728335	0.0	1364537	3893.42115566	2.85

