9601.65697142	750	4.0	3.383176362969059	450283	3383.17636297	-13.797658360766953
9614.79796511	2850	4.0	9.140993684528778	1431809	13140.9936845	-38.55627284347374
9627.3859792	2850	4.0	8.588014091498543	1300868	12588.0140915	-34.07846059344373
9639.67407899	2850	4.0	8.288099788848232	1520281	12288.0997888	-32.78882909204739
9650.51605962	2850	4.0	6.841980636988132	1472558	10841.980637	-26.570516739048966
9658.49818793	2850	4.0	3.982128309584942	1224260	7982.12830958	-14.273151731215249
9667.95786238	2850	4.0	5.459674444105227	1388403	9459.67444411	-20.626600109652472
9682.28165463	2850	4.0	10.323792253974803	1638769	14323.792254	-41.54230669209165
9695.4765785	2850	4.0	9.194923864057628	1348011	13194.9238641	-36.6881726154478
9706.58341313	2850	4.0	7.1068346370141535	1429765	11106.834637	-27.709388939160856
9720.6709531	2850	4.0	10.087539967404455	1354548	14087.5399674	-40.526421859839154
9731.52819509	2850	4.0	6.857241986469693	1519951	10857.2419865	-26.636140541819675
9740.92919788	2850	4.0	5.401002792245708	1422919	9401.00279225	-20.37431200665654
9751.49306039	2850	4.0	6.563862511627016	1578343	10563.8625116	-25.374608799996164
9760.37710245	2850	4.0	4.884042062276885	1231445	8884.04206228	-18.151380867790603
9776.63438495	2850	4.0	12.25728250091987	1471065	16257.2825009	-49.85631475395543
9788.03985778	2850	4.0	7.405472828931633	1491626	11405.4728289	-28.99353316440602
9802.68929095	2850	4.0	10.649433170933106	1358801	14649.4331709	-42.94256263501235
9813.2015789	2850	4.0	6.512287950760548	1537156	10512.2879508	-25.152838188270355
9822.56812879	2850	4.0	5.366549885819304	1336050	9366.54988582	-20.226164509023004
9832.04763673	2850	4.0	5.4795079391265356	1415116	9479.50793913	-20.711884138244102
9842.42280675	2850	4.0	6.375170025959875	1468126	10375.170026	-24.56323111162746
9856.39442215	2850	4.0	9.971615395106278	1505760	13971.6153951	-40.027946198957
9868.7002511	2850	4.0	8.305828954441528	1323990	12305.8289544	-32.86506450409857
9881.44341621	2850	4.0	8.743165108863899	1383735	12743.1651089	-34.74560996811476
9894.12441382	2850	4.0	8.680997604213106	1480464	12680.9976042	-34.47828969811635
9905.40772691	2850	4.0	7.283313095807196	1547572	11283.3130958	-28.46824631197094
9912.80684	2850	4.0	3.3991130843656037	1141971	7399.11308437	-11.766186262772095
9923.01925705	2850	4.0	6.2124170510500045	1498470	10212.4170511	-23.863393319515016
9936.37805843	2850	4.0	9.358801386293214	1561263	13358.8013863	-37.392845961060814
9949.93058027	2850	4.0	9.552521834084045	1341201	13552.5218341	-38.22584388656139
9961.52232041	2850	4.0	7.591740140817698	1497683	11591.7401408	-29.794482605516095
9975.64686255	2850	4.0	10.124542144704652	1358081	14124.5421447	-40.68553122223
9987.14648046	2850	4.0	7.499617904360144	1587293	11499.6179044	-29.398356988748617
9996.76885502	2850	4.0	5.62237455846989	1492672	9622.37455847	-21.326210601420524
10006.4543175	2850	4.0	5.685462461533812	1439896	9685.46246153	-21.59748858459539
10014.7455631	2850	4.0	4.291245610602394	1139291	8291.2456106	-15.602356125590296
10030.8209574	2850	4.0	12.07539426118277	1499009	16075.3942612	-49.07419532308591
10042.0032848	2850	4.0	7.182327442548089	1427478	11182.3274425	-28.034008002956778
10057.0345705	2850	4.0	11.03128571872755	1402287	15031.2857187	-44.584528590528464
10065.9893628	2850	4.0	4.95479228574037	1339500	8954.79228574	-18.45560682868359
10076.9711529	2850	4.0	6.981790133071214	1527299	10981.7901331	-27.171697572206217
10086.0348576	2850	4.0	5.0637047164470586	1343002	9063.70471645	-18.92393028072235
10097.0560669	2850	4.0	7.021209259155377	1587250	11021.2092592	-27.341199814368117
10110.6862358	2850	4.0	9.630168882804258	1464921	13630.1688828	-38.55972619605831
10124.2708307	2850	4.0	9.584594911095627	1483527	13584.5949111	-38.36375811771119
10134.942611	2850	4.0	6.671780307436216	1231456	10671.7803074	-25.838655321975725
10147.8815855	2850	4.0	8.938974518156677	1364537	12938.9745182	-35.5875904280737

