6342.267011867275	750	4.0	3.252274383373264	450283	3252.2743833732643	-13.234779848505035
6343.240871786436	300	7.026140080838887	0.0	155580	973.8599191611128	-0.15000000000000002
6344.996794938685	750	9.270216928590129	0.0	350812	1755.923152248758	0.3
6346.449949246573	750	11.817062620701272	0.0	382355	1453.154307888858	0.75
6348.964420168503	1200	13.302591698771016	0.0	652874	2514.470921930256	0.75
6350.676022331276	1200	15.590989535997819	0.0	520315	1711.6021627731964	1.2
6354.311644903699	1850	15.955366963574882	0.0	905515	3635.622572422936	1.2000000000000002
6359.211105853772	1850	15.055906013501676	0.0	1060487	4899.460950073203	1.85
6362.581002802951	1850	15.686009064322262	0.0	852833	3369.8969491794164	1.85
6366.192004541276	1850	16.075007325997856	0.0	913888	3611.0017383244044	1.85
6371.576111631345	1850	14.690900235929313	0.0	939819	5384.107090068545	1.85
6375.785555607964	1850	14.481456259310017	0.0	917428	4209.443976619296	1.85
6379.6926922550565	1850	14.574319612218211	0.0	946851	3907.136647091806	1.85
6383.771670375292	1850	14.495341491982565	0.0	1036454	4078.978120235646	1.85
6386.906575020942	1850	15.360436846332627	0.0	821631	3134.904645649938	1.85
6390.980356518977	1850	15.286655348297803	0.0	923170	4073.7814980348235	1.85
6396.489255976497	1850	13.777755890778197	0.0	966699	5508.899457519607	1.85
6402.907948873858	1850	11.359062993416813	0.0	885714	6418.692897361384	1.85
6407.774679718407	1200	10.49233214886762	0.0	639204	4866.730844549195	0.5499999999999999
6411.4386723875505	1200	10.828339479723516	0.0	586839	3663.9926691441033	1.2
6414.013236229923	1200	12.253775637351872	0.0	601738	2574.5638423716446	1.2
6416.9934376138335	1200	13.273574253440495	0.0	616206	2980.2013839113765	1.2
6420.470205991295	1200	13.796805875979043	0.0	656471	3476.76837746145	1.2
6425.580284929821	1200	12.68672693745359	0.0	536667	5110.078938525455	1.2
6430.1274836925895	1200	12.139528174684527	0.0	587236	4547.198762769063	1.2
6432.694881687714	1200	13.572130179560302	0.0	590335	2567.397995124223	1.2
6435.025090038017	1200	15.241921829256292	0.0	696376	2330.208350304012	1.2
6437.884381751858	1200	16.382630115415417	0.0	487160	2859.291713840874	1.2
6440.378793923144	1200	17.88821794413018	0.0	622896	2494.4121712852398	1.2
6443.617882828412	1200	18.64912903886315	0.0	641447	3239.0889052670273	1.2
6447.364218878121	1850	18.902792989153763	0.0	873429	3746.3360497093854	1.2000000000000002
6454.357484572064	1850	15.909527295210804	0.0	954453	6993.26569394296	1.85
6460.370542790369	1850	13.89646907690577	0.0	885062	6013.058218305033	1.85
6464.4897743070105	1200	13.777237560264636	0.0	670129	4119.231516641136	0.5499999999999999
6467.8220174461485	1200	14.444994421126939	0.0	690253	3332.243139137695	1.2
6469.767426758069	1200	16.499585109206077	0.0	598727	1945.4093119208635	1.2
6471.45697188821	1200	18.810039979064392	0.0	487812	1689.5451301416858	1.2
6475.890431792391	1850	18.376580074884153	0.0	938587	4433.45990418024	1.2000000000000002
6479.233786564932	1850	19.033225302342174	0.0	908665	3343.3547725419817	1.85
6481.574466475924	1850	20.692545391349437	0.0	930577	2340.6799109927347	1.85
6484.016878853612	1850	22.250133013661987	0.0	858450	2442.412377687452	1.85
6495.509262144572	2850	14.757749722701787	0.0	1527299	11492.3832909602	1.85
6501.136134336895	1200	13.13087753037859	0.0	599477	5626.872192323194	-0.44999999999999996
6504.952435846285	1200	13.314576020988694	0.0	634861	3816.3015093898985	1.2
6510.126509835292	1200	12.140502031980937	0.0	630203	5174.073989007756	1.2
6514.47778648254	1200	11.789225384733369	0.0	638661	4351.276647247569	1.2
6517.165335209298	1200	13.101676657975748	0.0	538612	2687.548726757621	1.2
6519.834810878527	1200	14.43220098874743	0.0	550906	2669.4756692283177	1.2

