11146.174762341889	750	4.0	3.0006457348380566	450283	3000.645734838057	-12.152776659803642
11148.850500865059	750	5.324261476829477	0.0	398865	2675.7385231705234	0.75
11151.209953038995	750	6.964809302894167	0.0	350812	2359.4521739353095	0.75
11154.782377747757	750	7.3923845941304265	0.0	382355	3572.424708763741	0.75
11159.521137943397	750	6.653624398490625	0.0	411561	4738.760195639801	0.75
11162.412203229082	750	7.762559112805185	0.0	318564	2891.06528568544	0.75
11164.62121087034	750	9.55355147154612	0.0	352642	2209.007641259066	0.75
11167.48612966828	750	10.688632673607376	0.0	437162	2864.918797938743	0.75
11170.543521317928	750	11.631241023958323	0.0	374758	3057.3916496490547	0.75
11173.411894579012	750	12.76286776287388	0.0	362795	2868.373261084444	0.75
11176.779027535627	750	13.395734806259457	0.0	353220	3367.1329566144223	0.75
11179.362655070172	750	14.812107271712662	0.0	405134	2583.6275345467943	0.75
11182.231876263886	1200	15.942886077999304	0.0	624282	2869.221193713359	0.75
11185.290121829621	1200	16.884640512265324	0.0	687371	3058.245565733981	1.2
11187.475961995306	1200	18.698800346582257	0.0	526950	2185.840165683069	1.2
11190.316062788004	1200	19.858699553884268	0.0	587876	2840.1007926979896	1.2
11194.245414216943	1850	19.92934812494536	0.0	966699	3929.3514289389072	1.2000000000000002
11199.249084831057	1850	18.925677510831992	0.0	885714	5003.670614113368	1.85
11205.489047514327	1850	16.685714827562	0.0	987708	6239.962683269992	1.85
11213.783908260057	1850	12.390854081832632	0.0	923755	8294.860745729366	1.85
11219.38748273581	1200	10.78727960607844	0.0	601738	5603.5744757541925	0.5499999999999999
11222.815330067535	1200	11.35943227435586	0.0	616206	3427.8473317225794	1.2
11224.704919307951	750	13.469843033938718	0.0	401853	1889.589240417142	0.3
11226.61714133742	750	15.557621004470946	0.0	343800	1912.222029467771	0.75
11228.47171569015	750	17.7030466517405	0.0	359903	1854.5743527304483	0.75
11230.308011285748	750	19.866751056142057	0.0	379700	1836.2955955984442	0.75
11236.163196998805	1850	18.011565343085245	0.0	1076599	5855.185713056814	0.75
11240.409829288908	1850	17.764933052981537	0.0	758197	4246.632290103705	1.85
11245.465944937412	1850	16.708817404479316	0.0	972798	5056.115648502223	1.85
11250.156168640591	1850	16.018593701299153	0.0	975811	4690.223703180163	1.85
11256.503494143313	1850	13.671268198576753	0.0	873429	6347.3255027224	1.85
11264.46561689909	1850	9.709145442800459	0.0	954453	7962.122755776295	1.85
11268.75565456498	1200	9.419107776910794	0.0	584349	4290.037665889663	0.5499999999999999
11272.51125527593	1200	9.663507065961221	0.0	670129	3755.600710949574	1.2
11276.225566198109	1200	9.94919614378169	0.0	690253	3714.310922179532	1.2
11278.995972731653	1200	11.178789610237024	0.0	598727	2770.4065335446667	1.2
11281.052740516565	1200	13.122021825324975	0.0	487812	2056.767784912048	1.2
11284.1442522612	1200	14.030510080690943	0.0	575591	3091.5117446340314	1.2
11289.410378895793	1200	12.764383446097	0.0	605884	5266.126634593945	1.2
11298.230992576762	1200	7.943769765126566	0.0	587506	8820.613680970433	1.2
11301.950498041373	750	8.2242643005171	0.0	345516	3719.505464609466	0.3
11303.143751872709	300	11.031010469181707	0.0	161857	1193.2538313353934	-0.15000000000000002
11303.901267630223	300	14.273494711667222	0.0	145210	757.5157575144837	0.3
11304.833178495825	300	17.34158384606604	0.0	172312	931.9108656011808	0.3
11305.684871832587	300	20.489890509304	0.0	167025	851.6933367620393	0.3
11310.216425388242	1850	19.958336953649034	0.0	982064	4531.553555654965	0.30000000000000004
11316.562251331674	2850	17.612511010215947	0.0	1231456	6345.825943433089	1.85
11334.65391363958	4300	4.0	0.4791512976912345	2155012	18091.66230790718	0.7896494199276918

