51526.72936314082	750	4.0	3.9247822452337946	450283	3924.78224523	-16.126563654505315
51536.849891485894	2850	4.0	6.120528345079156	1431809	10120.5283451	-25.568271883840367
51545.55299119244	2850	4.0	4.703099706546631	1300868	8703.09970655	-17.373328738150512
51556.022813725314	2850	4.0	6.469822532879969	1520281	10469.8225329	-24.970236891383866
51572.50204797972	2850	4.0	12.479234254404695	1472558	16479.2342544	-50.81070729394018
51583.651514929545	2850	4.0	7.14946694982601	1224260	11149.4669498	-27.89270788425184
51606.59921812851	2850	4.0	18.947703198958255	1388403	22947.703199	-78.6251237555205
51625.3271110277	2850	4.0	14.727892899186584	1638769	18727.8928992	-60.47993946650231
51643.19334018145	2850	4.0	13.866229153758141	1348011	17866.2291538	-56.77478536116
51652.116812418855	2850	4.0	4.9234722374001905	1429765	8923.4722374	-18.320930620820818
51662.61981236525	2850	4.0	6.502999946395259	1354548	10502.9999464	-25.11289976949961
51673.918112902655	2850	4.0	7.29830053740557	1519951	11298.3005374	-28.53269231084395
51681.809955717785	2850	4.0	3.891842815131106	1422919	7891.84281513	-13.884924105063755
51689.74528547991	2850	4.0	3.935329762127082	1578343	7935.32976213	-14.071917977146454
51696.515136460235	2850	4.0	2.769850980329929	1231445	6769.85098033	-9.060359215418694
51705.14633162642	2850	4.0	4.631195166185649	1471065	8631.19516619	-17.06413921459829
51723.706771531455	2850	4.0	14.560439905036175	1491626	18560.439905	-59.759891591655546
51739.37025743457	2850	4.0	11.663485903121563	1358801	15663.4859031	-47.30298938342272
51750.207778958706	2850	4.0	6.837521524129276	1537156	10837.5215241	-26.551342553755884
51756.95385062621	2850	4.0	2.746071667496787	1336050	6746.0716675	-8.958108170236184
51765.33271343674	2850	4.0	4.378862810538998	1415116	8378.86281054	-15.979110085317691
51774.41885574257	2850	4.0	5.086142305826519	1468126	9086.14230583	-19.02041191505403
51783.301296363	2850	4.0	4.882440620431543	1505760	8882.44062043	-18.144494667855636
51790.7792212809	2850	4.0	3.477924917897284	1323990	7477.9249179	-12.105077146958322
51797.555297527564	2850	4.0	2.776076246664835	1383735	6776.07624666	-9.087127860658791
51804.55834612121	2850	4.0	3.0030485936385656	1480464	7003.04859364	-10.063108952645832
51812.027797364884	2850	4.0	3.4694512436755796	1547572	7469.45124368	-12.068640347804992
51819.01787674491	2850	4.0	2.990079380031665	1141971	6990.07938003	-10.007341334136159
51829.833964540274	2850	4.0	6.816087795363581	1498470	10816.0877954	-26.459177520063395
51842.58361301025	2850	4.0	8.74964846997337	1561263	12749.64847	-34.773488420885485
51853.217465980226	2850	4.0	6.633852969971371	1341201	10633.85297	-25.675567770876892
51862.0221842886	2850	4.0	4.804718308373173	1497683	8804.71830837	-17.81028872600464
51871.74317811848	2850	4.0	5.720993829881293	1358081	9720.99382988	-21.750273468489556
51888.658235487084	2850	4.0	12.915057368595525	1587293	16915.0573686	-52.68474668496075
51902.495324722695	2850	4.0	9.837089235610977	1492672	13837.0892356	-39.449483713127194
51926.1764204131	2850	4.0	19.681095690411077	1439896	23681.0956904	-81.77871146876764
51938.1695445558	2850	4.0	7.993124142694751	1139291	11993.1241427	-31.520433813587424
51959.41575264748	2850	4.0	17.246208091685613	1499009	21246.2080917	-71.30869479424814
51969.28668892588	2850	4.0	5.870936278393592	1427478	9870.93627839	-22.395025997092443
51979.39897135254	2850	4.0	6.112282426661047	1402287	10112.2824267	-23.432814434642502
51987.78378588241	2850	4.0	4.384814529871246	1339500	8384.81452987	-16.004702478446355
51998.60812339365	2850	4.0	6.824337511236301	1527299	10824.3375112	-26.494651298316093
52005.333724017306	2850	4.0	2.725600623658146	1343002	6725.60062366	-8.870082681730027
52014.18698913592	2850	4.0	4.853265118606825	1587250	8853.26511861	-18.019040010009345
52022.3450871513	2850	4.0	4.158098015381796	1464921	8158.09801538	-15.029821466141724
52040.12980739091	2850	4.0	13.784720239615831	1483527	17784.7202396	-56.42429703034807
52055.16047627042	2850	4.0	11.030668879512413	1231456	15030.6688795	-44.581876181903375
52066.37089376822	2850	4.0	7.210417497793395	1364537	11210.4174978	-28.154795240511593

