5420.972781763175	750	4.0	2.7720774829579558	450283	2772.077482957956	-11.169933176719208
5423.525719397899	750	5.44706236527567	0.0	398865	2552.9376347243297	0.75
5425.266788822513	750	7.705992940661611	0.0	350812	1741.069424614059	0.75
5426.727840236665	750	10.2449415265102	0.0	382355	1461.0514141514122	0.75
5428.8539858225395	1200	12.118795940635222	0.0	652874	2126.1455858749778	0.75
5431.234223231401	1200	13.73855853177371	0.0	520315	2380.23740886151	1.2
5432.825849927305	1200	16.146931835869886	0.0	561791	1591.6266959038262	1.2
5436.338018994678	1200	16.634762768496394	0.0	709534	3512.1690673734915	1.2
5439.6223592350225	1200	17.350422528152567	0.0	584846	3284.3402403438263	1.2
5446.003419574526	1850	14.96936218864999	0.0	913888	6381.060339502579	1.2000000000000002
5453.236694373333	1850	11.73608738984268	0.0	939819	7233.274798807311	1.85
5458.094994418262	1200	10.877787344912896	0.0	594078	4858.300044929784	0.5499999999999999
5468.76321125666	1200	4.209570506516173	0.0	624282	10668.216838396724	1.2
5470.09267401931	300	6.880107743866416	0.0	179801	1329.4627626497568	-0.6000000000000001
5470.991965321176	300	9.980816441999615	0.0	140051	899.2913018668029	0.3
5471.8414833443185	300	13.131298418858233	0.0	138313	849.5180231413813	0.3
5472.634488577858	300	16.338293185319287	0.0	143509	793.0052335389465	0.3
5473.358207098479	300	19.614574664697365	0.0	150616	723.7185206219212	0.3
5476.069674700142	1200	20.903107063034405	0.0	639204	2711.46760166296	0.29999999999999993
5478.7378623083105	1850	22.234919454865658	0.0	923755	2668.187608168748	1.2000000000000002
5487.158539206278	1850	17.814242556898243	0.0	891604	8420.676897967414	1.85
5489.024550021499	1200	19.948231741677482	0.0	616206	1866.0108152207604	0.5499999999999999
5490.856730379063	1200	22.11605138411202	0.0	656471	1832.1803575654621	1.2
5492.429460990886	1200	24.54332077229044	0.0	536667	1572.7306118215781	1.2
5494.6621544726095	1850	26.310627290566664	0.0	897976	2232.6934817237793	1.2000000000000002
5497.166514901764	1850	27.80626686141194	0.0	905935	2504.3604291547204	1.85
5514.5158786042175	4300	14.456903158958358	0.0	2395588	17349.363702453586	1.8499999999999996
5519.470363120276	1200	13.502418642899993	0.0	487160	4954.484516058364	-1.9000000000000001
5529.972673116494	750	7.000108646681945	0.0	400396	10502.309996218048	0.3
5532.382494102439	300	8.590287660736633	0.0	149029	2409.8209859453113	-0.15000000000000002
5533.912664572696	300	11.060117190479831	0.0	157421	1530.1704702568045	0.3
5535.1245523935095	300	13.848229369666267	0.0	157488	1211.8878208135636	0.3
5536.095223670194	300	16.877558092981463	0.0	143881	970.6712766848025	0.3
5537.173218879316	300	19.799562883859696	0.0	163444	1077.9952091217663	0.3
5539.154107660415	750	21.81867410276053	0.0	401088	1980.8887810991707	0.3
5540.730663760219	750	24.24211800295688	0.0	365161	1576.5560998036494	0.75
5542.340036451283	1200	26.6327453118928	0.0	487812	1609.3726910640762	0.75
5544.7107516658	1200	28.262030097375472	0.0	575591	2370.715214517333	1.2
5546.8500447301285	1200	30.122737033046572	0.0	605884	2139.2930643289014	1.2
5553.89625769237	2850	27.076524070804382	0.0	1402287	7046.212962242188	1.2000000000000002
5559.385562100482	2850	25.587219662693105	0.0	1339500	5489.3044081112785	2.85
5565.190816916417	2850	23.78196484675841	0.0	1527299	5805.254815934694	2.85
5571.695587845832	2850	21.277193917343784	0.0	1343002	6504.770929414625	2.85
5577.404183205997	2850	19.568598557179666	0.0	1587250	5708.595360164116	2.85
5582.266026151543	2850	18.70675561163357	0.0	1464921	4861.842945546095	2.85
5588.598009183821	2850	16.3747725793548	0.0	1483527	6331.983032278773	2.85
5597.6022349002515	4300	11.370546862925412	0.0	1961140	9004.225716429388	2.8499999999999996
5604.776123917125	4300	8.19665784605097	0.0	2155012	7173.889016874442	4.3

