3357.362514952699	750	4.0	2.3226168467032533	450283	2322.6168467032535	-9.237252440823989
3360.157917933142	750	5.204597019557097	0.0	398865	2795.4029804429024	0.75
3362.4465605325454	750	6.915954420153612	0.0	350812	2288.642599403485	0.75
3365.0936189833997	750	8.268895969299136	0.0	382355	2647.0584508544766	0.75
3368.7686506335094	750	8.593864319189526	0.0	411561	3675.03165010961	0.75
3371.9999140992195	750	9.362600853479242	0.0	318564	3231.263465710285	0.75
3377.81418360313	750	7.548331349569153	0.0	352642	5814.269503910088	0.75
3382.825485644805	300	6.537029307893849	0.0	173849	5011.302041675305	-0.15000000000000002
3384.277774888868	300	9.08474006383094	0.0	150710	1452.2892440629075	0.3
3385.6175940822204	300	11.744920870478474	0.0	139105	1339.8191933524672	0.3
3386.8411171502225	300	14.52139780247643	0.0	141840	1223.5230680020427	0.3
3388.0896619452333	300	17.27285300746587	0.0	156148	1248.5447950105618	0.3
3389.432227090644	300	19.930287862054968	0.0	160746	1342.5651454109025	0.3
3393.2811932964314	750	20.081321656267633	0.0	434409	3848.9662057873356	0.3
3397.8257705127457	750	19.536744439953285	0.0	337059	4544.5772163143465	0.75
3401.5205808355136	750	19.84193411718545	0.0	366214	3694.810322767833	0.75
3404.4876098081786	750	20.874905144520447	0.0	360831	2967.0289726650044	0.75
3407.065146736564	750	22.297368216134732	0.0	372963	2577.5369283857135	0.75
3410.251442567897	750	23.11107238480181	0.0	405596	3186.2958313329236	0.75
3413.123737393055	750	24.238777559644294	0.0	350713	2872.2948251575144	0.75
3416.907018401626	1200	24.45549655107306	0.0	601738	3783.2810085712345	0.75
3421.3268892028227	1200	24.03562574987604	0.0	616206	4419.870801197021	1.2
3427.320536620532	1200	22.041978332166714	0.0	656471	5993.647417709325	1.2
3432.683314612557	1200	20.679200340142156	0.0	536667	5362.777992024557	1.2
3440.2910043251245	1200	17.071510627574483	0.0	587236	7607.689712567673	1.2
3445.7600837399955	1200	15.60243121270353	0.0	590335	5469.079414870955	1.2
3450.7771723919277	750	14.585342560771057	0.0	425781	5017.088651932472	0.3
3453.697902910549	750	15.664612042149638	0.0	277716	2920.73051862142	0.75
3456.602087222933	750	16.760427729765848	0.0	400396	2904.1843123837875	0.75
3458.762875360814	750	18.5996395918845	0.0	400508	2160.7881378813495	0.75
3460.9274995485002	750	20.435015404198513	0.0	358218	2164.62418768599	0.75
3463.46140685045	750	21.901108102248845	0.0	400322	2533.9073019496673	0.75
3465.753303140065	750	23.60921181263435	0.0	369834	2291.896289614496	0.75
3469.22486438368	750	24.137650569018966	0.0	412837	3471.5612436153842	0.75
3473.4562008668654	750	23.90631408583389	0.0	401088	4231.336483185075	0.75
3478.2025962797725	1200	23.15991867292689	0.0	598727	4746.395412907004	0.75
3482.490519331168	1200	22.871995621531276	0.0	487812	4287.923051395611	1.2
3486.778763781436	1200	22.58375117126328	0.0	575591	4288.244450267997	1.2
3490.6765330296303	1200	22.685981923068553	0.0	605884	3897.7692481947256	1.2
3494.6942997431056	1200	22.66821520959339	0.0	587506	4017.7667134751596	1.2
3498.1585332510235	1200	23.20398170167552	0.0	566904	3464.2335079178733	1.2
3502.4963481935292	1200	22.866166759170046	0.0	641452	4337.814942505471	1.2
3506.044825704135	1200	23.317689248563976	0.0	599477	3548.477510606071	1.2
3511.358571865341	1850	22.003943087357694	0.0	973972	5313.746161206285	1.2000000000000002
3516.3722029957657	1850	20.990311956932963	0.0	958994	5013.631130424728	1.85
3528.8037428086523	2850	12.558772144046946	0.0	1483527	12431.539812886018	1.85
3536.046006065627	1850	9.316508887071873	0.0	830730	7242.263256975075	0.8500000000000001
3542.407878874199	1850	6.954636078499945	0.0	846370	6361.872808571927	1.85

