1675.3786729	750	4.0	2.287148895543779	450283	2287.14889554	-9.084740250838248
1682.79858027	2850	4.0	3.4199073708882635	1431809	7419.90737089	-13.955601694819533
1691.09585724	2850	4.0	4.297276962316634	1300868	8297.27696232	-15.628290937961525
1717.16391331	2850	4.0	22.06805606958036	1520281	26068.0560696	-92.04264109919555
1739.22751121	2850	4.0	18.063597902840595	1472558	22063.5979028	-74.82347098221456
1765.34898813	2850	4.0	22.121476920734995	1224260	26121.4769207	-92.27235075916047
1775.39767552	2850	4.0	6.048687389633326	1388403	10048.6873896	-23.159355775423297
1784.99537206	2850	4.0	5.5976965411793405	1638769	9597.69654118	-21.22009512707116
1796.64959801	2850	4.0	7.654225951750319	1348011	11654.2259518	-30.063171592526366
1810.19929436	2850	4.0	9.54969634941272	1429765	13549.6963494	-38.21369430247469
1824.14993195	2850	4.0	9.950637585633057	1354548	13950.6375856	-39.93774161822214
1848.68665244	2850	4.0	20.536720492216094	1519951	24536.7204922	-85.45789811652921
1857.06329992	2850	4.0	4.376647476910891	1422919	8376.64747691	-15.969584150716832
1869.88195847	2850	4.0	8.818658553070556	1578343	12818.6585531	-35.070231778203386
1880.75887874	2850	4.0	6.876920272580533	1231445	10876.9202726	-26.72075717209629
1890.96775412	2850	4.0	6.208875378739078	1471065	10208.8753787	-23.848164128578034
1898.8601128	2850	4.0	3.8923586782531165	1491626	7892.35867825	-13.887142316488402
1910.26388265	2850	4.0	7.403769853041434	1358801	11403.769853	-28.986210368078165
1925.59784482	2850	4.0	11.333962168597717	1537156	15333.9621686	-45.886037324970175
1966.2299263	2850	4.0	36.63208147672664	1336050	40632.0814767	-154.66795034992455
1989.48066063	2850	4.0	19.25073433464233	1415116	23250.7343346	-79.92815763896202
1997.26542123	2850	4.0	3.784760600004025	1468126	7784.7606	-13.424470580017308
2004.43377484	2850	4.0	3.168353613584006	1505760	7168.35361358	-10.773920538411225
2018.25863332	2850	4.0	9.824858473025298	1323990	13824.858473	-39.39689143400878
2043.59854194	2850	4.0	21.339908626371095	1383735	25339.9086264	-88.91160709339572
2069.32059373	2850	4.0	21.722051786536376	1480464	25722.0517865	-90.55482268210642
2090.52779015	2850	4.0	17.207196422899933	1547572	21207.1964229	-71.14094461846972
2097.69134581	2850	4.0	3.1635556588613007	1141971	7163.55565886	-10.753289333103593
2108.57297311	2850	4.0	6.881627300458251	1498470	10881.6273005	-26.740997391970478
2123.02030767	2850	4.0	10.44733456094608	1561263	14447.3345609	-42.07353861206814
2133.07352026	2850	4.0	6.053212588703149	1341201	10053.2125887	-23.178814131423536
2155.5675257	2850	4.0	18.49400543780682	1497683	22494.0054378	-76.67422338256932
2171.1478406	2850	4.0	11.580314904684233	1358081	15580.3149047	-46.945354090142196
2180.55481575	2850	4.0	5.406975144248347	1587293	9406.97514425	-20.39999312026789
2194.06482363	2850	4.0	9.510007879698597	1492672	13510.0078797	-38.04303388270396
2206.96690924	2850	4.0	8.902085615461825	1439896	12902.0856155	-35.42896814648584
2211.65241647	2850	4.0	0.6855072235307716	1139291	4685.50722353	-0.09768106118231801
2221.43351705	2850	4.0	5.781100585888664	1499009	9781.10058589	-22.008732519321253
2233.52780274	2850	4.0	8.094285682322234	1427478	12094.2856823	-31.955428433985603
2257.8000179	2850	4.0	20.27221516744242	1402287	24272.2151674	-84.3205252200024
2298.21778888	2850	4.0	36.41777097806286	1339500	40417.7709781	-153.7464152056703
2310.98412993	2850	4.0	8.766341051056843	1527299	12766.3410511	-34.845266519544424
2318.09476888	2850	4.0	3.1106389499527087	1343002	7110.63894995	-10.525747484796648
2327.15882751	2850	4.0	5.0640586267356325	1587250	9064.05862674	-18.925452094963216
2351.25396452	2850	4.0	20.09513701029644	1464921	24095.1370103	-83.5590891442747
2372.55194741	2850	4.0	17.297982886309896	1483527	21297.9828863	-71.53132641113255
2400.02647837	2850	4.0	23.474530960763968	1231456	27474.5309608	-98.09048313128507
2411.45344016	2850	4.0	7.426961789197945	1364537	11426.9617892	-29.08593569355116

