22165.189443093877	750	4.0	10.535228578788095	450283	10535.228578788096	-44.551482888788804
22166.580290042413	300	6.609153051467327	0.0	155580	1390.8469485326723	-0.15000000000000002
22168.262881980507	300	8.926561113369436	0.0	139857	1682.5919380978908	0.3
22170.542770059874	300	10.646673034004781	0.0	155432	2279.888079364655	0.3
22172.698609983963	300	12.490833109915867	0.0	163442	2155.8399240889144	0.3
22174.271409881385	300	14.918033212494962	0.0	126289	1572.7998974209063	0.3
22176.35603923306	300	16.833403860820415	0.0	153295	2084.629351674547	0.3
22182.37653307727	750	14.812910016610397	0.0	437162	6020.4938442100165	0.3
22189.595538410143	750	11.593904683737236	0.0	374758	7219.005332873161	0.75
22199.224440229056	750	5.965002864824477	0.0	362795	9628.901818912758	0.75
22202.08516218072	300	7.104280913161369	0.0	141840	2860.721951663109	-0.15000000000000002
22204.776356520026	300	8.413086573852494	0.0	156148	2691.194339308875	0.3
22207.650124039865	300	9.539319054012651	0.0	160746	2873.767519839843	0.3
22211.09606905078	300	10.093374043097027	0.0	179801	3445.945010915624	0.3
22213.46543008265	300	11.72401301122475	0.0	140051	2369.3610318722776	0.3
22215.871698020936	300	13.31774507294349	0.0	138313	2406.267938281261	0.3
22218.66661332944	300	14.52282976444265	0.0	143509	2794.915308500841	0.3
22222.05204960261	300	15.137393491268098	0.0	150616	3385.436273174551	0.3
22225.427632281786	300	15.761810812092902	0.0	165384	3375.5826791751956	0.3
22227.27896681894	300	17.910476274939484	0.0	140881	1851.3345371534194	0.3
22229.115227889208	300	20.07421520467443	0.0	157671	1836.2610702650538	0.3
22230.770397113512	300	22.41904598036661	0.0	157812	1655.1692243078176	0.3
22232.34940611723	300	24.840036976650623	0.0	163927	1579.0090037159898	0.3
22239.93328963019	1200	21.256153463692893	0.0	536667	7583.883512957729	0.29999999999999993
22250.737012114376	1200	14.452430979505385	0.0	587236	10803.722484187507	1.2
22255.97688619205	750	13.212556901830846	0.0	379700	5239.874077674539	0.3
22260.537044178418	750	12.652398915460717	0.0	425781	4560.157986370128	0.75
22263.941083191974	750	13.248359901905982	0.0	277716	3404.039013554735	0.75
22272.141255779527	750	9.04818731435092	0.0	400396	8200.172587555062	0.75
22275.94420344398	300	9.245239649895627	0.0	149029	3802.947664455293	-0.15000000000000002
22279.99578669537	300	9.193656398509576	0.0	157421	4051.583251386052	0.3
22283.941056964322	300	9.248386129553637	0.0	157488	3945.2702689559383	0.3
22287.193136025533	300	9.996307068342468	0.0	143881	3252.0790612111705	0.3
22290.862970856528	300	10.32647223734859	0.0	163444	3669.834830993877	0.3
22296.205771643912	300	8.983671449966339	0.0	179328	5342.80078738225	0.3
22301.449246830412	300	7.740196263466335	0.0	159914	5243.475186500004	0.3
22304.933980032212	300	8.255463061663278	0.0	131610	3484.7332018030556	0.3
22307.490276480537	300	9.699166613337988	0.0	124011	2556.296448325291	0.3
22310.533764554766	300	10.65567853910954	0.0	144254	3043.488074228447	0.3
22313.217907054546	300	11.971536039326951	0.0	149991	2684.1424997825898	0.3
22315.48786391289	300	13.701579180981062	0.0	147968	2269.9568583458904	0.3
22318.955889537574	300	14.233553556299007	0.0	161857	3468.0256246820536	0.3
22322.82054029861	300	14.368902795261693	0.0	145210	3864.650761037316	0.3
22326.936548981346	300	14.252894112526189	0.0	172312	4116.008682735504	0.3
22330.41941598822	300	14.770027105652234	0.0	167025	3482.8670068739543	0.3
22333.077369090865	300	16.1120740030076	0.0	160064	2657.953102644636	0.3
22337.921181209196	750	15.268261884679982	0.0	331053	4843.812118327617	0.3
22342.085103039324	750	15.104340054551038	0.0	314107	4163.921830128944	0.75

