44795.5183188115	750	4.0	6.212365695121308	450283	6212.36569512	-25.963172489021623
44814.09976907736	2850	4.0	14.581450265859297	1431809	18581.4502659	-61.95023614319498
44824.70830443332	2850	4.0	6.608535355953447	1300868	10608.535356	-25.56670203059982
44851.60400636417	2850	4.0	22.895701930853388	1520281	26895.7019309	-95.60151830266958
44868.43086212478	2850	4.0	12.826855760611197	1472558	16826.8557606	-52.305479770628146
44878.71591831399	2850	4.0	6.285056189207902	1224260	10285.0561892	-24.175741613593974
44909.50952479373	2850	4.0	26.793606479738845	1388403	30793.6064797	-112.36250786287704
44936.19048360622	2850	4.0	22.680958812488782	1638769	26680.9588125	-94.67812289370177
44953.79607635997	2850	4.0	13.605592753750498	1348011	17605.5927538	-55.654048841127135
44970.199309925476	2850	4.0	12.40323356550232	1429765	16403.2335655	-50.48390433165998
44980.91037604492	2850	4.0	6.711066119445601	1354548	10711.0661194	-26.007584313616082
44990.71014682944	2850	4.0	5.799770784521034	1519951	9799.77078452	-22.089014373440442
44999.078902479356	2850	4.0	4.36875564991986	1422919	8368.75564992	-15.9356492946554
45009.04846965609	2850	4.0	5.969567176730003	1578343	9969.56717673	-22.81913885993901
45017.40954715724	2850	4.0	4.3610775011513	1231445	8361.07750115	-15.902633254950588
45027.148171827415	2850	4.0	5.738624670178631	1471065	9738.62467018	-21.826086081768114
45037.42547751219	2850	4.0	6.277305684773583	1491626	10277.3056848	-24.142414444526406
45045.12569626527	2850	4.0	3.700218753084524	1358801	7700.21875308	-13.060940638263453
45054.033759102334	2850	4.0	4.908062837061634	1537156	8908.06283706	-18.254670199365027
45062.38362328388	2850	4.0	4.349864181541598	1336050	8349.86418154	-15.85441598062887
45071.78275224191	2850	4.0	5.39912895803163	1415116	9399.12895803	-20.366254519536007
45084.75512513898	2850	4.0	8.972372897073521	1468126	12972.3728971	-35.731203457416136
45108.4150821764	2850	4.0	19.6599570374136	1505760	23659.9570374	-81.6878152608785
45124.401024382285	2850	4.0	11.985942205887845	1323990	15985.9422059	-48.68955148531773
45136.546943500165	2850	4.0	8.145919117884338	1383735	12145.9191179	-32.17745220690265
45165.53169296084	2850	4.0	24.984749460669487	1480464	28984.7494607	-104.5844226808788
45178.61986512163	2850	4.0	9.088172160796283	1547572	13088.1721608	-36.22914029142402
45189.71969859767	2850	4.0	7.099833476035746	1141971	11099.833476	-27.679283946953706
45224.921825207195	2850	4.0	31.202126609524587	1498470	35202.1266095	-131.31914442095572
45250.64398354577	2850	4.0	21.722158338577295	1561263	25722.1583386	-90.55528085588237
45264.180258179156	2850	4.0	9.53627463338449	1341201	13536.2746334	-38.15598092355331
45280.2137271737	2850	4.0	12.03346899454103	1497683	16033.4689945	-48.89391667652642
45289.97881226211	2850	4.0	5.7650850884079885	1358081	9765.08508841	-21.939865880154347
45300.4698399811	2850	4.0	6.49102771898806	1587293	10491.027719	-25.061419191648657
45308.79543698718	2850	4.0	4.3255970060848705	1492672	8325.59700608	-15.750067126164941
45319.07931516193	2850	4.0	6.283878174741712	1439896	10283.8781747	-24.17067615138936
45325.889379425505	2850	4.0	2.8100642635730226	1139291	6810.06426357	-9.233276333363998
45336.167949047056	2850	4.0	6.2785696215539355	1499009	10278.5696216	-24.14784937268192
45345.77485578094	2850	4.0	5.606906733876503	1427478	9606.90673388	-21.25969895566896
45353.548219000564	2850	4.0	3.773363219626136	1402287	7773.36321963	-13.375461844392385
45361.427556247996	2850	4.0	3.879337247428474	1339500	7879.33724743	-13.831150163942437
45371.428836353	2850	4.0	6.001280105003538	1527299	10001.280105	-22.95550445151521
45380.068063670486	2850	4.0	4.639227317486182	1343002	8639.22731749	-17.09867746519058
45399.077736879255	2850	4.0	15.009673208768	1587250	19009.6732088	-61.6915947977024
45419.42976443663	2850	4.0	16.352027557382048	1464921	20352.0275574	-67.46371849674281
45434.29755680193	2850	4.0	10.867792365295836	1483527	14867.7923653	-43.88150717077209
45449.233864425085	2850	4.0	10.936307623156196	1231456	14936.3076232	-44.17612277957164
45474.318628505665	2850	4.0	21.084764080575738	1364537	25084.7640806	-87.81448554647568

