755.141134163969	750	4.0	4.746018619318359	450283	4746.018619318359	-19.65788006306894
756.4422892549608	300	6.698844909008274	0.0	155580	1301.1550909917264	-0.15000000000000002
757.6301770323839	300	9.510957131585016	0.0	139857	1187.8877774232599	0.3
759.016055844377	300	12.125078319591939	0.0	155432	1385.8788119930766	0.3
760.4152689893565	300	14.725865174612448	0.0	163442	1399.2131449794917	0.3
762.9822461276998	750	16.158888036269058	0.0	318564	2566.9771383433877	0.3
767.388695252838	1200	15.752438911130838	0.0	561791	4406.449125138223	0.75
773.0937513535804	1200	14.047382810388473	0.0	709534	5705.056100742363	1.2
779.2816937248022	1200	11.859440439166804	0.0	584846	6187.942371221669	1.2
784.5763677569647	1200	10.564766407004173	0.0	560821	5294.674032162629	1.2
788.2813400210213	1200	10.859794142947651	0.0	607410	3704.9722640565237	1.2
792.5945777457804	1200	10.54655641818865	0.0	594078	4313.237724759	1.2
797.1052507768295	1200	10.035883387139432	0.0	624282	4510.673031049219	1.2
802.576397783925	1200	8.564736380043913	0.0	687371	5471.147007095517	1.2
806.7171302187642	1200	8.42400394520476	0.0	526950	4140.732434839153	1.2
811.7431998560791	1200	7.397934307889926	0.0	587876	5026.069637314834	1.2
817.8503971162912	1200	5.290737047677742	0.0	617242	6107.197260212185	1.2
822.608547465326	750	4.532586698643056	0.0	372963	4758.150349034686	0.3
824.623558233807	300	6.5175759301620335	0.0	165384	2015.010768481022	-0.15000000000000002
826.3854259724865	300	8.755708191482489	0.0	140881	1761.8677386795455	0.3
828.2869491537534	300	10.854185010215524	0.0	157671	1901.5231812669647	0.3
830.0271882145661	300	13.113945949402924	0.0	157812	1740.2390608126009	0.3
831.6254729765744	300	15.515661187394521	0.0	163927	1598.2847620084035	0.3
835.006867543263	750	16.134266620705912	0.0	343800	3381.394566688608	0.3
838.9264992702941	750	16.21463489367485	0.0	359903	3919.6317270310606	0.75
843.5131947641216	750	15.627939399847284	0.0	379700	4586.695493827568	0.75
849.4432845214496	750	13.6978496425194	0.0	425781	5930.089757327886	0.75
853.3118772552942	750	13.82925690867472	0.0	277716	3868.5927338446786	0.75
866.3696460382945	750	4.771488125674407	0.0	400396	13057.768783000314	0.75
871.9337196264065	300	4.0	0.7925854624376225	149029	5564.073588112029	-3.558117488481777
877.5348370358449	300	4.0	1.6011174094383531	157421	5601.117409438353	-6.584804860584918
882.4983582218063	300	4.0	0.9635211859613401	157488	4963.52118596134	-3.8431410996337627
886.3246177445394	300	4.173740477266849	0.0	143881	3826.2595227331517	0.3
892.00914712514	300	4.0	1.5107889033336797	163444	5684.529380600528	-6.196392284334823
896.5741789478158	300	4.0	0.5650318226758755	179328	4565.031822675875	-2.129636837506265
899.2470998105769	300	5.327079137238911	0.0	159914	2672.9208627610888	0.3
901.6236184514062	300	6.95056049640966	0.0	131610	2376.5186408292507	0.3
904.0144545470273	300	8.559724400788566	0.0	124011	2390.836095621094	0.3
906.9937656727639	300	9.580413275051965	0.0	144254	2979.3111257365995	0.3
911.6804500770812	300	8.893728870734607	0.0	149991	4686.684404317359	0.3
915.4234913226007	300	9.150687625215056	0.0	147968	3743.0412455195506	0.3
920.3723003663191	300	8.201878581496667	0.0	161857	4948.809043718389	0.3
923.6709499277522	300	8.903229020063625	0.0	145210	3298.6495614330415	0.3
925.5395267017112	300	11.034652246104553	0.0	172312	1868.576773959072	0.3
926.5372343469517	300	14.036944600864086	0.0	167025	997.707645240467	0.3
927.1716302628778	300	17.40254868493799	0.0	160064	634.3959159260962	0.3
928.0624163381887	750	20.511762609627084	0.0	331053	890.7860753109045	0.3
930.0032062933902	1850	22.57097265442555	0.0	846370	1940.7899552015344	0.75

