48850.47310637739	750	4.0	8.793419615156727	450283	8793.41961516	-37.06170434517393
48872.402300917325	2850	4.0	17.92919453994455	1431809	21929.1945399	-76.34553652176156
48891.33628147638	2850	4.0	14.933980559060776	1300868	18933.9805591	-61.366116403961335
48914.71658120639	2850	4.0	19.38029973000128	1520281	23380.29973	-80.4852888390055
48938.00998863422	2850	4.0	19.29340742783382	1472558	23293.4074278	-80.11165193968543
48951.95878439263	2850	4.0	9.948795758405451	1224260	13948.7957584	-39.92982176114344
48967.75682904519	2850	4.0	11.798044652566384	1388403	15798.0446526	-47.88159200603545
48990.88561587168	2850	4.0	19.128786826491357	1638769	23128.7868265	-79.40378335391284
49006.259290672715	2850	4.0	11.373674801032704	1348011	15373.674801	-46.056801644440625
49023.61807810476	2850	4.0	13.358787432048114	1429765	17358.787432	-54.59278595780689
49039.670943318226	2850	4.0	12.052865213469856	1354548	16052.8652135	-48.977320417920374
49067.65518988798	2850	4.0	23.984246569754504	1519951	27984.2465698	-100.28226024994437
49090.57570043419	2850	4.0	18.920510546207485	1422919	22920.5105462	-78.50819534869218
49117.98532176797	2850	4.0	23.409621333787285	1578343	27409.6213338	-97.81137173528533
49141.47601419369	2850	4.0	19.49069242571787	1231445	23490.6924257	-80.95997743058685
49167.024911385815	2850	4.0	21.54889719211693	1471065	25548.8971921	-89.81025792610279
49188.81556196756	2850	4.0	17.79065058174623	1491626	21790.6505817	-73.6497975015088
49209.42826333384	2850	4.0	16.6127013662761	1358801	20612.7013663	-68.58461587498722
49233.13226760057	2850	4.0	19.704004266737762	1537156	23704.0042667	-81.87721834697238
49251.080986210734	2850	4.0	13.948718610160165	1336050	17948.7186102	-57.12949002368871
49266.332002052724	2850	4.0	11.251015841994219	1415116	15251.015842	-45.529368120575135
49286.765902173756	2850	4.0	16.43390012103557	1468126	20433.900121	-67.81577052045296
49304.44314669674	2850	4.0	13.677244522986156	1505760	17677.244523	-55.962151448840466
49320.77798277522	2850	4.0	12.334836078471627	1323990	16334.8360785	-50.18979513742799
49336.4507506905	2850	4.0	11.672767915275653	1383735	15672.7679153	-47.342902035685306
49361.6250550402	2850	4.0	21.17430434969851	1480464	25174.3043497	-88.19950870370359
49388.19784165751	2850	4.0	22.572786617305713	1547572	26572.7866173	-94.21298245441457
49408.5913875994	2850	4.0	16.393545941897614	1141971	20393.5459419	-67.64224755015974
49434.58719797376	2850	4.0	21.995810374356143	1498470	25995.8103744	-91.73198460973141
49463.497945002055	2850	4.0	24.9107470283012	1561263	28910.7470283	-104.26621222169516
49482.436076129794	2850	4.0	14.938131127737503	1341201	18938.1311277	-61.38396384927126
49505.943216860695	2850	4.0	19.507140730903142	1497683	23507.1407309	-81.03070514288352
49526.08808399314	2850	4.0	16.144867132450376	1358081	20144.8671325	-66.57292866953662
49549.946793670126	2850	4.0	19.858709676978858	1587293	23858.709677	-82.54245161100908
49565.60238373719	2850	4.0	11.655590067067756	1492672	15655.5900671	-47.269037288391345
49585.804163658315	2850	4.0	16.201779921122483	1439896	20201.7799211	-66.81765366082668
49599.481965221545	2850	4.0	9.677801563229695	1139291	13677.8015632	-38.76454672188768
49617.29986642457	2850	4.0	13.81790120302085	1499009	17817.901203	-56.56697517298966
49634.45798049695	2850	4.0	13.158114072380565	1427478	17158.1140724	-53.72989051123643
49653.58932990741	2850	4.0	15.131349410457329	1402287	19131.3494105	-62.2148024649665
49679.993861875555	2850	4.0	22.40453196814462	1339500	26404.5319681	-93.48948746302187
49703.65105113766	2850	4.0	19.657189262103916	1527299	23657.1892621	-81.67591382704684
49726.9280735219	2850	4.0	19.27702238423218	1343002	23277.0223842	-80.04119625219838
49757.81841013452	2850	4.0	26.890336612616757	1587250	30890.3366126	-112.77844743425206
49780.07275161328	2850	4.0	18.25434147876256	1464921	22254.3414788	-75.64366835867901
49801.53477665997	2850	4.0	17.462025046690894	1483527	21462.0250467	-72.23670770077085
49820.843068898954	2850	4.0	15.308292238981055	1231456	19308.292239	-62.97565662761853
49842.56724880565	2850	4.0	17.724179906692438	1364537	21724.1799067	-73.36397359877749

