1350.89061469	750	4.0	3.5013497766476167	450283	3501.34977665	-14.305804039584752
1357.1990946	2850	4.0	2.308479901607524	1431809	6308.47990161	-9.176463576912353
1362.39245133	2850	4.0	1.1933567290833762	1300868	5193.35672908	-2.281433935058517
1371.98256978	2850	4.0	5.5901184544435125	1520281	9590.11845444	-21.187509354107103
1381.47406285	2850	4.0	5.491493067145918	1472558	9491.49306715	-20.763420188727448
1388.36900452	2850	4.0	2.8949416699441	1224260	6894.94166994	-9.59824918075963
1402.51743914	2850	4.0	10.148434620168214	1388403	14148.4346202	-40.788268866723314
1418.01038584	2850	4.0	11.492946705010327	1638769	15492.946705	-46.56967083154441
1424.8088927	2850	4.0	2.7985068566649307	1348011	6798.50685666	-9.183579483659202
1434.21945126	2850	4.0	5.410558562726006	1429765	9410.55856273	-20.415401819721826
1444.49116467	2850	4.0	6.271713411073384	1354548	10271.7134111	-24.11836766761555
1452.85788343	2850	4.0	4.3667187558115925	1519951	8366.71875581	-15.926890649989849
1458.35275586	2850	4.0	1.4948724355920522	1422919	5494.87243559	-3.577951473045824
1464.83449614	2850	4.0	2.481740274243899	1578343	6481.74027424	-7.821483179248766
1469.95142523	2850	4.0	1.1169290905916451	1231445	5116.92909059	-1.952795089544074
1475.80037794	2850	4.0	1.8489527116025748	1471065	5848.9527116	-5.100496659891071
1480.91724895	2850	4.0	1.1168710133778885	1491626	5116.87101338	-1.95254535752492
1485.93527913	2850	4.0	1.0180301718670026	1358801	5018.03017187	-1.5275297390281106
1491.14648259	2850	4.0	1.2112034688974191	1537156	5211.2034689	-2.358174916258902
1495.7336891	2850	4.0	0.5872065076662302	1336050	4587.20650767	0.32501201703521065
1501.06653725	2850	4.0	1.3328481478658314	1415116	5332.84814787	-2.881247035823075
1506.13900534	2850	4.0	1.0724680885484386	1468126	5072.46808855	-1.7616127807582855
1510.66575225	2850	4.0	0.5267469122979428	1505760	4526.7469123	0.5849882771188462
1514.47913039	2850	4.186621858721737	0.0	1323990	3813.37814128	2.85
1519.47826953	2850	4.0	0.8125172757062555	1383735	4999.13913443	-0.6438242855368985
1524.38800601	2850	4.0	0.9097364858331785	1480464	4909.73648583	-1.0618668890826672
1529.83997408	2850	4.0	1.4519680643189077	1547572	5451.96806432	-3.393462676571303
1535.40120472	2850	4.0	1.5612306428820983	1141971	5561.23064288	-3.8632917643930225
1539.25886074	2850	4.142343976930266	0.0	1498470	3857.65602307	2.85
1542.75840768	2850	4.642797044120978	0.0	1561263	3499.54693281	2.85
1545.96071981	2850	5.440484913527696	0.0	1341201	3202.31213059	2.85
1549.43464443	2850	5.966560286103169	0.0	1497683	3473.92462742	2.85
1552.26309508	2850	7.138109643930719	0.0	1358081	2828.45064217	2.85
1555.24995554	2850	8.151249178357	0.0	1587293	2986.86046557	2.85
1559.68810254	2850	7.713102178166138	0.0	1492672	4438.14700019	2.85
1564.64115986	2850	6.760044864334182	0.0	1439896	4953.05731383	2.85
1570.88882564	2850	4.512379078442552	0.0	1139291	6247.66578589	2.85
1576.97080254	2850	4.0	1.569597823334433	1499009	6081.97690178	-3.8992706403380617
1583.09769663	2850	4.0	2.126894091107475	1427478	6126.89409111	-6.295644591762143
1592.35570878	2850	4.0	5.258012143772876	1402287	9258.01214377	-19.759452218223366
1601.25394728	2850	4.0	4.898238498851455	1339500	8898.23849885	-18.212425545061254
1611.38883758	2850	4.0	6.13489030020967	1527299	10134.8903002	-23.53002829090158
1626.15060156	2850	4.0	10.761763982750473	1343002	14761.7639828	-43.425585125827034
1638.62472403	2850	4.0	8.474122474930878	1587250	12474.1224749	-33.58872664220277
1645.57421872	2850	4.0	2.9494946872571264	1464921	6949.49468726	-9.832827155205644
1658.61549124	2850	4.0	9.041272516841367	1483527	13041.2725168	-36.02747182241787
1665.40839456	2850	4.0	2.7929033182156044	1231456	6792.90331822	-9.159484268327098
1673.09152401	2850	4.0	3.683129449923433	1364537	7683.12944992	-12.98745663467076

