23862.969662256706	750	4.0	5.693969597015465	450283	5693.969597015464	-23.734069267166497
23864.77299885188	300	6.1966634048252285	0.0	155580	1803.336595174772	-0.15000000000000002
23866.261970987012	300	8.707691269693635	0.0	139857	1488.9721351315945	0.3
23867.8454801466	300	11.12418211010765	0.0	155432	1583.509159585983	0.3
23869.555400750505	300	13.414261506198569	0.0	163442	1709.920603909083	0.3
23870.902359181826	300	16.067303074878538	0.0	126289	1346.9584313200323	0.3
23874.410543191923	750	16.559119064779626	0.0	352642	3508.1840100989116	0.3
23879.079403314983	750	15.890258941722847	0.0	437162	4668.860123056778	0.75
23882.623847571773	750	16.345814684933373	0.0	374758	3544.444256789473	0.75
23888.264992867007	1200	14.704669389695711	0.0	560821	5641.145295237662	0.75
23894.912111479905	1200	12.057550776798813	0.0	607410	6647.118612896898	1.2
23902.202999854057	1200	8.766662402644712	0.0	594078	7290.888374154101	1.2
23907.345405173197	750	7.624257083505076	0.0	386351	5142.405319139636	0.3
23912.021266621483	750	6.948395635220023	0.0	434409	4675.861448285053	0.75
23916.4671101718	750	6.502552084897909	0.0	337059	4445.843550322114	0.75
23922.292068523693	750	4.677593733004849	0.0	366214	5824.958351893059	0.75
23924.49217875051	300	6.477483506185891	0.0	143509	2200.110226818958	-0.15000000000000002
23926.427537242103	300	8.542125014595639	0.0	150616	1935.3584915902532	0.3
23928.516370985144	300	10.45329127155736	0.0	165384	2088.833743038278	0.3
23930.160323852044	300	12.809338404657288	0.0	140881	1643.9528669000726	0.3
23931.908252430483	300	15.061409826215645	0.0	157671	1747.9285784416436	0.3
23937.19491898776	750	13.774743268940957	0.0	399894	5286.666557274687	0.3
23945.037718590775	750	9.931943665925926	0.0	401853	7842.799603015031	0.75
23952.688070457825	750	6.281591798877023	0.0	343800	7650.351867048904	0.75
23954.600397410617	300	8.369264846082471	0.0	146754	1912.3269527945502	-0.15000000000000002
23956.251235363532	300	10.718426893168012	0.0	153938	1650.8379529144602	0.3
23958.219833209052	300	12.7498290476465	0.0	181901	1968.5978455215097	0.3
23959.512376699033	300	15.457285557663614	0.0	111155	1292.5434899828874	0.3
23961.22397771356	300	17.745684543138093	0.0	153605	1711.6010145255198	0.3
23965.04556090412	750	17.924101352576262	0.0	400508	3821.5831905618347	0.3
23969.42122153696	750	17.548440719735293	0.0	358218	4375.660632840968	0.75
23974.565105369617	750	16.40455688708115	0.0	400322	5143.883832654143	0.75
23982.33372448479	750	12.635937771906086	0.0	369834	7768.61911517506	0.75
23995.331696970123	750	4.0	0.36203471342815463	412837	12997.972485334241	-0.8067492677410648
23999.536163810957	300	4.0	0.20446684083513356	179328	4204.466840835134	-1.0292074155910742
24002.05442117739	300	5.4817426335693735	0.0	159914	2518.2573664306265	0.3
24003.97395153214	300	7.56221227881808	0.0	131610	1919.5303547512933	0.3
24006.043109567334	300	9.493054243625135	0.0	124011	2069.158035192945	0.3
24008.206341724544	300	11.329822086413222	0.0	144254	2163.232157211912	0.3
24010.439090511503	300	13.097073299453609	0.0	149991	2232.7487869596143	0.3
24012.062782039073	300	15.473381771886597	0.0	147968	1623.6915275670103	0.3
24013.374712676883	300	18.1614511340748	0.0	161857	1311.9306378117956	0.3
24014.514529492077	300	21.021634318881542	0.0	145210	1139.8168151932591	0.3
24017.192459033155	750	22.343704777805083	0.0	438281	2677.9295410764553	0.3
24022.77486729837	1200	20.76129651259188	0.0	630203	5582.408265213205	0.75
24027.425051892234	1200	20.11111191872251	0.0	638661	4650.184593869364	1.2
24034.367332302772	1850	17.168831508187388	0.0	830730	6942.280410535126	1.2000000000000002
24056.59188916868	2850	4.0	5.055725357720203	1364537	22224.55686590759	-19.88961903819687

