74452.44169857125	750	4.0	3.5949223786930258	450283	3594.92237869	-14.70816622838001
74464.78939841862	2850	4.0	8.347699847363154	1431809	12347.6998474	-35.14510934366156
74474.8643325675	2850	4.0	6.074934148876023	1300868	10074.9341489	-23.272216840166898
74487.09945940983	2850	4.0	8.235126842333333	1520281	12235.1268423	-32.56104542203333
74499.6496433135	2850	4.0	8.550183903662793	1472558	12550.1839037	-33.915790785750005
74511.92647183096	2850	4.0	8.27682851747016	1224260	12276.8285175	-32.74036262512168
74525.03017577501	2850	4.0	9.103703944037093	1388403	13103.703944	-36.2959269593595
74540.46703444909	2850	4.0	11.436858674082762	1638769	15436.8586741	-46.32849229855587
74556.05644724367	2850	4.0	11.589412794573054	1348011	15589.4127946	-46.98447501666413
74569.78934319432	2850	4.0	9.732895950659005	1429765	13732.8959507	-39.00145258783372
74582.33014809647	2850	4.0	8.540804902158115	1354548	12540.8049022	-33.875461079279894
74607.62111961139	2850	4.0	21.29097151491075	1519951	25290.9715149	-88.70117751411624
74622.55593505068	2850	4.0	10.934815439299955	1422919	14934.8154393	-44.1697063889898
74649.14559916274	2850	4.0	22.58966411205857	1578343	26589.6641121	-94.28555568185186
74672.8241505203	2850	4.0	19.678551357567535	1231445	23678.5513576	-81.76777083754041
74695.07840348648	2850	4.0	18.254252966165787	1471065	22254.2529662	-75.64328775451288
74714.26480718893	2850	4.0	15.186403702453052	1491626	19186.4037025	-62.45153592054812
74729.89286318191	2850	4.0	11.628055992985729	1358801	15628.055993	-47.15064076983863
74761.68374852631	2850	4.0	27.79088534438978	1537156	31790.8853444	-116.65080698087604
74773.58784224534	2850	4.0	7.9040937190282	1336050	11904.093719	-31.13760299182126
74785.01154496914	2850	4.0	7.423702723799417	1415116	11423.7027238	-29.071921712337492
74796.90240431369	2850	4.0	7.890859344539982	1468126	11890.8593445	-31.080695181521918
74808.91186759024	2850	4.0	8.009463276568553	1505760	12009.4632766	-31.590692089244776
74821.12107155398	2850	4.0	8.209203963732795	1323990	12209.2039637	-32.44957704405102
74835.25974891438	2850	4.0	10.13867736040382	1383735	14138.6773604	-40.746312649736424
74849.17345298604	2850	4.0	9.913704071666368	1480464	13913.7040717	-39.77892750816538
74866.48226408233	2850	4.0	13.308811096282327	1547572	17308.8110963	-54.377887714014
74877.3259197934	2850	4.0	6.843655711069059	1141971	10843.6557111	-26.57771955759695
74890.86966896328	2850	4.0	9.543749169881663	1498470	13543.7491699	-38.188121430491144
74912.5381919112	2850	4.0	17.66852294791265	1561263	21668.5229479	-73.12464867602439
74931.10737199277	2850	4.0	14.569180081579933	1341201	18569.1800816	-59.797474350793706
74948.8617715752	2850	4.0	13.754399582436632	1497683	17754.3995824	-56.293918204477514
74978.02027823072	2850	4.0	25.15850665551428	1358081	29158.5066555	-105.3315786187114
75004.62242586518	2850	4.0	22.602147634466164	1587293	26602.1476345	-94.33923482820451
75021.04275580385	2850	4.0	12.420329938679624	1492672	16420.3299387	-50.557418736322376
75038.92566000632	2850	4.0	13.882904202475093	1439896	17882.9042025	-56.84648807064289
75064.31715914232	2850	4.0	21.391499135983086	1139291	25391.499136	-89.13344628472727
75082.50205989786	2850	4.0	14.18490075553671	1499009	18184.9007555	-58.14507324880785
75094.92551257022	2850	4.0	8.423452672362755	1427478	12423.4526724	-33.370846491159845
75105.7621086053	2850	4.0	6.836596035077406	1402287	10836.5960351	-26.54736295083284
75116.43835592597	2850	4.0	6.67624732068654	1339500	10676.2473207	-25.85786347895212
75129.88331806548	2850	4.0	9.444962139503534	1527299	13444.9621395	-37.7633371998652
75143.62040672984	2850	4.0	9.737088664359199	1343002	13737.0886644	-39.01948125674455
75158.17644254204	2850	4.0	10.556035812215312	1587250	14556.0358122	-42.540953992525836
75172.55581714671	2850	4.0	10.379374604678281	1464921	14379.3746047	-41.78131080011661
75188.76276392175	2850	4.0	12.206946775029285	1483527	16206.946775	-49.63987113262593
75200.0188479711	2850	4.0	7.25608404935271	1231456	11256.0840494	-28.35116141221665
75214.52656248563	2850	4.0	10.50771451451025	1364537	14507.7145145	-42.33317241239407

