43665.268618256996	750	4.0	1.6132241480558394	450283	1613.22414806	-6.186863836640109
43671.43003375949	2850	4.0	2.1614155024991932	1431809	6161.4155025	-8.544086660746531
43676.82976089292	2850	4.0	1.3997271334270254	1300868	5399.72713343	-3.1688266737362087
43681.33762126263	2850	4.0	0.5078603697124964	1520281	4507.86036971	0.6662004102362657
43686.95795890374	2850	4.0	1.620337641102603	1472558	5620.3376411	-4.117451856741193
43692.3095363902	2850	4.0	1.3515774864625691	1224260	5351.57748646	-2.961783191789047
43701.67290235434	2850	4.0	5.363365964137138	1388403	9363.36596414	-20.212473645789693
43715.570963302154	2850	4.0	9.898060947821552	1638769	13898.0609478	-39.711662075632674
43723.97254405168	2850	4.0	4.401580749521365	1348011	8401.58074952	-16.076797222941867
43730.868456022145	2850	4.0	2.8959119704645326	1429765	6895.91197046	-9.60242147299749
43746.021611078686	2850	4.0	11.153155056543365	1354548	15153.1550565	-45.10856674313647
43754.654636998945	2850	4.0	4.633025920255657	1519951	8633.02592026	-17.072011457099325
43759.47658608812	2850	4.0	0.8219490891777613	1422919	4821.94908918	-0.6843810834643733
43764.35291006357	2850	4.0	0.876323975451618	1578343	4876.32397545	-0.918193094441957
43767.305566541894	2850	5.047343521680302	0.0	1231445	2952.65647832	2.85
43771.61849245775	2850	4.734417605830074	0.0	1471065	4312.92591585	2.85
43777.12636170009	2850	4.0	0.7734516365066502	1491626	5507.86924234	-0.4758420369785954
43785.387117244856	2850	4.0	4.260755544764037	1358801	8260.75554476	-15.47124884248536
43794.91558796437	2850	4.0	5.52847071951265	1537156	9528.47071951	-20.922424093904393
43801.25905808426	2850	4.0	2.343470119888575	1336050	6343.47011989	-7.226921515520873
43807.08105084464	2850	4.0	1.8219927603819088	1415116	5821.99276038	-4.984568869642208
43813.1641093206	2850	4.0	2.083058475953765	1468126	6083.05847595	-6.10715144660119
43819.2211874182	2850	4.0	2.0570780976043608	1505760	6057.0780976	-5.995435819698752
43824.21889543836	2850	4.0	0.9977080201609587	1323990	4997.70802016	-1.4401444866921218
43829.08738999608	2850	4.0	0.8684945577218532	1383735	4868.49455772	-0.8845265982039687
43833.98895236686	2850	4.0	0.901562370777372	1480464	4901.56237078	-1.0267181943426995
43838.66087383514	2850	4.0	0.6719214682770799	1547572	4671.92146828	-0.03926231359144339
43841.777315030246	2850	4.883558804888657	0.0	1141971	3116.44119511	2.85
43846.136194855695	2850	4.524678979434589	0.0	1498470	4358.87982545	2.85
43851.72871682553	2850	4.0	1.0678429904015356	1561263	5592.52196984	-1.7417248587266028
43857.622086757045	2850	4.0	1.893369931509009	1341201	5893.36993151	-5.291490705488739
43864.99734840922	2850	4.0	3.3752616521826604	1497683	7375.26165218	-11.663625104385439
43871.496097688614	2850	4.0	2.4987492793963813	1358081	6498.7492794	-7.89462190140444
43878.657827419156	2850	4.0	3.1617297305401997	1587293	7161.72973054	-10.74543784132286
43885.94761225631	2850	4.0	3.2897848371513363	1492672	7289.78483715	-11.296074799750746
43892.69416105306	2850	4.0	2.7465487967616364	1439896	6746.54879676	-8.960159826075037
43897.667480832104	2850	4.0	0.9733197790479208	1139291	4973.31977905	-1.3352750499060595
43903.9013811432	2850	4.0	2.2339003110974334	1499009	6233.9003111	-6.755771337718963
43908.14041352137	2850	4.0	0.23903237816151068	1427478	4239.03237816	1.8221607739055041
43913.16427520213	2850	4.0	1.0238616807643066	1402287	5023.86168076	-1.5526052272865178
43919.23747800601	2850	4.0	2.0732028038842856	1339500	6073.20280388	-6.064772056702427
43929.607809650915	2850	4.0	6.370331644899506	1527299	10370.3316449	-24.542426073067876
43941.14157627784	2850	4.0	7.533766626933891	1343002	11533.7666269	-29.54519649581573
43951.32511770076	2850	4.0	6.183541422919097	1587250	10183.5414229	-23.739228118552116
43958.737020009794	2850	4.0	3.4119023090307747	1464921	7411.90230903	-11.821179928832331
43974.669470844965	2850	4.0	11.932450835166472	1483527	15932.4508352	-48.459538591215825
43981.45237248798	2850	4.0	2.782901643016439	1231456	6782.90164302	-9.116477064970688
43986.03297749995	2850	4.0	0.5806050119730162	1364537	4580.60501197	0.35339844851603086

