2417.22876149	750	4.0	5.775321338143219	450283	5775.32133814	-24.08388175401584
2430.09861068	2850	4.0	8.869849183627247	1431809	12869.8491836	-37.39035148959716
2442.20210516	2850	4.0	8.103494482556957	1300868	12103.4944826	-31.995026274994913
2454.46943505	2850	4.0	8.267329889171123	1520281	12267.3298892	-32.69951852343583
2475.81972841	2850	4.0	17.350293363691335	1472558	21350.2933637	-71.75626146387275
2491.18835654	2850	4.0	11.368628130105764	1224260	15368.6281301	-46.03510095945478
2510.84756228	2850	4.0	15.659205740572535	1388403	19659.2057406	-64.48458468446191
2535.40584528	2850	4.0	20.55828299629441	1638769	24558.2829963	-85.55061688406596
2550.39584082	2850	4.0	10.989995535308653	1348011	14989.9955353	-44.4069808018272
2570.6050279	2850	4.0	16.209187089428696	1429765	20209.1870894	-66.84950448454339
2585.45001306	2850	4.0	10.844985150993722	1354548	14844.985151	-43.783436149273
2603.68703432	2850	4.0	14.237021262684838	1519951	18237.0212627	-58.3691914295448
2615.17709933	2850	4.0	7.490065013832347	1422919	11490.0650138	-29.35727955947909
2632.54505253	2850	4.0	13.36795319965086	1578343	17367.9531997	-54.63219875849869
2651.09463777	2850	4.0	14.549585240549801	1231445	18549.5852405	-59.71321653436414
2662.60764884	2850	4.0	7.513011067720832	1471065	11513.0110677	-29.455947591199575
2682.9648092	2850	4.0	16.357160364306615	1491626	20357.1603643	-67.48578956651845
2694.08891651	2850	4.0	7.124107308908815	1358801	11124.1073089	-27.783661428307905
2706.19243006	2850	4.0	8.103513551485596	1537156	12103.5135515	-31.995108271388062
2715.13304921	2850	4.0	4.940619142805502	1336050	8940.61914281	-18.39466231406366
2729.52884363	2850	4.0	10.395794421459007	1415116	14395.7944215	-41.851916012273726
2742.92762294	2850	4.0	9.398779309335838	1468126	13398.7793093	-37.5647510301441
2756.85224033	2850	4.0	9.924617387059977	1505760	13924.6173871	-39.8258547643579
2771.04385365	2850	4.0	10.191613324528557	1323990	14191.6133245	-40.973937295472794
2789.77378174	2850	4.0	14.729928094017753	1383735	18729.928094	-60.48869080427633
2807.31436675	2850	4.0	13.540585008172693	1480464	17540.5850082	-55.37451553514258
2831.69910362	2850	4.0	20.38473686751365	1547572	24384.7368675	-84.8043685303087
2848.44488559	2850	4.0	12.745781970618108	1141971	16745.7819706	-51.95686247365786
2865.02788369	2850	4.0	12.582998095401999	1498470	16582.9980954	-51.256891810228595
2886.10479824	2850	4.0	17.076914552945833	1561263	21076.9145529	-70.58073257766709
2899.88070626	2850	4.0	9.775908019169217	1341201	13775.9080192	-39.186404482427626
2917.40468486	2850	4.0	13.523978599085211	1497683	17523.9785991	-55.30310797606641
2927.720881	2850	4.0	6.316196139825925	1358081	10316.1961398	-24.309643401251474
2952.87485902	2850	4.0	21.153978020387264	1587293	25153.9780204	-88.11210548766523
2965.86598305	2850	4.0	8.991124034788996	1492672	12991.1240348	-35.81183334959268
2980.01533642	2850	4.0	10.149353369029955	1439896	14149.353369	-40.7922194868288
2995.6877505	2850	4.0	11.672414082712521	1139291	15672.4140827	-47.34138055566384
3006.47419049	2850	4.0	6.7864399816749374	1499009	10786.4399817	-26.33169192120223
3017.64439859	2850	4.0	7.170208102665458	1427478	11170.2081027	-27.981894841461468
3028.13352704	2850	4.0	6.489128450275285	1402287	10489.1284503	-25.05325233618372
3041.64381851	2850	4.0	9.510291467860906	1339500	13510.2914679	-38.044253311801896
3056.224553	2850	4.0	10.580734495810646	1527299	14580.7344958	-42.64715833198577
3067.86400559	2850	4.0	7.639452588870899	1343002	11639.4525889	-29.99964613214486
3088.11216725	2850	4.0	16.24816165447623	1587250	20248.1616545	-67.0170951142478
3106.67264617	2850	4.0	14.560478924431692	1464921	18560.4789244	-59.76005937505627
3125.73417888	2850	4.0	15.06153270518671	1483527	19061.5327052	-61.914590632302854
3145.44878957	2850	4.0	15.714610696215733	1231456	19714.6106962	-64.72282599372765
3163.79832252	2850	4.0	14.349532945107557	1364537	18349.5329451	-58.85299166396249

