28464.19626131309	750	4.0	3.0006457348380566	450283	3000.64573484	-12.152776659803642
28475.707471487138	2850	4.0	7.511210174051748	1431809	11511.2101741	-31.548203748422516
28485.636543569173	2850	4.0	5.929072082034578	1300868	9929.07208203	-22.645009952748683
28497.224639115724	2850	4.0	7.588095546549336	1520281	11588.0955465	-29.778810850162138
28503.7110648361	2850	4.0	2.4864257203761926	1472558	6486.42572038	-7.841630597617629
28508.997257852727	2850	4.0	1.286193016625266	1224260	5286.19301663	-2.6806299714886435
28515.91532639736	2850	4.0	2.9180685446336248	1388403	6918.06854463	-9.697694741924586
28527.174616050357	2850	4.0	7.2592896530005895	1638769	11259.289653	-28.364945507902533
28538.757165828414	2850	4.0	7.582549778056308	1348011	11582.5497781	-29.75496404564212
28545.72836995408	2850	4.0	2.9712041256662105	1429765	6971.20412567	-9.926177740364706
28552.85134466618	2850	4.0	3.1229747120987015	1354548	7122.9747121	-10.578791262024415
28561.054841406098	2850	4.0	4.203496739920396	1519951	8203.49673992	-15.225035981657703
28568.09694994389	2850	4.0	3.042108537788382	1422919	7042.10853779	-10.231066712490042
28580.84435804946	2850	4.0	8.747408105572397	1578343	12747.4081056	-34.763854853961305
28588.746060487247	2850	4.0	3.9017024377879435	1231445	7901.70243779	-13.927320482488158
28596.03056150118	2850	4.0	3.2845010139294035	1471065	7284.50101393	-11.273354359896436
28605.104685816812	2850	4.0	5.074124315634569	1491626	9074.12431563	-18.968734557228643
28620.286138092568	2850	4.0	11.181452275754335	1358801	15181.4522758	-45.230244785743636
28627.28251880861	2850	4.0	2.9963807160437264	1537156	6996.38071604	-10.034437078988024
28636.147155980674	2850	4.0	4.864637172062685	1336050	8864.63717206	-18.067939839869542
28648.650198038926	2850	4.0	8.503042058252477	1415116	12503.0420583	-33.713080850485646
28657.799552152526	2850	4.0	5.1493541135993	1468126	9149.3541136	-19.29222268847699
28666.88776567939	2850	4.0	5.088213526862584	1505760	9088.21352686	-19.02931816550911
28673.701748240295	2850	4.0	2.8139825609067346	1323990	6813.98256091	-9.250125011898959
28680.64313108193	2850	4.0	2.9413828416358565	1383735	6941.38284164	-9.797946219034182
28690.985294225105	2850	4.0	6.342163143172018	1480464	10342.1631432	-24.421301515639673
28699.480680681274	2850	4.0	4.4953864561702686	1547572	8495.38645617	-16.480161761532152
28706.26444144988	2850	4.0	2.783760768605961	1141971	6783.76076861	-9.120171305005632
28717.678457694423	2850	4.0	7.414016244542416	1498470	11414.0162445	-29.030269851532385
28736.295646493974	2850	4.0	14.6171887995543	1561263	18617.1887996	-60.00391183808349
28744.16319427486	2850	4.0	3.8675477808879912	1341201	7867.54778089	-13.780455457818361
28753.30801749905	2850	4.0	5.144823224188747	1497683	9144.82322419	-19.272739864011612
28761.206599111112	2850	4.0	3.8985816120638246	1358081	7898.58161206	-13.913900931874446
28769.524455186933	2850	4.0	4.317856075820797	1587293	8317.85607582	-15.716781126029426
28780.164696925996	2850	4.0	6.640241739065095	1492672	10640.2417391	-25.703039477979907
28792.365450755533	2850	4.0	8.200753829534905	1439896	12200.7538295	-32.41324146700009
28801.539241156486	2850	4.0	5.173790400951957	1139291	9173.79040095	-19.397298724093414
28809.22492482797	2850	4.0	3.68568367148639	1499009	7685.68367149	-12.998439787391478
28815.608471170843	2850	4.0	2.3835463428725805	1427478	6383.54634287	-7.399249274352096
28821.930474585704	2850	4.0	2.32200341486068	1402287	6322.00341486	-7.134614683900924
28829.76285839018	2850	4.0	3.832383804472409	1339500	7832.38380447	-13.629250359231358
28843.9393284745	2850	4.0	10.17647008431936	1527299	14176.4700843	-40.90882136257325
28850.995296016772	2850	4.0	3.0559675422734838	1343002	7055.96754227	-10.29066043177598
28859.23137536546	2850	4.0	4.2360793486863	1587250	8236.07934869	-15.365141199351092
28867.20850465459	2850	4.0	3.9771292891307795	1464921	7977.12928913	-14.251655943262351
28874.32979655265	2850	4.0	3.121291898058845	1483527	7121.29189806	-10.571555161653032
28883.153838140526	2850	4.0	4.824041587874493	1231456	8824.04158787	-17.893378827860317
28893.88791764371	2850	4.0	6.734079503187557	1364537	10734.0795032	-26.106541863706493

