43035.83285827662	750	4.0	3.5388403668140223	450283	3538.84036681	-14.467013577300294
43049.87493811846	2850	4.0	10.042079841840645	1431809	14042.0798418	-42.43094331991477
43061.97353641707	2850	4.0	8.098598298611162	1300868	12098.5982986	-31.97397268402799
43075.4019746786	2850	4.0	9.428438261531173	1520281	13428.4382615	-37.692284524584046
43085.984300233744	2850	4.0	6.5823255551461335	1472558	10582.3255551	-25.453999887128372
43093.08770304117	2850	4.0	3.1034028074331235	1224260	7103.40280743	-10.49463207196243
43101.7878317624	2850	4.0	4.700128721224124	1388403	8700.12872122	-17.36055350126373
43117.47551720197	2850	4.0	11.687685439577395	1638769	15687.6854396	-47.4070473901828
43136.01599020901	2850	4.0	14.540473007034466	1348011	18540.473007	-59.6740339302482
43154.709255360256	2850	4.0	14.69326515124703	1429765	18693.2651512	-60.33104015036222
43167.60368914993	2850	4.0	8.89443378967717	1354548	12894.4337897	-35.39606529561183
43177.564646349834	2850	4.0	5.960957199902547	1519951	9960.9571999	-22.78211595958095
43189.10692927303	2850	4.0	7.5422829231972734	1422919	11542.2829232	-29.58181656974827
43199.56303411284	2850	4.0	6.456104839811122	1578343	10456.1048398	-24.91125081118782
43206.54824211331	2850	4.0	2.9852080004759665	1231445	6985.20800048	-9.986394402046656
43216.821670146455	2850	4.0	6.273428033140386	1471065	10273.4280331	-24.12574054250366
43235.37546939106	2850	4.0	14.553799244601345	1491626	18553.7992446	-59.73133675178578
43259.54191877107	2850	4.0	20.16644938001389	1358801	24166.44938	-83.86573233405973
43286.75495806832	2850	4.0	23.213039297245146	1537156	27213.0392972	-96.96606897815413
43303.536322199005	2850	4.0	12.781364130683986	1336050	16781.3641307	-52.10986576194114
43314.003734424005	2850	4.0	6.4674122250002055	1415116	10467.412225	-24.95987256750088
43327.213699549204	2850	4.0	9.209965125201185	1468126	13209.9651252	-36.75285003836509
43336.59870527958	2850	4.0	5.385005730375662	1505760	9385.00573038	-20.305524640615342
43344.366561320225	2850	4.0	3.767856040638948	1323990	7767.85604064	-13.351780974747475
43355.41808970515	2850	4.0	7.051528384922509	1383735	11051.5283849	-27.47157205516679
43370.01628025533	2850	4.0	10.598190550187379	1480464	14598.1905502	-42.72221936580573
43383.5127068665	2850	4.0	9.496426611170842	1547572	13496.4266112	-37.98463442803462
43394.4342616142	2850	4.0	6.92155474769936	1141971	10921.5547477	-26.912685415107244
43404.42801567354	2850	4.0	5.993754059337938	1498470	9993.75405934	-22.923142455153133
43414.66099336215	2850	4.0	6.232977688613626	1561263	10232.9776886	-23.951804061038587
43422.374567708874	2850	4.0	3.713574346720147	1341201	7713.57434672	-13.118369690896632
43439.60237830601	2850	4.0	13.22781059713375	1497683	17227.8105971	-54.02958556767512
43458.1129409962	2850	4.0	14.510562690187584	1358081	18510.5626902	-59.545419567806604
43478.80678336344	2850	4.0	16.693842367241896	1587293	20693.8423672	-68.93352217914016
43489.14071186899	2850	4.0	6.333928505549507	1492672	10333.9285055	-24.38589257386288
43498.96554583271	2850	4.0	5.824833963720339	1439896	9824.83396372	-22.196786043997456
43508.88329072291	2850	4.0	5.917744890196556	1139291	9917.7448902	-22.596303027845188
43517.917492789726	2850	4.0	5.0342020668134735	1499009	9034.20206681	-18.797068887297932
43526.37649584072	2850	4.0	4.4590030509979535	1427478	8459.003051	-16.3237131192912
43536.60794576401	2850	4.0	6.231449923280969	1402287	10231.4499233	-23.945234670108164
43555.54333206976	2850	4.0	14.935386305756332	1339500	18935.3863058	-61.372161114752224
43581.99603918584	2850	4.0	22.452707116077278	1527299	26452.7071161	-93.6966405991323
43606.734376499415	2850	4.0	20.738337313578455	1343002	24738.3373136	-86.32485044838737
43623.80935401721	2850	4.0	13.074977517801592	1587250	17074.9775178	-53.372403326546845
43635.45694846244	2850	4.0	7.6475944452205855	1464921	11647.5944452	-30.034656114448516
43647.14347606182	2850	4.0	7.686527599384954	1483527	11686.5275994	-30.2020686773553
43655.03770888419	2850	4.0	3.894232822377183	1231456	7894.23282238	-13.895201136221887
43663.65539410894	2850	4.0	4.617685224739303	1364537	8617.68522474	-17.006046466379

