1676.2828607923584	750	4.0	2.8598146493896546	450283	2859.8146493896547	-11.547202992375514
1678.1615595046142	750	6.121301287744215	0.0	398865	1878.6987122557848	0.75
1679.7253483390707	750	8.55751245328761	0.0	350812	1563.788834456606	0.75
1682.939464168077	1200	9.343396624281485	0.0	617681	3214.115829006123	0.75
1685.9181525592599	1200	10.364708233098458	0.0	652874	2978.688391183028	1.2
1687.7227653255939	1200	12.560095466764674	0.0	520315	1804.6127663337854	1.2
1690.7935793589643	1850	13.489281433394245	0.0	905515	3070.8140333704287	1.2000000000000002
1694.8633214189442	1850	13.419539373414233	0.0	1060487	4069.742059980011	1.85
1699.0300167335922	1850	13.25284405876628	0.0	852833	4166.695314647952	1.85
1703.4968456518625	1850	12.786015140495925	0.0	913888	4466.828918270356	1.85
1709.020730966814	1850	11.262129825544474	0.0	939819	5523.8853149514525	1.85
1714.198143702939	1850	10.084717089419504	0.0	917428	5177.412736124968	1.85
1719.331300857948	1850	8.951559934410529	0.0	946851	5133.157155008977	1.85
1722.1425747005235	1200	10.140286091834936	0.0	687371	2811.273842575593	0.5499999999999999
1724.6528723379056	1200	11.62998845445276	0.0	526950	2510.297637382175	1.2
1726.7604923377728	1200	13.522368454585632	0.0	587876	2107.6199998671286	1.2
1731.1569875070247	1850	13.125873285333608	0.0	966699	4396.495169252025	1.2000000000000002
1736.7849903928125	1850	11.497870399545754	0.0	885714	5628.002885787854	1.85
1740.650094204766	1850	11.632766587592402	0.0	987708	3865.103811953353	1.85
1744.5135107017954	1850	11.769350090563078	0.0	923755	3863.4164970293214	1.85
1748.550771898828	1850	11.732088893530365	0.0	891604	4037.261197032714	1.85
1752.248182051313	1850	12.034678741045152	0.0	955231	3697.4101524852126	1.85
1756.04180078761	1850	12.24106000474824	0.0	968026	3793.6187362969113	1.85
1758.9266121378691	1850	13.35624865448892	0.0	874175	2884.8113502593183	1.85
1762.6979933275131	1850	13.58486746484503	0.0	897976	3771.381189643892	1.85
1766.5539385673542	1850	13.728922225003952	0.0	905935	3855.945239841075	1.85
1770.8323921198178	1850	13.450468672540508	0.0	1076599	4278.453552463446	1.85
1773.9336098220456	1850	14.349250970312726	0.0	758197	3101.2177022277833	1.85
1777.382280602386	1850	14.900580189972167	0.0	972798	3448.6707803405566	1.85
1781.5082482868131	1850	14.774612505545159	0.0	975811	4125.967684427009	1.85
1785.4931674106654	1850	14.789693381692691	0.0	873429	3984.9191238524672	1.85
1789.770315706453	1850	14.512545085905156	0.0	954453	4277.148295787535	1.85
1792.4375053421886	1850	15.845355450169693	0.0	885062	2667.189635735463	1.85
1796.64629616019	1850	15.636564632168156	0.0	1035329	4208.790818001536	1.85
1801.5286465521795	1850	14.754214240178818	0.0	1026056	4882.350391989338	1.85
1804.4835602942262	1850	15.799300498132109	0.0	943942	2954.9137420467105	1.85
1807.5177280490661	1850	16.765132743292284	0.0	728962	3034.167754839823	1.85
1811.2961569231209	1850	16.98670386923751	0.0	938587	3778.4288740547745	1.85
1815.850051050835	1850	16.432809741523325	0.0	908665	4553.894127714187	1.85
1820.9402702373761	1850	15.34259055498222	0.0	930577	5090.219186541105	1.85
1825.4860847180412	1850	14.796776074317389	0.0	858450	4545.81448066483	1.85
1831.4090473473314	1850	12.873813445027128	0.0	1025005	5922.962629290262	1.85
1837.9700299901708	1850	10.312830802187733	0.0	886255	6560.982642839395	1.85
1847.2621754348618	1200	5.020685357496783	0.0	634861	9292.14544469095	0.5499999999999999
1848.879346433741	300	7.403514358617678	0.0	167025	1617.1709988791044	-0.6000000000000001
1849.675054884576	300	10.607805907782582	0.0	160064	795.7084508350955	0.3
1851.1108328682515	750	13.172027924107125	0.0	331053	1435.777983675456	0.3
1853.7913727253415	1200	14.491488067017166	0.0	550906	2680.539857089959	0.75

