6709.576134236668	750	4.0	5.105653885378062	450283	5105.653885378062	-21.204311707125665
6713.731835976328	300	4.0	0.15570173966025685	155580	4155.701739660257	-0.8195174805391044
6716.188469406296	300	5.543366570032065	0.0	139857	2456.6334299679343	0.3
6717.474898541785	300	8.256937434542367	0.0	155432	1286.4291354896984	0.3
6718.462618389689	300	11.26921758663774	0.0	163442	987.7198479046284	0.3
6719.0083459992775	300	14.723489977049944	0.0	126289	545.7276095877967	0.3
6719.657248934931	300	18.074587041395613	0.0	153295	648.9029356543269	0.3
6721.485116431527	750	20.246719544800097	0.0	437162	1827.8674965955186	0.3
6723.154592216963	750	22.577243759364418	0.0	374758	1669.4757854356799	0.75
6727.158421535611	1850	22.573414440717382	0.0	913888	4003.8293186470373	0.75
6730.605991486921	1850	23.12584448940685	0.0	939819	3447.5699513105315	1.85
6733.666358093944	1850	24.065477882383643	0.0	917428	3060.366607023208	1.85
6738.221130627537	2850	23.51070534879062	0.0	1422919	4554.772533593022	1.85
6743.3277175448075	2850	22.40411843152043	0.0	1578343	5106.5869172701905	2.85
6748.246065816207	2850	21.485770160120413	0.0	1231445	4918.3482714000165	2.85
6754.617065177527	2850	19.11477079879976	0.0	1471065	6370.999361320654	2.85
6759.86632618787	2850	17.865509788456745	0.0	1491626	5249.261010343016	2.85
6766.2308587194175	2850	15.500977256909117	0.0	1358801	6364.5325315476275	2.85
6778.609009737295	2850	7.122826239032065	0.0	1537156	12378.151017877051	2.85
6783.406470606166	1200	6.325365370161676	0.0	586839	4797.460868870389	-0.44999999999999996
6787.301404670558	750	6.430431305769087	0.0	386472	3894.9340643925884	0.3
6793.075386409987	750	4.6564495663411	0.0	399894	5773.981739427987	0.75
6795.2354898305475	300	6.496346145780349	0.0	163927	2160.103420560751	-0.15000000000000002
6796.4942702836815	300	9.237565692646667	0.0	137654	1258.7804531336812	0.3
6797.9561928310495	300	11.775643145278243	0.0	146754	1461.9225473684235	0.3
6799.557480052156	300	14.174355924171952	0.0	153938	1601.2872211062904	0.3
6801.474752823268	300	16.257083153060503	0.0	181901	1917.27277111145	0.3
6804.141131738724	750	17.590704237604832	0.0	277716	2666.378915455671	0.3
6807.777703801259	750	17.95413217506975	0.0	400396	3636.572062535084	0.75
6813.570459477037	1200	16.16137649929162	0.0	641447	5792.755675778131	0.75
6819.084235098871	1200	14.647600877457343	0.0	570392	5513.775621834275	1.2
6823.987509484447	1200	13.744326491881566	0.0	620283	4903.274385575779	1.2
6829.137410426476	1200	12.594425549852604	0.0	584349	5149.900942028962	1.2
6833.575192604589	1200	12.156643371740754	0.0	670129	4437.782178111849	1.2
6840.386081621288	1200	9.345754355041004	0.0	690253	6810.889016699749	1.2
6847.974215099016	1200	5.757620877313331	0.0	598727	7588.133477727674	1.2
6851.534849037095	750	6.196986939234128	0.0	321064	3560.6339380792024	0.3
6853.797299683115	750	7.934536293214846	0.0	361565	2262.450646019283	0.75
6856.400852567437	750	9.3309834088926	0.0	378327	2603.5528843222455	0.75
6859.332930317667	750	10.398905658662214	0.0	390680	2932.077750230386	0.75
6863.261831640963	750	10.470004335367268	0.0	345516	3928.901323294945	0.75
6866.52395818558	750	11.207877790749677	0.0	384505	3262.1265446175917	0.75
6868.891355541706	750	12.840480434623895	0.0	372093	2367.3973561257812	0.75
6872.803035287946	750	12.928800688384037	0.0	438281	3911.6797462398595	0.75
6878.009470254003	750	11.722365722326042	0.0	398987	5206.434966057996	0.75
6883.978186343094	750	9.753649633234973	0.0	393804	5968.716089091069	0.75
6887.404066817767	750	10.327769158562397	0.0	331053	3425.880474672577	0.75
6891.960974830603	1200	9.770861145725801	0.0	550906	4556.908012836594	0.75

