10783.558016639186	750	4.0	4.316718207694552	450283	4316.718207694552	-17.81188829308657
10784.353424667592	300	7.204591971595131	0.0	155580	795.4080284048688	-0.15000000000000002
10786.508843104435	750	9.049173534751091	0.0	350812	2155.41843684404	0.3
10789.153146419305	750	10.404870219880664	0.0	382355	2644.303314870427	0.75
10792.75982462205	750	10.798192017136937	0.0	411561	3606.678202743728	0.75
10795.763452413257	750	11.794564225930483	0.0	318564	3003.6277912064543	0.75
10798.930775999466	750	12.627240639722427	0.0	352642	3167.323586208056	0.75
10805.135683413208	750	10.422333225980895	0.0	437162	6204.907413741532	0.75
10810.945240471376	750	8.612776167812365	0.0	374758	5809.55705816853	0.75
10815.27068901964	750	8.287327619546698	0.0	362795	4325.448548265667	0.75
10818.713316796993	750	8.844699842193858	0.0	353220	3442.6277773528373	0.75
10822.58375124523	750	8.97426539395818	0.0	405134	3870.4344482356773	0.75
10826.095730736786	750	9.462285902402542	0.0	386351	3511.979491555639	0.75
10830.364541454179	750	9.193475185010431	0.0	434409	4268.810717392111	0.75
10834.908700097145	750	8.6493165420447	0.0	337059	4544.15864296573	0.75
10840.432215478677	750	7.1258011605132054	0.0	366214	5523.515381531495	0.75
10844.855420160313	750	6.702596478877628	0.0	360831	4423.204681635577	0.75
10850.758708930383	750	4.799307708807901	0.0	372963	5903.288770069727	0.75
10853.01358977777	300	6.544426861419433	0.0	165384	2254.8808473884674	-0.15000000000000002
10855.363279793248	300	8.194736845944	0.0	140881	2349.690015475434	0.3
10859.107044207052	300	8.450972432140759	0.0	157671	3743.76441380324	0.3
10860.973578440662	300	10.584438198530403	0.0	157812	1866.5342336103565	0.3
10862.95293351544	300	12.605083123751532	0.0	163927	1979.355074778871	0.3
10864.691591333958	300	14.86642530523488	0.0	137654	1738.6578185166513	0.3
10866.444200149095	300	17.11381649009701	0.0	146754	1752.6088151378729	0.3
10868.046431736017	300	19.51158490317495	0.0	153938	1602.2315869220586	0.3
10873.976943208765	750	17.581073430426425	0.0	425781	5930.511472748522	0.3
10876.5068351007	750	19.05118153849257	0.0	277716	2529.8918919338544	0.75
10879.841040974534	750	19.71697566465809	0.0	400396	3334.205873834483	0.75
10882.813713027546	750	20.74430361164543	0.0	400508	2972.672053012657	0.75
10886.71036454531	750	20.84765209388202	0.0	358218	3896.6515177634155	0.75
10889.365200488548	750	22.19281615064368	0.0	400322	2654.835943238336	0.75
10894.145182156932	1200	21.412834482261445	0.0	584349	4779.981668382236	0.75
10898.502219291087	1200	21.055797348106157	0.0	670129	4357.037134155288	1.2
10902.87453807497	1200	20.683478564222757	0.0	690253	4372.318783883398	1.2
10906.347324527365	1200	21.210692111827793	0.0	598727	3472.7864523949634	1.2
10909.716687613325	1200	21.8413290258692	0.0	487812	3369.3630859585955	1.2
10913.28783019412	1200	22.27018644507535	0.0	575591	3571.142580793852	1.2
10918.264235040284	1850	21.293781598909817	0.0	908665	4976.404846165533	1.2000000000000002
10923.177349459613	1850	20.38066717958245	0.0	930577	4913.114419327369	1.85
10927.538598062392	1850	20.019418576802618	0.0	858450	4361.248602779829	1.85
10932.28175727607	1850	19.27625936312369	0.0	1025005	4743.159213678929	1.85
10936.683877018013	1850	18.874139621182117	0.0	886255	4402.119741941572	1.85
10942.418205539405	1850	17.139811099789206	0.0	973972	5734.3285213929075	1.85
10951.990678266544	1850	11.567338372651044	0.0	958994	9572.472727138163	1.85
10956.468992219847	1200	11.089024419347963	0.0	638661	4478.313953303081	0.5499999999999999
10959.403445008	1200	12.154571631194534	0.0	538612	2934.452788153429	1.2
10962.069226492289	1200	13.48879014690495	0.0	550906	2665.7814842895846	1.2

