34241.2084687933	750	4.0	6.8100179178166504	450283	6810.01791782	-28.533077046611595
34251.12514842491	2850	4.0	5.916679631609378	1431809	9916.67963161	-24.691722415920324
34261.35930195368	2850	4.0	6.234153528773379	1300868	10234.1535288	-23.956860173725527
34273.14413493504	2850	4.0	7.78483298136375	1520281	11784.8329814	-30.624781819864126
34289.09931350735	2850	4.0	11.955178572307387	1472558	15955.1785723	-48.55726786092176
34300.66501570629	2850	4.0	7.565702198942723	1224260	11565.7021989	-29.682519455453708
34313.54931838674	2850	4.0	8.884302680437147	1388403	12884.3026804	-35.352501525879724
34332.43778576336	2850	4.0	14.888467376624519	1638769	18888.4673766	-61.17040971948543
34355.35040775616	2850	4.0	18.912621992796225	1348011	22912.6219928	-78.47427456902378
34367.51859342672	2850	4.0	8.168185670558632	1429765	12168.1856706	-32.27319838340212
34375.66612662759	2850	4.0	4.147533200871573	1354548	8147.53320087	-14.984392763747762
34387.42411065077	2850	4.0	7.757984023176468	1519951	11757.9840232	-30.50933129965881
34398.93621747773	2850	4.0	7.512106826954863	1422919	11512.106827	-29.45205935590591
34412.448370258964	2850	4.0	9.512152781240115	1578343	13512.1527812	-38.05225695933249
34421.376805930704	2850	4.0	4.928435671738255	1231445	8928.43567174	-18.342273388474492
34433.3653817099	2850	4.0	7.9885757791942575	1471065	11988.5757792	-31.5008758505353
34447.06005271515	2850	4.0	9.694671005249132	1491626	13694.6710052	-38.83708532257126
34466.755757096485	2850	4.0	15.695704381342795	1358801	19695.7043813	-64.64152883977403
34491.06431932526	2850	4.0	20.308562228775095	1537156	24308.5622288	-84.47681758373291
34512.7926684391	2850	4.0	17.728349113833257	1336050	21728.3491138	-73.381901189483
34538.530024243286	2850	4.0	21.73735580419105	1415116	25737.3558042	-90.62062995802152
34550.018162566805	2850	4.0	7.48813832351708	1468126	11488.1383235	-29.348994791123438
34563.63743260549	2850	4.0	9.619270038684059	1505760	13619.2700387	-38.51286116634145
34573.571228888715	2850	4.0	5.933796283220883	1323990	9933.79628322	-22.665324017849795
34584.421685609086	2850	4.0	6.850456720372406	1383735	10850.4567204	-26.606963897601343
34599.38773186126	2850	4.0	10.966046252172372	1480464	14966.0462522	-44.3039988843412
34614.39389845968	2850	4.0	11.006166598425306	1547572	15006.1665984	-44.47651637322881
34625.09490034947	2850	4.0	6.701001889786854	1141971	10701.0018898	-25.96430812608347
34641.989791664724	2850	4.0	12.89489131526005	1498470	16894.8913153	-52.59803265561821
34665.203609976736	2850	4.0	19.213818312015285	1561263	23213.818312	-79.76941874166573
34679.692812148096	2850	4.0	10.489202171352188	1341201	14489.2021714	-42.25356933681441
34689.127417685435	2850	4.0	5.434605537341678	1497683	9434.60553734	-20.518803810569214
34699.06621603899	2850	4.0	5.938798353557868	1358081	9938.79835356	-22.68683292029883
34712.30759933691	2850	4.0	9.24138329791848	1587293	13241.3832979	-36.88794818104946
34724.596629494255	2850	4.0	8.28903015734208	1492672	12289.0301573	-32.79282967657094
34735.42615885929	2850	4.0	6.829529365034323	1439896	10829.529365	-26.516976269647586
34744.838665836134	2850	4.0	5.412506976840214	1139291	9412.50697684	-20.423780000412915
34757.28223885682	2850	4.0	8.443573020681216	1499009	12443.5730207	-33.457363988929224
34777.51389147488	2850	4.0	16.23165261806876	1427478	20231.6526181	-66.94610625769567
34801.88822944774	2850	4.0	20.374337972856097	1402287	24374.3379729	-84.75965328328122
34814.951733548114	2850	4.0	9.063504100374896	1339500	13063.5041004	-36.12306763161205
34847.2108262453	2850	4.0	28.25909269718429	1527299	32259.0926972	-118.66409859789245
34860.81823535266	2850	4.0	9.607409107368412	1343002	13607.4091074	-38.46185916168417
34875.52880689648	2850	4.0	10.710571543822581	1587250	14710.5715438	-43.205457638437096
34885.78029781298	2850	4.0	6.2514909165001535	1464921	10251.4909165	-24.031410940950657
34897.9277878603	2850	4.0	8.147490047329574	1483527	12147.4900473	-32.18420720351717
34908.23353252543	2850	4.0	6.305744665127702	1231456	10305.7446651	-24.264702060049117
34923.04511545702	2850	4.0	10.81158293158299	1364537	14811.5829316	-43.639806605806854

