57211.9824435882	750	4.0	2.005422751396268	450283	2005.4227514	-7.873317831003952
57220.00987885327	2850	4.0	4.027435265072842	1431809	8027.43526507	-16.567971639813223
57227.04487546968	2850	4.0	3.0349966164077924	1300868	7034.99661641	-10.200485450553508
57235.91272416729	2850	4.0	4.86784869761076	1520281	8867.84869761	-18.081749399726263
57242.48618365207	2850	4.0	2.5734594847828403	1472558	6573.45948478	-8.215875784566213
57247.89954921436	2850	4.0	1.4133655622817187	1224260	5413.36556228	-3.2274719178113904
57255.13057987479	2850	4.0	3.2310306604341856	1388403	7231.03066043	-11.043431839866997
57264.86339167116	2850	4.0	5.732811796371105	1638769	9732.81179637	-21.80109072439575
57272.808743912894	2850	4.0	3.9453522417283557	1348011	7945.35224173	-14.115014639431928
57289.507114723274	2850	4.0	12.698370810380894	1429765	16698.3708104	-51.75299448463784
57302.240844787346	2850	4.0	8.733730064071905	1354548	12733.7300641	-34.705039275509186
57318.01738386127	2850	4.0	11.77653907392161	1519951	15776.5390739	-47.78911801786292
57331.610423852326	2850	4.0	9.593039991056674	1422919	13593.0399911	-38.400071961543695
57357.10114389914	2850	4.0	21.49072004682055	1578343	25490.7200468	-89.56009620132836
57366.29859204106	2850	4.0	5.197448141914362	1231445	9197.44814191	-19.499027010231753
57378.681307471415	2850	4.0	8.38271543035457	1471065	12382.7154304	-33.19567635052465
57393.09788689641	2850	4.0	10.416579424989743	1491626	14416.579425	-41.941291527455896
57409.38593158246	2850	4.0	12.28804468605169	1358801	16288.0446861	-49.988592150022264
57427.53085119621	2850	4.0	14.144919613750226	1537156	18144.9196138	-57.97315433912597
57439.74757963991	2850	4.0	8.216728443704115	1336050	12216.7284437	-32.48193230792769
57451.28344942195	2850	4.0	7.535869782040332	1415116	11535.869782	-29.554240062773424
57467.954972135645	2850	4.0	12.671522713699954	1468126	16671.5227137	-51.6375476689098
57487.879630145864	2850	4.0	15.92465801021571	1505760	19924.6580102	-65.62602944392755
57505.73411091032	2850	4.0	13.854480764457687	1323990	17854.4807645	-56.724267287168054
57521.12771911859	2850	4.0	11.393608208271965	1383735	15393.6082083	-46.142515295569446
57529.45617018664	2850	4.0	4.328451068054519	1480464	8328.45106805	-15.762339592634431
57537.71252132501	2850	4.0	4.256351138378821	1547572	8256.35113838	-15.45230989502893
57544.05372601628	2850	4.0	2.34120469127066	1141971	6341.20469127	-7.217180172463838
57552.84102152822	2850	4.0	4.787295511938004	1498470	8787.29551194	-17.735370701333416
57559.9037851822	2850	4.0	3.06276365398176	1561263	7062.76365398	-10.319883712121568
57565.893018626724	2850	4.0	1.989233444527381	1341201	5989.23344453	-5.703703811467738
57573.53746660384	2850	4.0	3.6444479771087783	1497683	7644.44797711	-12.821126301567746
57581.52268201969	2850	4.0	3.9852154158475632	1358081	7985.21541585	-14.28642628814452
57590.74389183988	2850	4.0	5.221209820185923	1587293	9221.20982019	-19.601202226799465
57607.4282792737	2850	4.0	12.684387433818992	1492672	16684.3874338	-51.69286596542166
57621.309541611874	2850	4.0	9.881262338172746	1439896	13881.2623382	-39.639428054142805
57633.45234366434	2850	4.0	8.142802052471527	1139291	12142.8020525	-32.16404882562757
57647.45363984333	2850	4.0	10.001296178989318	1499009	14001.296179	-40.15557356965406
57672.57579673723	2850	4.0	21.122156893891365	1427478	25122.1568939	-87.97527464373287
57683.00578953423	2850	4.0	6.429992797006238	1402287	10429.992797	-24.798969027126823
57694.271339252104	2850	4.0	7.265549717871243	1339500	11265.5497179	-28.391863786846343
57708.27519468153	2850	4.0	10.003855429427341	1527299	14003.8554294	-40.16657834653756
57724.129969655085	2850	4.0	11.85477497354927	1343002	15854.7749735	-48.12553238626186
57742.84039291832	2850	4.0	14.71042326323656	1587250	18710.4232632	-60.404820031917204
57756.70413169178	2850	4.0	9.863738773463561	1464921	13863.7387735	-39.56407672589331
57769.28598209827	2850	4.0	8.581850406487318	1483527	12581.8504065	-34.05195674789547
57782.112172114066	2850	4.0	8.826190015796362	1231456	12826.1900158	-35.102617067924356
57798.30365380983	2850	4.0	12.191481695762116	1364537	16191.4816958	-49.57337129177709

