31734.625028567454	750	4.0	4.277909780182569	450283	4277.90978018	-17.64501205478505
31746.78843521329	2850	4.0	8.163406645833225	1431809	12163.4066458	-34.35264857708287
31752.617791431247	2850	4.0	1.829356217958788	1300868	5829.35621796	-5.016231737222787
31759.617156990662	2850	4.0	2.9993655594155135	1520281	6999.36555942	-10.047271905486708
31765.911572768007	2850	4.0	2.294415777343638	1472558	6294.41577734	-7.015987842577644
31771.19805447231	2850	4.0	1.2864817043020813	1224260	5286.4817043	-2.6818713284989495
31776.530559538718	2850	4.0	1.332505066409997	1388403	5332.50506641	-2.8797717855629874
31783.07923940416	2850	4.0	2.5486798654432232	1638769	6548.67986544	-8.10932342140586
31788.32207179507	2850	4.0	1.2428323909122618	1348011	5242.83239091	-2.4941792809227255
31793.215142073663	2850	4.0	0.8930702785879266	1429765	4893.07027859	-0.9902021979280842
31796.980525811123	2850	4.234616262534848	0.0	1354548	3765.38373747	2.85
31802.06133969788	2850	4.0	0.8461976242195178	1519951	5080.81388675	-0.7886497841439266
31806.623771986855	2850	4.0	0.5624322889742444	1422919	4562.43228897	0.4315411574107495
31812.106002964952	2850	4.0	1.4822309780978922	1578343	5482.2309781	-3.523593205820936
31815.678103285285	2850	4.427899679663198	0.0	1231445	3572.10032034	2.85
31820.651225500504	2850	4.0	0.5452225355549208	1471065	4973.12221522	0.5055430971138404
31827.191113439545	2850	4.0	2.5398879390391422	1491626	6539.88793904	-8.071518137868312
31831.51533838485	2850	4.0	0.32422494530159385	1358801	4324.2249453	1.4558327352031466
31836.266025219396	2850	4.0	0.7506868345473922	1537156	4750.68683455	-0.37795338855378624
31841.288559914796	2850	4.0	1.0225346954005945	1336050	5022.5346954	-1.5468991902225562
31845.5818160181	2850	4.0	0.2932561033033362	1415116	4293.2561033	1.5889987557956546
31850.000728687082	2850	4.0	0.4189126689815148	1468126	4418.91266898	1.0486755233794864
31855.81601317133	2850	4.0	1.8152844842471032	1505760	5815.28448425	-4.955723282262543
31861.343218017028	2850	4.0	1.527204845696694	1323990	5527.2048457	-3.7169808364957837
31866.1315039956	2850	4.0	0.7882859785704223	1383735	4788.28597857	-0.5396297078528156
31871.820827915442	2850	4.0	1.6893239198446546	1480464	5689.32391984	-4.414092855332015
31878.20430129158	2850	4.0	2.383473376135771	1547572	6383.47337614	-7.398935517383816
31882.084084595936	2850	4.120216695639716	0.0	1141971	3879.78330436	2.85
31886.61636835773	2850	4.0	0.4120670661516142	1498470	4532.28376179	1.078111615548059
31892.264407852712	2850	4.0	1.6480394949849269	1561263	5648.03949498	-4.236569828435185
31895.995999501945	2850	4.268408350767767	0.0	1341201	3731.59164923	2.85
31901.15862963198	2850	4.0	0.8942217792712399	1497683	5162.63013004	-0.9951536508663312
31905.551476262186	2850	4.0	0.3928466302058505	1358081	4392.84663021	1.160759490114843
31909.985368368383	2850	4.0	0.4338921061971523	1587293	4433.8921062	0.9842639433522453
31913.953968861453	2850	4.0313995069287465	0.0	1492672	3968.60049307	2.85
31918.140306951296	2850	4.0	0.15493858291317975	1439896	4186.33808984	2.1837640934733273
31925.66376678571	2850	4.0	3.5234598344168835	1139291	7523.45983442	-12.300877287992598
31937.816070009085	2850	4.0	8.152303223376178	1499009	12152.3032234	-32.20490386051756
31943.676232166374	2850	4.0	1.8601621572863722	1427478	5860.16215729	-5.148697276331401
31950.524808204667	2850	4.0	2.848576038295221	1402287	6848.5760383	-9.398876964669451
31956.14981678859	2850	4.0	1.625008583925074	1339500	5625.00858393	-4.137536910877818
31962.589048549627	2850	4.0	2.4392317610356167	1527299	6439.23176104	-7.638696572453151
31967.58797446074	2850	4.0	0.9989259111129104	1343002	4998.92591111	-1.4453814177855144
31974.13103655038	2850	4.0	2.5430620896412464	1587250	6543.06208964	-8.08516698545736
31979.879709264776	2850	4.0	1.748672714398943	1464921	5748.6727144	-4.6692926719154535
31984.33087853954	2850	4.0	0.45116927476064667	1483527	4451.16927476	0.9099721185292196
31987.93346053235	2850	4.397418007191674	0.0	1231456	3602.58199281	2.85
31992.607453318775	2850	4.0	0.27657477923595525	1364537	4673.99278643	1.6607284492853926

