67942.63652256066	750	4.0	4.264022486880352	450283	4264.02248688	-17.585296693585512
67969.36659695207	2850	4.0	22.73007439140632	1431809	26730.0743914	-96.98931988304717
67984.607885605	2850	4.0	11.241288652944371	1300868	15241.2886529	-45.48754120766079
67998.98560472405	2850	4.0	10.377719119039192	1520281	14377.719119	-41.774192211868524
68018.8690340601	2850	4.0	15.883429336061807	1472558	19883.4293361	-65.44874614506577
68032.5318673503	2850	4.0	9.662833290208772	1224260	13662.8332902	-38.70018314789772
68045.27360419775	2850	4.0	8.741736847429143	1388403	12741.7368474	-34.73946844394531
68062.84884912774	2850	4.0	13.57524492999669	1638769	17575.24493	-55.523553198985766
68087.88451937142	2850	4.0	21.0356702436769	1348011	25035.6702437	-87.60338204781067
68105.11039810881	2850	4.0	13.225878737394181	1429765	17225.8787374	-54.021278570794976
68118.74223565057	2850	4.0	9.631837541763389	1354548	13631.8375418	-38.56690142958257
68136.37671272743	2850	4.0	13.634477076851582	1519951	17634.4770769	-55.77825143046179
68153.9087850885	2850	4.0	13.532072361068948	1422919	17532.0723611	-55.337911152596476
68168.41537942657	2850	4.0	10.506594338072022	1578343	14506.5943381	-42.32835565370969
68182.27546353583	2850	4.0	9.860084109266161	1231445	13860.0841093	-39.54836166984449
68205.59689399372	2850	4.0	19.321430457886464	1471065	23321.4304579	-80.2321509689118
68226.057948274	2850	4.0	16.46105428027844	1491626	20461.0542803	-67.93253340519729
68239.92557153277	2850	4.0	9.867623258762727	1358801	13867.6232588	-39.580780012679725
68257.65201767566	2850	4.0	13.726446142883942	1537156	17726.4461429	-56.173718414400945
68274.46744239582	2850	4.0	12.815424720175473	1336050	16815.4247202	-52.25632629675453
68287.5792885732	2850	4.0	9.111846177362308	1415116	13111.8461774	-36.33093856265792
68303.38669218143	2850	4.0	11.807403608252924	1468126	15807.4036083	-47.92183551548757
68326.3603212853	2850	4.0	18.973629103864074	1505760	22973.6291039	-78.73660514661552
68344.672711073	2850	4.0	14.312389787691766	1323990	18312.3897877	-58.69327608707459
68359.2384128335	2850	4.0	10.565701760504066	1383735	14565.7017605	-42.58251757016748
68377.05855629363	2850	4.0	13.820143460140622	1480464	17820.1434601	-56.576616878604675
68396.10124632451	2850	4.0	15.042690030872516	1547572	19042.6900309	-61.83356713275182
68406.83196039555	2850	4.0	6.730714071029932	1141971	10730.714071	-26.092070505428705
68422.47012701715	2850	4.0	11.63816662161046	1498470	15638.1666216	-47.19411647292497
68442.75606879377	2850	4.0	16.285941776610485	1561263	20285.9417766	-67.17954963942509
68463.02596337257	2850	4.0	16.26989457879741	1341201	20269.8945788	-67.11054668882886
68479.94662262576	2850	4.0	12.9206592532102	1497683	16920.6592532	-52.708834788803856
68497.17201176251	2850	4.0	13.225389136743438	1358081	17225.3891367	-54.01917328799678
68515.266414298	2850	4.0	14.09440253550222	1587293	18094.4025355	-57.75593090265954
68530.36434154875	2850	4.0	11.097927250725506	1492672	15097.9272507	-44.87108717811967
68545.53582563876	2850	4.0	11.171484090010871	1439896	15171.48409	-45.187381587046744
68556.8966504383	2850	4.0	7.360824799535598	1139291	11360.8247995	-28.801546638003067
68583.40345943636	2850	4.0	22.506808998066965	1499009	26506.8089981	-93.92927869168795
68599.20714899541	2850	4.0	11.80368955905161	1427478	15803.6895591	-47.905865103921926
68616.7335735679	2850	4.0	13.526424572488821	1402287	17526.4245725	-55.31362566170193
68632.70050676027	2850	4.0	11.966933192377663	1339500	15966.9331924	-48.60781272722395
68648.79450972905	2850	4.0	12.094002968783405	1527299	16094.0029688	-49.15421276576864
68662.83722430274	2850	4.0	10.042714573675902	1343002	14042.7145737	-40.33367266680637
68678.19739640746	2850	4.0	11.360172104709124	1587250	15360.1721047	-45.998740050249225
68704.74735947544	2850	4.0	22.54996306797715	1464921	26549.963068	-94.11484119230174
68721.0484663059	2850	4.0	12.301106830465992	1483527	16301.1068305	-50.044759371003764
68735.12830402823	2850	4.0	10.07983772232646	1231456	14079.8377223	-40.493302206003776
68753.01693788511	2850	4.0	13.888633856898602	1364537	17888.6338569	-56.871125584663986

