41683.260872288025	750	4.0	2.5585548523374078	450283	2558.55485234	-10.251785865050852
41692.43818201101	2850	4.0	5.177309722980143	1431809	9177.30972298	-21.51243180881461
41700.030864040054	2850	4.0	3.5926820290456427	1300868	7592.68202905	-12.598532724896263
41708.55761998362	2850	4.0	4.526755943567743	1520281	8526.75594357	-16.61505055734129
41720.827728283664	2850	4.0	8.270108300046175	1472558	12270.1083	-32.71146569019855
41734.44209827669	2850	4.0	9.614369993025749	1224260	13614.369993	-38.49179097001072
41749.42618633493	2850	4.0	10.984088058241907	1388403	14984.0880582	-44.3815786504402
41765.43631661003	2850	4.0	12.010130275098964	1638769	16010.1302751	-48.793560182925546
41779.576164436956	2850	4.0	10.13984782692515	1348011	14139.8478269	-40.751345655778145
41793.52166839211	2850	4.0	9.945503955149329	1429765	13945.5039551	-39.91566700714211
41808.42754668891	2850	4.0	10.905878296796404	1354548	14905.8782968	-44.04527667622453
41819.16992184422	2850	4.0	6.742375155317918	1519951	10742.3751553	-26.142213167867045
41830.50039005604	2850	4.0	7.330468211823943	1422919	11330.4682118	-28.67101331084295
41843.39024216079	2850	4.0	8.889852104742632	1578343	12889.8521047	-35.37636405039331
41857.46101346894	2850	4.0	10.070771308157427	1231445	14070.7713082	-40.454316625076935
41871.83164003495	2850	4.0	10.370626566007944	1471065	14370.626566	-41.743694233834155
41887.92430106505	2850	4.0	12.092661030096709	1491626	16092.6610301	-49.148442429415844
41905.87621978006	2850	4.0	13.951918715008636	1358801	17951.918715	-57.14325047453713
41917.9609475035	2850	4.0	8.084727723445551	1537156	12084.7277234	-31.914329210815872
41931.455935180275	2850	4.0	9.494987676779637	1336050	13494.9876768	-37.978447010152436
41941.18794663018	2850	4.0	5.732011449900089	1415116	9732.0114499	-21.79764923457038
41951.754192302695	2850	4.0	6.566245672517187	1468126	10566.2456725	-25.384856391823902
41963.781052519356	2850	4.0	8.02686021666248	1505760	12026.8602167	-31.665498931648656
41975.047102031	2850	4.0	7.266049511644618	1323990	11266.0495116	-28.394012900071854
41988.86684722399	2850	4.0	9.819745192990778	1383735	13819.745193	-39.37490432986034
41997.3451402287	2850	4.0	4.478293004712121	1480464	8478.29300471	-16.40665992026212
42006.65490708246	2850	4.0	5.30976685375702	1547572	9309.76685376	-19.981997471155186
42013.253949624814	2850	4.0	2.599042542349559	1141971	6599.04254235	-8.325882932103102
42022.16976301843	2850	4.0	4.915813393614411	1498470	8915.81339361	-18.287997592541966
42032.09189311471	2850	4.0	5.922130096275531	1561263	9922.13009628	-22.61515941398478
42043.561197964824	2850	4.0	7.469304850117323	1341201	11469.3048501	-29.268010855504485
42062.92284650576	2850	4.0	15.36164854093856	1497683	19361.6485409	-63.205088726035804
42075.93174893758	2850	4.0	9.008902431826304	1358081	13008.9024318	-35.8882804568531
42092.47765699093	2850	4.0	12.545908053349638	1587293	16545.9080533	-51.09740462940344
42107.64261774551	2850	4.0	11.164960754572826	1492672	15164.9607546	-45.15933124466315
42123.26881850734	2850	4.0	11.626200761842382	1439896	15626.2007618	-47.14266327592224
42131.679886041624	2850	4.0	4.4110675342798205	1139291	8411.06753428	-16.117590397403227
42142.32192091333	2850	4.0	6.6420348717018864	1499009	10642.0348717	-25.71074994831811
42154.48558773579	2850	4.0	8.163666822461893	1427478	12163.6668225	-32.25376733658614
42168.9248885121	2850	4.0	10.439300776303522	1402287	14439.3007763	-42.03899333810514
42182.488727320444	2850	4.0	9.563838808349981	1339500	13563.8388083	-38.27450687590492
42199.66137663046	2850	4.0	13.172649310007207	1527299	17172.64931	-53.792392033030985
42212.26863232718	2850	4.0	8.607255696718854	1343002	12607.2556967	-34.16119949589107
42230.8388260505	2850	4.0	14.570193723330307	1587250	18570.1937233	-59.801833010320316
42242.36289441773	2850	4.0	7.524068367231506	1464921	11524.0683672	-29.503493979095474
42255.39043015546	2850	4.0	9.027535737723824	1483527	13027.5357377	-35.96840367221244
42264.4402191394	2850	4.0	5.049788983944305	1231456	9049.78898394	-18.86409263096051
42274.554968734854	2850	4.0	6.114749595455571	1364537	10114.7495955	-23.443423260458953

