12473.797400854703	750	4.0	1.5823407749373364	450283	1582.3407749373364	-6.054065332230546
12475.385952857801	750	6.411447996900855	0.0	398865	1588.5520030991447	0.75
12477.043570199083	750	8.75383065561924	0.0	350812	1657.617341281615	0.75
12478.458202695305	750	11.339198159398642	0.0	382355	1414.632496220598	0.75
12482.316285860197	1850	11.481114994505464	0.0	996749	3858.083164893178	0.75
12485.414920872425	1850	12.382479982277061	0.0	801058	3098.635012228401	1.85
12489.335952801634	1850	12.461448053069642	0.0	905515	3921.031929207421	1.85
12493.328202016992	1850	12.46919883771127	0.0	1060487	3992.2492153583717	1.85
12497.118018884485	1850	12.679381970220536	0.0	852833	3789.816867490734	1.85
12500.39243861988	1850	13.404962234823863	0.0	913888	3274.419735396673	1.85
12504.772546967863	1850	13.024853886841731	0.0	939819	4380.108347982132	1.85
12508.825594414646	1850	12.971806440057732	0.0	917428	4053.0474467839986	1.85
12513.018104984667	1850	12.779295870037265	0.0	946851	4192.510570020466	1.85
12517.145229916894	1850	12.6521709378087	0.0	1036454	4127.124932228567	1.85
12520.965679419496	1850	12.831721435206248	0.0	821631	3820.449502602452	1.85
12524.781482440118	1850	13.015918414586402	0.0	923170	3815.803020619846	1.85
12531.362855147596	1850	10.434545707108546	0.0	966699	6581.372707477856	1.85
12535.863638676477	1850	9.933762178227848	0.0	885714	4500.783528880698	1.85
12538.698459220528	1200	11.098941634177757	0.0	639204	2834.8205440500906	0.5499999999999999
12542.092573766306	1200	11.70482708840003	0.0	586839	3394.114545777728	1.2
12546.479494789291	1200	11.317906065415027	0.0	601738	4386.921022985004	1.2
12551.941383493564	1200	9.856017361143659	0.0	616206	5461.888704271368	1.2
12558.227111243632	1200	7.570289611074358	0.0	656471	6285.727750069301	1.2
12562.495871759811	1200	7.301529094895061	0.0	536667	4268.760516179296	1.2
12565.431262533675	750	8.36613832102987	0.0	359903	2935.3907738651906	0.3
12568.565862246482	750	9.231538608224152	0.0	379700	3134.599712805718	0.75
12571.519894350853	750	10.277506503853848	0.0	425781	2954.0321043703043	0.75
12574.398518843982	750	11.398882010723774	0.0	277716	2878.6244931300757	0.75
12582.382965195504	750	7.414435659202227	0.0	400396	7984.446351521547	0.75
12585.191864380839	300	8.605536473866765	0.0	149029	2808.899185335462	-0.15000000000000002
12587.274775320302	300	10.522625534402884	0.0	157421	2082.91093946388	0.3
12588.955262049898	300	12.842138804806527	0.0	157488	1680.4867295963586	0.3
12590.474093667599	300	15.323307187105794	0.0	143881	1518.8316177007332	0.3
12592.127776080442	300	17.669624774262196	0.0	163444	1653.6824128435976	0.3
12593.947314906518	300	19.850085948188	0.0	179328	1819.5388260741975	0.3
12599.183059202614	750	18.614341652090207	0.0	365161	5235.744296097792	0.3
12601.685422072533	750	20.11197878217268	0.0	321064	2502.362869917524	0.75
12604.074165635433	750	21.72323521927236	0.0	361565	2388.743562900324	0.75
12606.122326272714	750	23.675074581990053	0.0	378327	2048.1606372823085	0.75
12609.653920278166	1200	24.14348057653928	0.0	587506	3531.594005450775	0.75
12614.352949578246	1200	23.44445127645905	0.0	566904	4699.0293000802285	1.2
12619.220004624347	1200	22.577396230358044	0.0	641452	4867.055046101003	1.2
12622.684366368436	1200	23.11303448626878	0.0	599477	3464.361744089264	1.2
12626.153779951459	1200	23.643620903245537	0.0	634861	3469.4135830232462	1.2
12632.434424225694	1850	21.362976629010856	0.0	958994	6280.64427423468	1.2000000000000002
12638.549475761552	1850	19.247925093151938	0.0	982064	6115.051535858917	1.85
12646.03371298917	2850	15.763687865535207	0.0	1231456	7484.237227616732	1.85
12663.298489516521	4300	4.0	1.5010886618151909	2155012	17264.776527350397	-3.6046812458053203

