39074.79327863706	750	4.0	4.39150033291431	450283	4391.50033291	-18.133451431531533
39084.90844748498	2850	4.0	6.1151688479195725	1431809	10115.1688479	-25.54522604605416
39093.70108075996	2850	4.0	4.792633274976478	1300868	8792.63327498	-17.758323082398856
39102.92779728607	2850	4.0	5.226716526115854	1520281	9226.71652612	-19.62488106229817
39112.25795811974	2850	4.0	5.330160833674364	1472558	9330.16083367	-20.069691584799763
39120.596997257184	2850	4.0	4.339039137440299	1224260	8339.03913744	-15.807868290993285
39131.22117403916	2850	4.0	6.6241767819756765	1388403	10624.176782	-25.633960162495406
39142.821321276824	2850	4.0	7.600147237665811	1638769	11600.1472377	-29.830633121962983
39154.78254802303	2850	4.0	7.961226746211616	1348011	11961.2267462	-31.383275008709944
39179.4913291408	2850	4.0	20.708781117777363	1429765	24708.7811178	-86.19775880644266
39191.29889908632	2850	4.0	7.807569945521155	1354548	11807.5699455	-30.722550765740962
39205.797236915365	2850	4.0	10.49833782903865	1519951	14498.337829	-42.292852664866196
39220.82346032264	2850	4.0	11.026223407278147	1422919	15026.2234073	-44.56276065129603
39233.045945969054	2850	4.0	8.222485646411695	1578343	12222.4856464	-32.506688279570284
39242.9650619423	2850	4.0	5.919115973244343	1231445	9919.11597324	-22.60219868495067
39252.52532642952	2850	4.0	5.560264487223032	1471065	9560.26448722	-21.059137295059035
39264.53900575827	2850	4.0	8.013679328754385	1491626	12013.6793288	-31.608821113643856
39273.678311830634	2850	4.0	5.139306072362377	1358801	9139.30607236	-19.24901611115822
39283.88840006793	2850	4.0	6.210088237302138	1537156	10210.0882373	-23.85337942039919
39292.95859226093	2850	4.0	5.0701921930031535	1336050	9070.192193	-18.951826429913556
39303.9735047733	2850	4.0	7.014912512362831	1415116	11014.9125124	-27.31412380316017
39314.06555218658	2850	4.0	6.092047413285674	1468126	10092.0474133	-23.345803877128397
39327.00314962912	2850	4.0	8.937597442534075	1505760	12937.5974425	-35.58166900289652
39348.91406578051	2850	4.0	17.91091615140044	1323990	21910.9161514	-74.16693945102189
39365.90400853432	2850	4.0	12.98994275380643	1383735	16989.9427538	-53.00675384136765
39381.95673455861	2850	4.0	12.052726024293607	1480464	16052.7260243	-48.97672190446251
39394.64034144288	2850	4.0	8.683606884264963	1547572	12683.6068843	-34.48950960233934
39401.890429066276	2850	4.0	3.2500876234061415	1141971	7250.08762341	-11.125376780646409
39412.14663371484	2850	4.0	6.256204648562613	1498470	10256.2046486	-24.05167998881923
39421.42124700855	2850	4.0	5.27461329370935	1561263	9274.61329371	-19.8308371629502
39430.115435348926	2850	4.0	4.69418834037827	1341201	8694.18834038	-17.33500986362656
39440.94943398853	2850	4.0	6.833998639596597	1497683	10833.9986396	-26.536194150265366
39451.68512037589	2850	4.0	6.735686387365524	1358081	10735.6863874	-26.11345146567175
39462.50887299145	2850	4.0	6.823752615554817	1587293	10823.7526156	-26.49213624688571
39485.59550613432	2850	4.0	19.086633142862862	1492672	23086.6331429	-79.22252251431031
39501.10663724797	2850	4.0	11.511131113653256	1439896	15511.1311137	-46.647863788708996
39511.4773817408	2850	4.0	6.370744492828866	1139291	10370.7444928	-24.54420131916412
39529.28577578867	2850	4.0	13.80839404786447	1499009	17808.3940479	-56.52609440581722
39539.79338978905	2850	4.0	6.507614000378717	1427478	10507.6140004	-25.13274020162848
39552.44626303144	2850	4.0	8.652873242392028	1402287	12652.8732424	-34.35735494228572
39560.743595949956	2850	4.0	4.297332918516064	1339500	8297.33291852	-15.628531549619074
39572.9327325509	2850	4.0	8.189136600939205	1527299	12189.1366009	-32.36328738403858
39582.90287962485	2850	4.0	5.970147073953485	1343002	9970.14707395	-22.821632417999982
39592.40614025982	2850	4.0	5.503260634975548	1587250	9503.26063498	-20.81402073039485
39602.18775762548	2850	4.0	5.78161736565359	1464921	9781.61736565	-22.010954672310433
39613.897472647775	2850	4.0	7.709715022302492	1483527	11709.7150223	-30.301774595900717
39622.56703320488	2850	4.0	4.669560557103974	1231456	8669.5605571	-17.229110395547085
39632.27615204083	2850	4.0	5.709118835950414	1364537	9709.11883595	-21.699210994586778

