71542.96833301983	750	4.0	1.7227784527213061	450283	1722.77845272	-6.657947346701616
71548.82327891549	2850	4.0	1.854945895642426	1431809	5854.94589564	-7.226267351262431
71553.9110360339	2850	4.0	1.0877571184224608	1300868	5087.75711842	-1.8273556092165815
71562.39541684899	2850	4.0	4.484380815088736	1520281	8484.38081509	-16.43283750488156
71569.94758394895	2850	4.0	3.5521670999508435	1472558	7552.16709995	-12.424318529788627
71577.58097452747	2850	4.0	3.6333905785345504	1224260	7633.39057853	-12.773579487698566
71586.6722503714	2850	4.0	5.091275843925054	1388403	9091.27584393	-19.04248612887773
71598.80433614677	2850	4.0	8.132085775382123	1638769	12132.0857754	-32.11796883414313
71610.40483033094	2850	4.0	7.60049418416298	1348011	11600.4941842	-29.832124991900812
71633.95693568687	2850	4.0	19.5521053559405	1429765	23552.1053559	-81.22405303054416
71644.94820666638	2850	4.0	6.991270979506184	1354548	10991.2709795	-27.212465211876587
71654.05199028924	2850	4.0	5.103783622854016	1519951	9103.78362285	-19.096269578272267
71664.87607543624	2850	4.0	6.824085147009133	1422919	10824.085147	-26.493566132139268
71672.48795037023	2850	4.0	3.611874933968061	1578343	7611.87493397	-12.681062216062662
71677.77773219185	2850	4.0	1.2897818216426422	1231445	5289.78182164	-2.6960618330633612
71684.00139814787	2850	4.0	2.2236659560063683	1471065	6223.66595601	-6.711763610827383
71693.61364721693	2850	4.0	5.612249069071515	1491626	9612.24906907	-21.28267099700751
71703.47546163226	2850	4.0	5.861814415329216	1358801	9861.81441533	-22.355801985915626
71736.58371726159	2850	4.0	29.108255629319647	1537156	33108.2556293	-122.31549920607448
71749.00511423135	2850	4.0	8.421396969759163	1336050	12421.3969698	-33.3620069699644
71764.1883052083	2850	4.0	11.183190976942239	1415116	15183.1909769	-45.237721200851624
71774.84260572036	2850	4.0	6.654300512057187	1468126	10654.3005121	-25.763492201845903
71782.34121227909	2850	4.0	3.498606558734008	1505760	7498.60655873	-12.194008202556235
71788.4722642433	2850	4.0	2.131051964208519	1323990	6131.05196421	-6.313523446096632
71795.08486926397	2850	4.0	2.6126050206734126	1383735	6612.60502067	-8.384201588895674
71801.7794211313	2850	4.0	2.694551867327437	1480464	6694.55186733	-8.73657302950798
71818.31838585531	2850	4.0	12.538964724006215	1547572	16538.964724	-51.06754831322672
71828.26209913373	2850	4.0	5.943713278427338	1141971	9943.71327843	-22.70796709723755
71835.34974172767	2850	4.0	3.087642593936667	1498470	7087.64259394	-10.426863153927668
71845.35522108006	2850	4.0	6.005479352391909	1561263	10005.4793524	-22.973561215285205
71851.04324915606	2850	4.0	1.688028076003212	1341201	5688.028076	-4.408520726813812
71856.84161104397	2850	4.0	1.7983618879199057	1497683	5798.36188792	-4.882956118055594
71862.65452304747	2850	4.0	1.8129120034977022	1358081	5812.9120035	-4.94552161504012
71868.9528787855	2850	4.0	2.298355738007697	1587293	6298.35573801	-7.032929673433097
71875.17868865898	2850	4.0	2.225809873488286	1492672	6225.80987349	-6.72098245599963
71883.79504820029	2850	4.0	4.6163595413092775	1439896	8616.35954131	-17.00034602762989
71889.49177564526	2850	4.0	1.6967274449599008	1139291	5696.72744496	-4.445928013327572
71898.6759424134	2850	4.0	5.184166768148059	1499009	9184.16676815	-19.44191710303665
71908.44309537465	2850	4.0	5.767152961241202	1427478	9767.15296124	-21.948757733337164
71919.25477214629	2850	4.0	6.81167677164718	1402287	10811.6767716	-26.440210118082874
71931.53867458449	2850	4.0	8.283902438210161	1339500	12283.9024382	-32.77078048430369
71956.93261048065	2850	4.0	21.393935896165463	1527299	25393.9358962	-89.1439243535115
71965.69434989328	2850	4.0	4.761739412638339	1343002	8761.73941264	-17.625479474344857
71975.84394285547	2850	4.0	6.149592962186985	1587250	10149.5929622	-23.593249737404033
71986.09622610705	2850	4.0	6.252283251569275	1464921	10252.2832516	-24.03481798174788
71992.68368394427	2850	4.0	2.587457837229034	1483527	6587.45783723	-8.276068700084847
71997.72367535325	2850	4.0	1.0399914089704734	1231456	5039.99140897	-1.621963058573035
72003.72226030294	2850	4.0	1.998584949679962	1364537	5998.58494968	-5.743915283623837

